# Author: SW4
# Scenario: test
# Date: UTC  04/21/2017:19:1:49.000
# Bandwith (Hz): 1.234000e+00
# Station: sta01
# Target location (WGS84 longitude, latitude) (deg): 1.181780e+02 3.714014e+01
# Actual location (WGS84 longitude, latitude) (deg): 1.181785e+02 3.713991e+01
# Distance from target to actual location (m): 4.506939e+01
# nColumns: 4
# Column 1: Time (s)
# Column 2: X displacement (m)
# Column 3: Y displacement (m)
# Column 4: Z displacement (m)
0.000000e+00  0.00000000000000000e+00  0.00000000000000000e+00  0.00000000000000000e+00
1.280000e-02  0.00000000000000000e+00  0.00000000000000000e+00  0.00000000000000000e+00
2.560000e-02  0.00000000000000000e+00  0.00000000000000000e+00  0.00000000000000000e+00
3.840000e-02  0.00000000000000000e+00  0.00000000000000000e+00  0.00000000000000000e+00
5.120000e-02  0.00000000000000000e+00  0.00000000000000000e+00  0.00000000000000000e+00
6.400000e-02  0.00000000000000000e+00  0.00000000000000000e+00  0.00000000000000000e+00
7.680000e-02  0.00000000000000000e+00  0.00000000000000000e+00  0.00000000000000000e+00
8.960000e-02  0.00000000000000000e+00  0.00000000000000000e+00  0.00000000000000000e+00
1.024000e-01  0.00000000000000000e+00  0.00000000000000000e+00  0.00000000000000000e+00
1.152000e-01  0.00000000000000000e+00  0.00000000000000000e+00  0.00000000000000000e+00
1.280000e-01  0.00000000000000000e+00  0.00000000000000000e+00  0.00000000000000000e+00
1.408000e-01  3.11859241546954267e-30 -5.45174684208368679e-30  4.10706231891091527e-30
1.536000e-01 -6.33851540789166399e-28  7.61273618033879887e-29  1.35841618040317672e-27
1.664000e-01  1.09596366899049309e-26  2.72183939808083385e-26 -6.81093218655430799e-26
1.792000e-01  5.56002885045618132e-26 -3.84224555592291642e-25  1.75913866334701225e-25
1.920000e-01 -1.05271247799590179e-24 -1.71160547780411263e-24  2.75612012549587117e-24
2.048000e-01 -2.23144863705097194e-24  4.48847656860960960e-23  4.91476711829247691e-23
2.176000e-01  4.25796143254145394e-23 -1.46451537448528385e-22 -5.33249325706553367e-22
2.304000e-01  8.15378977346452262e-23 -5.88263972719435367e-22 -2.11743689307776178e-22
2.432000e-01 -4.71891159590182186e-22  3.91944993279012871e-21  1.37186408574586161e-20
2.560000e-01 -8.43349370272099101e-21 -3.70588390716265414e-21 -1.49718010076602786e-20
2.688000e-01  1.33721924774729213e-20 -3.78757702763697350e-20 -1.63707995702590122e-19
2.816000e-01  2.24705147461323653e-19  2.03049277730394578e-19  2.32985100062224068e-19
2.944000e-01 -2.29326666377142600e-19  1.89869278550603657e-19  1.05585522850023600e-18
3.072000e-01 -3.39340300713003076e-18 -3.31930048807860446e-18 -1.69102894615818035e-18
3.200000e-01  1.17206464309724016e-18 -1.82862237369236068e-18 -4.78115561583052805e-19
3.328000e-01  3.32206904209168637e-17  3.21318160094383435e-17  1.48210370135226078e-17
3.456000e-01  1.10203014764668477e-17  3.15673981034187817e-17 -6.02632171881317096e-17
3.584000e-01 -2.10565084254239359e-16 -1.83109869088414850e-16 -2.31583980755207193e-16
3.712000e-01 -1.67786640221696710e-16 -2.62227415001567363e-16  4.29197099721184343e-16
3.840000e-01  9.21513684887821599e-16  6.15198941805067689e-16  2.37069699746235851e-15
3.968000e-01  7.47126247514398545e-16  7.32667063696829363e-16  5.30985587305843169e-16
4.096000e-01 -4.37492991801227906e-15 -3.01310468584898506e-15 -1.08653731298554605e-14
4.224000e-01 -3.19855488436922661e-15 -1.05070177203076066e-15 -1.68739632614880926e-14
4.352000e-01  2.58377727973013799e-14  2.49685985107195529e-14  7.99659510221065480e-15
4.480000e-01  4.38911674811577205e-14  4.06424391435356781e-14  3.54546411224710788e-14
4.608000e-01 -6.97608011224587517e-14 -6.48387982878118433e-14  2.18335198779198975e-14
4.736000e-01 -2.94620510219674192e-13 -3.01672804600921967e-13  1.12705282554916187e-13
4.864000e-01 -2.38394251477244041e-13 -3.57066017979467664e-13  5.00315102082548191e-13
4.992000e-01  4.91320528073368433e-13  2.54138799197542646e-13  6.16405772211251826e-13
5.120000e-01  1.48392515892551544e-12  1.60987918806959295e-12 -9.35054520635610635e-13
5.248000e-01  1.46296745074593750e-12  2.64528777622265600e-12 -4.15884346872931550e-12
5.376000e-01 -5.21869510736214249e-13  9.59448550392808895e-13 -5.83261027336766597e-12
5.504000e-01 -3.28093321317063352e-12 -4.29507869299148524e-12 -3.70449822431565143e-12
5.632000e-01 -2.38120089201410201e-12 -5.86433653811391832e-12 -5.72832067180710218e-12
5.760000e-01  5.98385364866296986e-12  9.77962785450581514e-12 -2.96283664372492735e-11
5.888000e-01  1.27569978553179606e-11  3.68187415461893025e-11 -6.98026637178668204e-11
6.016000e-01 -1.04925865474443022e-11  2.28088182912044169e-11 -2.57500999738875700e-11
6.144000e-01 -8.57292395854767099e-11 -1.00749572891039421e-10  3.42540091648072715e-10
6.272000e-01 -1.82193410695110510e-10 -3.29736123069535033e-10  1.27198130486792522e-09
6.400000e-01 -2.12699077233603124e-10 -5.47264086883306341e-10  2.56970251588925479e-09
6.528000e-01 -8.59283884657181242e-11 -5.85846112520321966e-10  3.17905642142942823e-09
6.656000e-01  2.70911175888045297e-10 -2.64892131812844718e-10  1.37872428032395206e-09
6.784000e-01  9.28343565950611036e-10  6.56498747155243954e-10 -4.09617635691123783e-09
6.912000e-01  1.83702878144399695e-09  2.35375453416838208e-09 -1.28339524799305923e-08
7.040000e-01  2.56530081493144517e-09  4.50495594246983623e-09 -2.28698012652725063e-08
7.168000e-01  2.34180173223045486e-09  6.14893998456348469e-09 -3.25307681359153178e-08
7.296000e-01  7.22891923259291424e-10  6.51438735315749550e-09 -4.24895335179205045e-08
7.424000e-01 -1.77902985283024268e-09  6.15585232348071935e-09 -5.61026099530718511e-08
7.552000e-01 -4.15658120870586181e-09  6.74795239047029369e-09 -7.78772132336672551e-08
7.680000e-01 -6.17084663003231270e-09  9.40323311255246389e-09 -1.11795551202986023e-07
7.808000e-01 -8.75006970335984187e-09  1.37375172971432460e-08 -1.61130130695667401e-07
7.936000e-01 -1.28895929151942913e-08  1.92122210196411137e-08 -2.29850481191530542e-07
8.064000e-01 -1.87451238466172787e-08  2.68745499276780171e-08 -3.24667058320550808e-07
8.192000e-01 -2.65050332739076865e-08  3.87297618119160299e-08 -4.56729260369018536e-07
8.320000e-01 -3.78242976894328064e-08  5.56225445294236712e-08 -6.42325514722533915e-07
8.448000e-01 -5.55105467198437975e-08  7.72137344697965079e-08 -9.02630829251518777e-07
8.576000e-01 -8.19219154791613303e-08  1.04633484835094365e-07 -1.26383949436611325e-06
8.704000e-01 -1.18926447375602291e-07  1.41969208038597815e-07 -1.75959196194952268e-06
8.832000e-01 -1.70136587045469252e-07  1.94197518281586179e-07 -2.43592684675407449e-06
8.960000e-01 -2.42594121165812282e-07  2.64742468204981371e-07 -3.35655158731029359e-06
9.088000e-01 -3.45953580337650005e-07  3.56738152146590721e-07 -4.60653162578940899e-06
9.216000e-01 -4.91372323687609218e-07  4.76502879382087589e-07 -6.29581843841182922e-06
9.344000e-01 -6.93125796697074721e-07  6.34329807193877720e-07 -8.56606468012053344e-06
9.472000e-01 -9.72063642303193763e-07  8.41911624860610000e-07 -1.16019284129223630e-05
9.600000e-01 -1.35771045703841471e-06  1.11092174163448635e-06 -1.56446162998374624e-05
9.728000e-01 -1.88878057444688682e-06  1.45533528487826025e-06 -2.10056982168966189e-05
9.856000e-01 -2.61519978356245415e-06  1.89430189899476366e-06 -2.80828214812913973e-05
9.984000e-01 -3.60313841413917395e-06  2.45189976025394361e-06 -3.73807728640938473e-05
1.011200e+00 -4.94102929771938050e-06  3.15516745092470308e-06 -4.95391682561746463e-05
1.024000e+00 -6.74496556203612513e-06  4.03405358993495173e-06 -6.53654537997099629e-05
1.036800e+00 -9.16521981893729493e-06  5.12323623035109924e-06 -8.58725141921007839e-05
1.049600e+00 -1.23961696273504599e-05  6.46264751166499863e-06 -1.12322609006548655e-04
1.062400e+00 -1.66891323797190529e-05  8.09571548837287376e-06 -1.46280012416168776e-04
1.075200e+00 -2.23666610088745883e-05  1.00674312820713373e-05 -1.89673284807696454e-04
1.088000e+00 -2.98393463058873310e-05  1.24231283530819923e-05 -2.44867143608179343e-04
1.100800e+00 -3.96275992777371606e-05  1.52059428913990637e-05 -3.14744466432621741e-04
1.113600e+00 -5.23887985354666330e-05  1.84514977930261397e-05 -4.02799471163381277e-04
1.126400e+00 -6.89484708306952913e-05  2.21810316767841814e-05 -5.13242535145632360e-04
1.139200e+00 -9.03360336152349958e-05  2.63938850493698511e-05 -6.51116454855447339e-04
1.152000e+00 -1.17827884520497816e-04  3.10573236970932768e-05 -8.22424057765323326e-04
1.164800e+00 -1.52999343235250541e-04  3.60912315882634831e-05 -1.03426707933074679e-03
1.177600e+00 -1.97784373263624411e-04  4.13480793697205105e-05 -1.29499517843793604e-03
1.190400e+00 -2.54542567012018301e-04  4.65898384941705848e-05 -1.61436256533320087e-03
1.203200e+00 -3.26135433849695394e-04  5.14608801248397265e-05 -2.00368905507687179e-03
1.216000e+00 -4.16013961615076266e-04  5.54535473925092356e-05 -2.47602218576344936e-03
1.228800e+00 -5.28316725528517827e-04  5.78646649132185805e-05 -3.04629635304838609e-03
1.241600e+00 -6.67976976647107834e-04  5.77440914885417195e-05 -3.73148356854500866e-03
1.254400e+00 -8.40839119166267475e-04  5.38362455487345683e-05 -4.55072907550459812e-03
1.267200e+00 -1.05378555144349526e-03  4.45131676625460770e-05 -5.52546390165664647e-03
1.280000e+00 -1.31487214020826722e-03  2.76970800709931667e-05 -6.67948537432429094e-03
1.292800e+00 -1.63346853558431031e-03  7.72238826177200154e-07 -8.03899589629182912e-03
1.305600e+00 -2.02040094539943137e-03 -3.95126750112649794e-05 -9.63259011549308548e-03
1.318400e+00 -2.48809646975778863e-03 -9.71505995716950030e-05 -1.14911804830089247e-02
1.331200e+00 -3.05072574526950692e-03 -1.76989805771778953e-04 -1.36478504920240374e-02
1.344000e+00 -3.72433691991903197e-03 -2.84853751149916035e-04 -1.61376243304224148e-02
1.356800e+00 -4.52697379570983927e-03 -4.27664733293340563e-04 -1.89971426678004277e-02
1.369600e+00 -5.47877350892062454e-03 -6.13568664662537781e-04 -2.22642368546801944e-02
1.382400e+00 -6.60203911812637118e-03 -8.52057446933931410e-04 -2.59773963464067677e-02
1.395200e+00 -7.92127891115013485e-03 -1.15408386361989693e-03 -3.01751258229146883e-02
1.408000e+00 -9.46320192091076873e-03 -1.53216304292848760e-03 -3.48951905397794498e-02
1.420800e+00 -1.12566608783399198e-02 -2.00045488732436159e-03 -4.01737525086308805e-02
1.433600e+00 -1.33325363041447431e-02 -2.57482185176428381e-03 -4.60444057475485197e-02
1.446400e+00 -1.57235550045223584e-02 -3.27285503978221081e-03 -5.25371242745425321e-02
1.459200e+00 -1.84640346095776356e-02 -4.11386021327497711e-03 -5.96771410296696378e-02
1.472000e+00 -2.15895466806753679e-02 -5.11879565262101256e-03 -6.74837804355490206e-02
1.484800e+00 -2.51364940350882055e-02 -6.31015513223810286e-03 -7.59692726160949572e-02
1.497600e+00 -2.91416002755206724e-02 -7.71178986946825188e-03 -8.51375828282008446e-02
1.510400e+00 -3.36413106667534448e-02 -9.34866332219908176e-03 -9.49832944122965261e-02
1.523200e+00 -3.86711058025011670e-02 -1.12465336922004354e-02 -1.05490587144364864e-01
1.536000e+00 -4.42647334672396781e-02 -1.34315611730625173e-02 -1.16632355184302899e-01
1.548800e+00 -5.04533675790514793e-02 -1.59298391626227463e-02 -1.28369509500373374e-01
1.561600e+00 -5.72647052983566648e-02 -1.87668505047568039e-02 -1.40650508491018733e-01
1.574400e+00 -6.47220162176714991e-02 -2.19668523067362807e-02 -1.53411157885233046e-01
1.587200e+00 -7.28431619528862040e-02 -2.55521962228842797e-02 -1.66574717088660396e-01
1.600000e+00 -8.16396083228099340e-02 -2.95425941388563346e-02 -1.80052343228034345e-01
1.612800e+00 -9.11154537494231476e-02 -3.39543413440899153e-02 -1.93743895334154259e-01
1.625600e+00 -1.01266497866695754e-01 -3.87995115083903039e-02 -2.07539109718919590e-01
1.638400e+00 -1.12079375673484111e-01 -4.40851407725486311e-02 -2.21319145037140785e-01
1.651200e+00 -1.23530784071644778e-01 -4.98124210040517545e-02 -2.34958482653312678e-01
1.664000e+00 -1.35586826810895650e-01 -5.59759234964988528e-02 -2.48327154441661396e-01
1.676800e+00 -1.48202500484482719e-01 -6.25628744235419559e-02 -2.61293255686339709e-01
1.689600e+00 -1.61321340353334203e-01 -6.95525032494496431e-02 -2.73725686099399124e-01
1.702400e+00 -1.74875241250755376e-01 -7.69154849571469790e-02 -2.85497048564636313e-01
1.715200e+00 -1.88784464128133544e-01 -8.46134953873330237e-02 -2.96486623893696233e-01
1.728000e+00 -2.02957831953871209e-01 -9.25988959764974945e-02 -3.06583330765828721e-01
1.740800e+00 -2.17293110972433534e-01 -1.00814560485906646e-01 -3.15688573392589045e-01
1.753600e+00 -2.31677566293035569e-01 -1.09193852274980366e-01 -3.23718876119637067e-01
1.766400e+00 -2.45988674038745553e-01 -1.17660755882907683e-01 -3.30608204854989096e-01
1.779200e+00 -2.60094964940287443e-01 -1.26130161149631131e-01 -3.36309879949755919e-01
1.792000e+00 -2.73856967144179564e-01 -1.34508292719278860e-01 -3.40797993694063328e-01
1.804800e+00 -2.87128210936307249e-01 -1.42693273145114125e-01 -3.44068257849408365e-01
1.817600e+00 -2.99756255404941718e-01 -1.50575803573723688e-01 -3.46138222578046550e-01
1.830400e+00 -3.11583695729330312e-01 -1.58039941811288914e-01 -3.47046827354413556e-01
1.843200e+00 -3.22449109689177615e-01 -1.64963954281060921e-01 -3.46853266202987398e-01
1.856000e+00 -3.32187904597120720e-01 -1.71221217064138231e-01 -3.45635173033873755e-01
1.868800e+00 -3.40633032111676948e-01 -1.76681141875036696e-01 -3.43486157051621721e-01
1.881600e+00 -3.47615547555653048e-01 -1.81210104747030226e-01 -3.40512742277535085e-01
1.894400e+00 -3.52965001345135698e-01 -1.84672358302213124e-01 -3.36830788239573242e-01
1.907200e+00 -3.56509662844971820e-01 -1.86930913321865594e-01 -3.32561489980463254e-01
1.920000e+00 -3.58076591802566957e-01 -1.87848382093042193e-01 -3.27827073888287301e-01
1.932800e+00 -3.57491589137819366e-01 -1.87287784190279333e-01 -3.22746320618633342e-01
1.945600e+00 -3.54579076128325121e-01 -1.85113324332745882e-01 -3.17430056725004961e-01
1.958400e+00 -3.49161967739869739e-01 -1.81191161250467803e-01 -3.11976762052399548e-01
1.971200e+00 -3.41061621196254605e-01 -1.75390195593128323e-01 -3.06468440541039056e-01
1.984000e+00 -3.30097954088985290e-01 -1.67582913251047211e-01 -3.00966898040306463e-01
1.996800e+00 -3.16089836404512714e-01 -1.57646327483436960e-01 -2.95510561894897605e-01
2.009600e+00 -2.98855866818357796e-01 -1.45463068416774088e-01 -2.90111963282702612e-01
2.022400e+00 -2.78215644662170580e-01 -1.30922671114077349e-01 -2.84755985124093558e-01
2.035200e+00 -2.53991644224363822e-01 -1.13923112753111191e-01 -2.79398956959457156e-01
2.048000e+00 -2.26011786610414489e-01 -9.43726449424378416e-02 -2.73968654349787344e-01
2.060800e+00 -1.94112785968795665e-01 -7.21919587824801368e-02 -2.68365234502724426e-01
2.073600e+00 -1.58144321876464211e-01 -4.73167080901735690e-02 -2.62463112513138253e-01
2.086400e+00 -1.17974058500904991e-01 -1.97004002216129778e-02 -2.56113754808532934e-01
2.099200e+00 -7.34934940286147559e-02  1.06823558539993878e-02 -2.49149339166834183e-01
2.112000e+00 -2.46245814303443292e-02  4.38322776399748745e-02 -2.41387204807389955e-01
2.124800e+00  2.86729845118109186e-02  7.97215721119269166e-02 -2.32634992046681782e-01
2.137600e+00  8.63939668517377801e-02  1.18289918933211877e-01 -2.22696349297595214e-01
2.150400e+00  1.48479473471529289e-01  1.59440385897344578e-01 -2.11377066311798534e-01
2.163200e+00  2.14808777874441664e-01  2.03035414248304930e-01 -1.98491477134426830e-01
2.176000e+00  2.85191361766020501e-01  2.48893034613778180e-01 -1.83868964766657650e-01
2.188800e+00  3.59359501953276539e-01  2.96783493282986865e-01 -1.67360392213876608e-01
2.201600e+00  4.36961749090813034e-01  3.46426482029354776e-01 -1.48844281378004983e-01
2.214400e+00  5.17557659253351288e-01  3.97489171275898057e-01 -1.28232562172015480e-01
2.227200e+00  6.00614139551131521e-01  4.49585244975190201e-01 -1.05475719631512588e-01
2.240000e+00  6.85503754476446625e-01  5.02275125305709169e-01 -8.05671769764935708e-02
2.252800e+00  7.71505309205826051e-01  5.55067555675165081e-01 -5.35467673717672510e-02
2.265600e+00  8.57806979348775256e-01  6.07422681359827576e-01 -2.45031660536673898e-02
2.278400e+00  9.43512194201738597e-01  6.58756728639990685e-01  6.42482281063981933e-03
2.291200e+00  1.02764840367692378e+00  7.08448336386841460e-01  3.90482037951523919e-02
2.304000e+00  1.10917876957224704e+00  7.55846540089426866e-01  7.31290018612838350e-02
2.316800e+00  1.18701672228419719e+00  8.00280348887829840e-01  1.08382764758733374e-01
2.329600e+00  1.26004321771224004e+00  8.41069793165550972e-01  1.44482338414380768e-01
2.342400e+00  1.32712641989645586e+00  8.77538256097838087e-01  1.81062862134330094e-01
2.355200e+00  1.38714342741579610e+00  9.09025840279811037e-01  2.17727895019169115e-01
2.368000e+00  1.43900356061112533e+00  9.34903463170530191e-01  2.54056550354652133e-01
2.380800e+00  1.48167263692678808e+00  9.54587325104540696e-01  2.89611482020978972e-01
2.393600e+00  1.51419758727669662e+00  9.67553353394335569e-01  3.23947537593716917e-01
2.406400e+00  1.53573071127241456e+00  9.73351198147313301e-01  3.56620868033824312e-01
2.419200e+00  1.54555283711873725e+00  9.71617342183020871e-01  3.87198264527681357e-01
2.432000e+00  1.54309464595700407e+00  9.62086890226378944e-01  4.15266479908321495e-01
2.444800e+00  1.52795544200231959e+00  9.44603621796165305e-01  4.40441286076056593e-01
2.457600e+00  1.49991869909861086e+00  9.19127927892120833e-01  4.62376020665165532e-01
2.470400e+00  1.45896379039456914e+00  8.85742303270694920e-01  4.80769386043634284e-01
2.483200e+00  1.40527340900686926e+00  8.44654132475566533e-01  4.95372281344699961e-01
2.496000e+00  1.33923631091415229e+00  7.96195586534707012e-01  5.05993473286077688e-01
2.508800e+00  1.26144515254972434e+00  7.40820535413803327e-01  5.12503943538765938e-01
2.521600e+00  1.17268934909535738e+00  6.79098475704014826e-01  5.14839788384117703e-01
2.534400e+00  1.07394303933614332e+00  6.11705570044076774e-01  5.13003588914721309e-01
2.547200e+00  9.66348403048788662e-01  5.39412990454046004e-01  5.07064215535947382e-01
2.560000e+00  8.51194731034779606e-01  4.63072848081890809e-01  4.97155077486379549e-01
2.572800e+00  7.29893789730010623e-01  3.83602073219665662e-01  4.83470874913938919e-01
2.585600e+00  6.03952145820486175e-01  3.01964678602138659e-01  4.66262955952478853e-01
2.598400e+00  4.74941216354057394e-01  2.19152892982231479e-01  4.45833422426318682e-01
2.611200e+00  3.44465882483131702e-01  1.36167688367476031e-01  4.22528163659396327e-01
2.624000e+00  2.14132547391821998e-01  5.39992417101860800e-02  3.96729027160453274e-01
2.636800e+00  8.55175295971754429e-02 -2.63921301034506159e-02  3.68845356807718405e-01
2.649600e+00 -3.98633384844295433e-02 -1.04094044154957183e-01  3.39305142843848495e-01
2.662400e+00 -1.60583088784582773e-01 -1.78258655731911853e-01  3.08546032998622044e-01
2.675200e+00 -2.75329234808186440e-01 -2.48117370042622548e-01  2.77006450337193066e-01
2.688000e+00 -3.82925994474211495e-01 -3.12993307946800414e-01  2.45117051499117306e-01
2.700800e+00 -4.82352609327169946e-01 -3.72311252144285509e-01  2.13292739657954061e-01
2.713600e+00 -5.72757389193833788e-01 -4.25604887371438700e-01  1.81925420679751731e-01
2.726400e+00 -6.53467258097078507e-01 -4.72521239006645999e-01  1.51377659685683341e-01
2.739200e+00 -7.23992726465543579e-01 -5.12822305347526597e-01  1.21977359984902792e-01
2.752000e+00 -7.84028360426650472e-01 -5.46383965974250541e-01  9.40135487678683684e-02
2.764800e+00 -8.33448955562969274e-01 -5.73192328820252950e-01  6.77333155644077867e-02
2.777600e+00 -8.72301745064655520e-01 -5.93337749221698463e-01  4.33399116843630472e-02
2.790400e+00 -9.00795076863564526e-01 -6.07006813130996470e-01  2.09919830556907702e-02
2.803200e+00 -9.19284078099862900e-01 -6.14472622084877518e-01  8.03876333322316606e-04
2.816000e+00 -9.28253885995983907e-01 -6.16083748369121387e-01 -1.71530701032385699e-02
2.828800e+00 -9.28301060868575667e-01 -6.12252244983697125e-01 -3.28483618682595332e-02
2.841600e+00 -9.20113809871282218e-01 -6.03441096979457470e-01 -4.62894402984607711e-02
2.854400e+00 -9.04451640455524286e-01 -5.90151489353013758e-01 -5.75181713934994482e-02
2.867200e+00 -8.82125032469530779e-01 -5.72910243243850759e-01 -6.66068792926328701e-02
2.880000e+00 -8.53975669849820984e-01 -5.52257738550763211e-01 -7.36540721792715292e-02
2.892800e+00 -8.20857710168614307e-01 -5.28736599485913894e-01 -7.87800039781891281e-02
2.905600e+00 -7.83620496598881444e-01 -5.02881372240733704e-01 -8.21222062467732716e-02
2.918400e+00 -7.43093036049000344e-01 -4.75209373048565087e-01 -8.38311120099474033e-02
2.931200e+00 -7.00070482998457866e-01 -4.46212832740353449e-01 -8.40658777311887734e-02
2.944000e+00 -6.55302784305775043e-01 -4.16352412566418251e-01 -8.29904920099144433e-02
2.956800e+00 -6.09485559084596895e-01 -3.86052117442366283e-01 -8.07702408742345113e-02
2.969600e+00 -5.63253212472957010e-01 -3.55695588328731993e-01 -7.75685805523641803e-02
2.982400e+00 -5.17174215029214679e-01 -3.25623716360247339e-01 -7.35444500465493867e-02
2.995200e+00 -4.71748422165749026e-01 -2.96133488536043654e-01 -6.88500382916131110e-02
3.008000e+00 -4.27406261458723680e-01 -2.67477948799288767e-01 -6.36290047239867623e-02
3.020800e+00 -3.84509580340535673e-01 -2.39867139266800200e-01 -5.80151381924063556e-02
3.033600e+00 -3.43353922600486139e-01 -2.13469874042053337e-01 -5.21314275839523597e-02
3.046400e+00 -3.04171988795962023e-01 -1.88416192134167076e-01 -4.60895084136786481e-02
3.059200e+00 -2.67138032218555588e-01 -1.64800335964237099e-01 -3.99894429374817173e-02
3.072000e+00 -2.32372947333689350e-01 -1.42684106966518509e-01 -3.39197870372513199e-02
3.084800e+00 -1.99949820297199321e-01 -1.22100458970567594e-01 -2.79578950656682521e-02
3.097600e+00 -1.69899729753404394e-01 -1.03057202501564790e-01 -2.21704138343834962e-02
3.110400e+00 -1.42217609097363251e-01 -8.55407080127354724e-02 -1.66139187040668518e-02
3.123200e+00 -1.16868007298965182e-01 -6.95195124897308170e-02 -1.13356479100530649e-02
3.136000e+00 -9.37906128993113430e-02 -5.49477509713319212e-02 -6.37429546609140883e-03
3.148800e+00 -7.29054336379237194e-02 -4.17683515749249154e-02 -1.76082797230994498e-03
3.161600e+00 -5.41175512573057321e-02 -2.99159490466249373e-02  2.48070381878878277e-03
3.174400e+00 -3.73213965195050359e-02 -1.93194872245337594e-02  6.33238206684680425e-03
3.187200e+00 -2.24045127247327509e-02 -9.90449469423019917e-03  9.78168527405454125e-03
3.200000e+00 -9.25079654488315459e-03 -1.59503002687849714e-03  1.28208104890103879e-02
3.212800e+00  2.25677755686045332e-03  5.68469678032716523e-03  1.54460617962509823e-02
3.225600e+00  1.22339287619142052e-02  1.20090116781347671e-02  1.76573082336585613e-02
3.238400e+00  2.07933054474419496e-02  1.74497512699269691e-02  1.94575105517585702e-02
3.251200e+00  2.80431449025119843e-02  2.20754987126102822e-02  2.08523132313528058e-02
3.264000e+00  3.40863118412835300e-02  2.59510517342557180e-02  2.18496959268780766e-02
3.276800e+00  3.90196674454591497e-02  2.91370921875914908e-02  2.24596769608778266e-02
3.289600e+00  4.29337199112836132e-02  3.16900262625767343e-02  2.26940605931075234e-02
3.302400e+00  4.59125084591541568e-02  3.36619652317786053e-02  2.25662194647633027e-02
3.315200e+00  4.80336751349483213e-02  3.51008182255492171e-02  2.20909038286879918e-02
3.328000e+00  4.93686822009210546e-02  3.60504707920182507e-02  2.12840698564307519e-02
3.340800e+00  4.99831371917844186e-02  3.65510256695528585e-02  2.01627203465233364e-02
3.353600e+00  4.99371924712231699e-02  3.66390851455513922e-02  1.87447524132577543e-02
3.366400e+00  4.92859910509756971e-02  3.63480574749174140e-02  1.70488081234268785e-02
3.379200e+00  4.80801353092577335e-02  3.57084729310523721e-02  1.50941255130359695e-02
3.392000e+00  4.63661599380650533e-02  3.47482980250890805e-02  1.29003888799532843e-02
3.404800e+00  4.41869948413931360e-02  3.34932391877251906e-02  1.04875786136250527e-02
3.417600e+00  4.15824076693659533e-02  3.19670297238877146e-02  7.87582200668701660e-03
3.430400e+00  3.85894191205049669e-02  3.01916960647312035e-02  5.08524744570032321e-03
3.443200e+00  3.52426870524007244e-02  2.81878012080391052e-02  2.13584507681806096e-03
3.456000e+00  3.15748578073191122e-02  2.59746647693166466e-02 -9.52662520354130614e-04
3.468800e+00  2.76168849864346262e-02  2.35705602966594235e-02 -4.16093595245738915e-03
3.481600e+00  2.33983172239214422e-02  2.09928914287632502e-02 -7.47011735822169891e-03
3.494400e+00  1.89475573646107863e-02  1.82583490704618830e-02 -1.08619083455898362e-02
3.507200e+00  1.42920958671071633e-02  1.53830520402646453e-02 -1.43186250722668936e-02
3.520000e+00  9.45872127845685980e-03  1.23826736775083258e-02 -1.78232288843842776e-02
3.532800e+00  4.47371034348345055e-03  9.27255674442193679e-03 -2.13593319165666200e-02
3.545600e+00 -6.37000174883593263e-04  6.06781864216367380e-03 -2.49111781581360693e-02
3.558400e+00 -5.84765851525967557e-03  2.78344849570070227e-03 -2.84636016676518139e-02
3.571200e+00 -1.11325590656958379e-02 -5.65602900356158237e-04 -3.20019647823605868e-02
3.584000e+00 -1.64659197261492751e-02 -3.96433987991637836e-03 -3.55120802250316545e-02
3.596800e+00 -2.18217763524060672e-02 -7.39764564800155563e-03 -3.89801219046847364e-02
3.609600e+00 -2.71738958419059547e-02 -1.08502137535049226e-02 -4.23925299202476610e-02
3.622400e+00 -3.24957099916964587e-02 -1.43064886302696082e-02 -4.57359157832888732e-02
3.635200e+00 -3.77602726834939881e-02 -1.77506170126859632e-02 -4.89969741314188814e-02
3.648000e+00 -4.29402432016356833e-02 -2.11664123709288179e-02 -5.21624071577085346e-02
3.660800e+00 -4.80078985332243816e-02 -2.45373347110518641e-02 -5.52188676158078748e-02
3.673600e+00 -5.29351773221085273e-02 -2.78464881507765119e-02 -5.81529256050260721e-02
3.686400e+00 -5.76937577683096850e-02 -3.10766386040184743e-02 -6.09510634450916647e-02
3.699200e+00 -6.22551712137686189e-02 -3.42102536788616851e-02 -6.35997018495084443e-02
3.712000e+00 -6.65909524454032231e-02 -3.72295665305505050e-02 -6.60852593121630250e-02
3.724800e+00 -7.06728268719266500e-02 -4.01166649309361509e-02 -6.83942451650629002e-02
3.737600e+00 -7.44729337113838041e-02 -4.28536062165194090e-02 -7.05133852221906665e-02
3.750400e+00 -7.79640832251612542e-02 -4.54225580631104214e-02 -7.24297773945349749e-02
3.763200e+00 -8.11200449190828260e-02 -4.78059642454409864e-02 -7.41310732201049122e-02
3.776000e+00 -8.39158625379562428e-02 -4.99867337232189762e-02 -7.56056799397583773e-02
3.788800e+00 -8.63281906276950062e-02 -5.19484505739015862e-02 -7.68429766012238002e-02
3.801600e+00 -8.83356464728979190e-02 -5.36756014813340177e-02 -7.78335367540921447e-02
3.814400e+00 -8.99191703966563671e-02 -5.51538167263854531e-02 -7.85693496843013761e-02
3.827200e+00 -9.10623867724818098e-02 -5.63701199576170514e-02 -7.90440318702457373e-02
3.840000e+00 -9.17519576578854634e-02 -5.73131814682339910e-02 -7.92530204179318215e-02
3.852800e+00 -9.19779207243338615e-02 -5.79735692726874516e-02 -7.91937406302600788e-02
3.865600e+00 -9.17340031471237521e-02 -5.83439919779427316e-02 -7.88657405849680498e-02
3.878400e+00 -9.10179033459895398e-02 -5.84195273104690313e-02 -7.82707866373075073e-02
3.891200e+00 -8.98315329317386640e-02 -5.81978302074522350e-02 -7.74129150902573560e-02
3.904000e+00 -8.81812118993892807e-02 -5.76793146044376689e-02 -7.62984368120856321e-02
3.916800e+00 -8.60778109872783886e-02 -5.68673034395878393e-02 -7.49358932522574545e-02
3.929600e+00 -8.35368361592099401e-02 -5.57681419367832623e-02 -7.33359640558424036e-02
3.942400e+00 -8.05784513215648951e-02 -5.43912699095054700e-02 -7.15113282464138050e-02
3.955200e+00 -7.72274366159033387e-02 -5.27492496177006734e-02 -6.94764826565471283e-02
3.968000e+00 -7.35130808894323140e-02 -5.08577465829758157e-02 -6.72475228442214884e-02
3.980800e+00 -6.94690082048726870e-02 -4.87354617045391569e-02 -6.48418930766010565e-02
3.993600e+00 -6.51329394687363283e-02 -4.64040139988267375e-02 -6.22781130460273447e-02
4.006400e+00 -6.05463913855257899e-02 -4.38877742726679759e-02 -5.95754897626763549e-02
4.019200e+00 -5.57543159436627231e-02 -4.12136509895591752e-02 -5.67538234985362489e-02
4.032000e+00 -5.08046844888356691e-02 -3.84108304759607916e-02 -5.38331167132428262e-02
4.044800e+00 -4.57480211391429331e-02 -3.55104744318115728e-02 -5.08332945824296265e-02
4.057600e+00 -4.06368908409536697e-02 -3.25453784434224999e-02 -4.77739451016648345e-02
4.070400e+00 -3.55253477559695080e-02 -2.95495958258837101e-02 -4.46740857818169121e-02
4.083200e+00 -3.04683499238132122e-02 -2.65580316364650293e-02 -4.15519627152155929e-02
4.096000e+00 -2.55211462864747517e-02 -2.36060121108874164e-02 -3.84248863274685368e-02
4.108800e+00 -2.07386422218496791e-02 -2.07288350966962041e-02 -3.53091065134061508e-02
4.121600e+00 -1.61747497495872000e-02 -1.79613072989544438e-02 -3.22197281706000718e-02
4.134400e+00 -1.18817285835701395e-02 -1.53372743155152352e-02 -2.91706664643675978e-02
4.147200e+00 -7.90952424991840652e-03 -1.28891495349078497e-02 -2.61746395491962436e-02
4.160000e+00 -4.30510959910523038e-03 -1.06474480230833810e-02 -2.32431949973297795e-02
4.172800e+00 -1.11183623942969932e-03 -8.64033155731426701e-03 -2.03867649133017900e-02
4.185600e+00  1.63119727402674967e-03 -6.89317098985292587e-03 -1.76147437059527602e-02
4.198400e+00  3.88975323402629284e-03 -5.42813214902519367e-03 -1.49355817889303393e-02
4.211200e+00  5.63503076213606353e-03 -4.26379151093858946e-03 -1.23568881048291730e-02
4.224000e+00  6.84420157003623030e-03 -3.41478788898331434e-03 -9.88553432272998300e-03
4.236800e+00  7.50089646131739569e-03 -2.89151637715714775e-03 -7.52775384401227314e-03
4.249600e+00  7.59563292154888034e-03 -2.69987073588251383e-03 -5.28922935399814709e-03
4.262400e+00  7.12617361005656903e-03 -2.84104030479093855e-03 -3.17516354393751346e-03
4.275200e+00  6.09780518655178832e-03 -3.31136733009334020e-03 -1.19032874778227386e-03
4.288000e+00  4.52352676550902937e-03 -4.10227026667156752e-03  6.60907468765950610e-04
4.300800e+00  2.42413746937998435e-03 -5.20023812902326889e-03  2.37458232376994106e-03
4.313600e+00 -1.71786887397090975e-04 -6.58690029799832537e-03  3.94716353918385648e-03
4.326400e+00 -3.22803695129392654e-03 -8.23917531359377210e-03  5.37559942390647937e-03
4.339200e+00 -6.70104029751499800e-03 -1.01295010691229478e-02  6.65739061906448718e-03
4.352000e+00 -1.05402646853917648e-02 -1.22261474602391382e-02  7.79067959211398025e-03
4.364800e+00 -1.46887570625413889e-02 -1.44936109525140838e-02  8.77435295543339475e-03
4.377600e+00 -1.90838182984322743e-02 -1.68930887419552721e-02  9.60815091697400647e-03
4.390400e+00 -2.36578102335014938e-02 -1.93830282197348762e-02  1.02927776691315066e-02
4.403200e+00 -2.83390879028864173e-02 -2.19197453544765809e-02  1.08300063026181802e-02
4.416000e+00 -3.30530458508735484e-02 -2.44581034417430815e-02  1.12227719071386553e-02
4.428800e+00 -3.77232634396621747e-02 -2.69522415294383977e-02  1.14752468907513405e-02
4.441600e+00 -4.22727301364615796e-02 -2.93563397961671517e-02  1.15928931933232757e-02
4.454400e+00 -4.66251281048700172e-02 -3.16254073185018789e-02  1.15824869447359053e-02
4.467200e+00 -5.07061462004436830e-02 -3.37160761012680818e-02  1.14521121770149188e-02
4.480000e+00 -5.44447968453860773e-02 -3.55873840598340957e-02  1.12111213980560336e-02
4.492800e+00 -5.77747053909498653e-02 -3.72015289231666102e-02  1.08700621311548645e-02
4.505600e+00 -6.06353406007156329e-02 -3.85245748342625191e-02  1.04405698644472345e-02
4.518400e+00 -6.29731549023754139e-02 -3.95270938017278153e-02  9.93522917039862431e-03
4.531200e+00 -6.47426041229140631e-02 -4.01847251292584695e-02  9.36740598581226568e-03
4.544000e+00 -6.59070185635726585e-02 -4.04786375246440622e-02  8.75105514247587722e-03
4.556800e+00 -6.64393004604090648e-02 -4.03958807425643385e-02  8.10050817331008088e-03
4.569600e+00 -6.63224270395380844e-02 -3.99296162924617712e-02  7.43024715547783206e-03
4.582400e+00 -6.55497433954141118e-02 -3.90792198674141389e-02  6.75467085871435217e-03
4.595200e+00 -6.41250351363550214e-02 -3.78502516227216326e-02  6.08785972465277284e-03
4.608000e+00 -6.20623769551682802e-02 -3.62542941319217230e-02  5.44334621084785995e-03
4.620800e+00 -5.93857597658944414e-02 -3.43086616377188403e-02  4.83389680367639091e-03
4.633600e+00 -5.61285055571969713e-02 -3.20359879575873030e-02  4.27131155223170900e-03
4.646400e+00 -5.23324854020184999e-02 -2.94637039589795251e-02  3.76624632034065938e-03
4.659200e+00 -4.80471618887184371e-02 -2.66234187461482120e-02  3.32806212671069544e-03
4.672000e+00 -4.33284823717352760e-02 -2.35502214678700098e-02  2.96470498478586166e-03
4.684800e+00 -3.82376536772841141e-02 -2.02819228547237926e-02  2.68261860914629840e-03
4.697600e+00 -3.28398320774209718e-02 -1.68582571452592263e-02  2.48669126874663960e-03
4.710400e+00 -2.72027643470891256e-02 -1.33200659052305857e-02  2.38023697998662612e-03
4.723200e+00 -2.13954164788409257e-02 -9.70848535085374297e-03  2.36501018220394016e-03
4.736000e+00 -1.54866261365390230e-02 -6.06415815715006645e-03  2.44125206151153684e-03
4.748800e+00 -9.54381322180174879e-03 -2.42648940608985531e-03  2.60776582161231178e-03
4.761600e+00 -3.63178009478047842e-03  1.16703562260109207e-03  2.86201747208858796e-03
4.774400e+00  2.18837083097715018e-03  4.68145660464701178e-03  3.20025813493476138e-03
4.787200e+00  7.86017903756968360e-03  8.08485397972203215e-03  3.61766346716360003e-03
4.800000e+00  1.33326095626330986e-02  1.13487663616988355e-02  4.10848556322115140e-03
4.812800e+00  1.85606661728055580e-02  1.44485039013234010e-02  4.66621263538397838e-03
4.825600e+00  2.35058276444991589e-02  1.73633553847851105e-02  5.28373186822495705e-03
4.838400e+00  2.81363064633050712e-02  2.00766901845652497e-02  5.95349108993439586e-03
4.851200e+00  3.24271346824693829e-02  2.25759592940110859e-02  6.66765527568240462e-03
4.864000e+00  3.63600866307582926e-02  2.48526024660755199e-02  7.41825437153300748e-03
4.876800e+00  3.99234524700783841e-02  2.69018708480344496e-02  8.19731947895814203e-03
4.889600e+00  4.31116801464470831e-02  2.87225763917214050e-02  8.99700504638152598e-03
4.902400e+00  4.59249059675632190e-02  3.03167806857293672e-02  9.80969534817285882e-03
4.915200e+00  4.83683958350923232e-02  3.16894366899255070e-02  1.06280941649742663e-02
4.928000e+00  5.04519200617608854e-02  3.28479971613173036e-02  1.14452971894912301e-02
4.940800e+00  5.21890847496696494e-02  3.38020033711183138e-02  1.22548472527972078e-02
4.953600e+00  5.35966419628124066e-02  3.45626670732208582e-02  1.30507729831880626e-02
4.966400e+00  5.46937994864930346e-02  3.51424576590307000e-02  1.38276119570257070e-02
4.979200e+00  5.55015489484434188e-02  3.55547051001408876e-02  1.45804197664948093e-02
4.992000e+00  5.60420286182992250e-02  3.58132277219413223e-02  1.53047667087426505e-02
5.004800e+00  5.63379344432916734e-02  3.59319921494450009e-02  1.59967239969994041e-02
5.017600e+00  5.64119899503172650e-02  3.59248109974614691e-02  1.66528415099744809e-02
5.030400e+00  5.62864826726286738e-02  3.58050821134484401e-02  1.72701191327289498e-02
5.043200e+00  5.59828718615995591e-02  3.55855714917603302e-02  1.78459737045298487e-02
5.056000e+00  5.55214695255913521e-02  3.52782404210656916e-02  1.83782034861117438e-02
5.068800e+00  5.49211943823261287e-02  3.48941160445418522e-02  1.88649519019800545e-02
5.081600e+00  5.41993961768275911e-02  3.44432033316983133e-02  1.93046721140280111e-02
5.094400e+00  5.33717460405366204e-02  3.39344354982048652e-02  1.96960937512237165e-02
5.107200e+00  5.24521871677180243e-02  3.33756591757111351e-02  2.00381928667890917e-02
5.120000e+00  5.14529390650542845e-02  3.27736501258445861e-02  2.03301659293503162e-02
5.132800e+00  5.03845479739695179e-02  3.21341549951563374e-02  2.05714083878840923e-02
5.145600e+00  4.92559757424933312e-02  3.14619544957679270e-02  2.07614980909948399e-02
5.158400e+00  4.80747193948920792e-02  3.07609434450678738e-02  2.09001835966253283e-02
5.171200e+00  4.68469538679755701e-02  3.00342232830489581e-02  2.09873771846444054e-02
5.184000e+00  4.55776908050536181e-02  2.92842029797998858e-02  2.10231521870672261e-02
5.196800e+00  4.42709468741476486e-02  2.85127046166131215e-02  2.10077440837834230e-02
5.209600e+00  4.29299157607114026e-02  2.77210703427900190e-02  2.09415546793003012e-02
5.222400e+00  4.15571387344802270e-02  2.69102678535132513e-02  2.08251585797236613e-02
5.235200e+00  4.01546694673887011e-02  2.60809919841407736e-02  2.06593111287202910e-02
5.248000e+00  3.87242295527272518e-02  2.52337604568139764e-02  2.04449569359438747e-02
5.260800e+00  3.72673519189674479e-02  2.43690022319282829e-02  2.01832381409880850e-02
5.273600e+00  3.57855100259639666e-02  2.34871372999670217e-02  1.98755015985454704e-02
5.286400e+00  3.42802313647367629e-02  2.25886470943119852e-02  1.95233042416798758e-02
5.299200e+00  3.27531943486428223e-02  2.16741350118648674e-02  1.91284159747201303e-02
5.312000e+00  3.12063081807302280e-02  2.07443767952566541e-02  1.86928195615900829e-02
5.324800e+00  2.96417757087962773e-02  1.98003607583750497e-02  1.82187071066595360e-02
5.337600e+00  2.80621396378661278e-02  1.88433180276380528e-02  1.77084728687773030e-02
5.350400e+00  2.64703127646645289e-02  1.78747431287380569e-02  1.71647022977192386e-02
5.363200e+00  2.48695931384857356e-02  1.68964053785514295e-02  1.65901573286162257e-02
5.376000e+00  2.32636652457162939e-02  1.59103516506561744e-02  1.59877581094782333e-02
5.388800e+00  2.16565884658267253e-02  1.49189011733586469e-02  1.53605614667512349e-02
5.401600e+00  2.00527741575258732e-02  1.39246330912308758e-02  1.47117365298045331e-02
5.414400e+00  1.84569528086295995e-02  1.29303675754081377e-02  1.40445380322456719e-02
5.427200e+00  1.68741327269065905e-02  1.19391413072117720e-02  1.33622778824682448e-02
5.440000e+00  1.53095517654801925e-02  1.09541781870382323e-02  1.26682956463634658e-02
5.452800e+00  1.37686235670133744e-02  9.97885613602220861e-03  1.19659286106478784e-02
5.465600e+00  1.22568797769546083e-02  9.01667085958179730e-03  1.12584820951008857e-02
5.478400e+00  1.07799096193452217e-02  8.07119742837984072e-03  1.05492006569790821e-02
5.491200e+00  9.34329815147490195e-03  7.14605050480294612e-03  9.84124078313494688e-03
5.504000e+00  7.95256441830794088e-03  6.24484400371348464e-03  9.13764559737854226e-03
5.516800e+00  6.61310061610232130e-03  5.37115092526213936e-03  8.44132202514547014e-03
5.529600e+00  5.33011324921395420e-03  4.52846403430067282e-03  7.75502075860053357e-03
5.542400e+00  4.10856712754316487e-03  3.72015798629321505e-03  7.08131925846116304e-03
5.555200e+00  2.95313290788277527e-03  2.94945341654968786e-03  6.42260791960567665e-03
5.568000e+00  1.86813873439774887e-03  2.21938342111879881e-03  5.78107941972643476e-03
5.580800e+00  8.57526385748239397e-04  1.53276276561322713e-03  5.15872116684596045e-03
5.593600e+00 -7.51878064376169177e-05  8.92160064562299649e-04  4.55731066700344398e-03
5.606400e+00 -9.26947135932373553e-04  2.99873082160177946e-04  3.97841355354279762e-03
5.619200e+00 -1.69518378350733373e-03 -2.42092780228004342e-04  3.42338395769555080e-03
5.632000e+00 -2.37784324782227630e-03 -7.32042820611599962e-04  2.89336685697669672e-03
5.644800e+00 -2.97340411024296560e-03 -1.16860827279398490e-03  2.38930201354869889e-03
5.657600e+00 -3.48089335393166012e-03 -1.55075857037320413e-03  1.91192911087713965e-03
5.670400e+00 -3.89989748893433859e-03 -1.87781080217216999e-03  1.46179371450606377e-03
5.683200e+00 -4.23056974120120111e-03 -2.14943654144786724e-03  1.03925371909597631e-03
5.696000e+00 -4.47363354556124925e-03 -2.36566623238432163e-03  6.44485994607219372e-04
5.708800e+00 -4.63038254434027397e-03 -2.52689130346469594e-03  2.77493006322507047e-04
5.721600e+00 -4.70267723980227672e-03 -2.63386415097259389e-03 -6.18907461390082772e-05
5.734400e+00 -4.69293838421437279e-03 -2.68769609868635666e-03 -3.73992550200956593e-04
5.747200e+00 -4.60413711876910599e-03 -2.68985339284485850e-03 -6.59295566016907995e-04
5.760000e+00 -4.43978179534115693e-03 -2.64215123722333746e-03 -9.18433109380241159e-04
5.772800e+00 -4.20390133953867616e-03 -2.54674581659800449e-03 -1.15218300164613764e-03
5.785600e+00 -3.90102494748153540e-03 -2.40612420341767630e-03 -1.36146180461401648e-03
5.798400e+00 -3.53615785817850943e-03 -2.22309199588818741e-03 -1.54731872119165739e-03
5.811200e+00 -3.11475291201174318e-03 -2.00075849838098670e-03 -1.71092892231925050e-03
5.824000e+00 -2.64267759683383101e-03 -1.74251922992121975e-03 -1.85358605744686319e-03
5.836800e+00 -2.12617630000297084e-03 -1.45203553702459120e-03 -1.97669371972465863e-03
5.849600e+00 -1.57182753014303324e-03 -1.13321109652836914e-03 -2.08175566793636227e-03
5.862400e+00 -9.86495947084540777e-04 -7.90165123798780913e-04 -2.17036465410043065e-03
5.875200e+00 -3.77279140181839285e-04 -4.27202151209488189e-04 -2.24418976580462561e-03
5.888000e+00  2.48550779549179274e-04 -4.87783095851501583e-05 -2.30496226168489882e-03
5.900800e+00  8.83610563179350978e-04  3.40535869948794146e-04 -2.35445995294718659e-03
5.913600e+00  1.52047381347342279e-03  7.36096016547425967e-04 -2.39449026007423687e-03
5.926400e+00  2.15174304158302502e-03  1.13322761443769050e-03 -2.42687214865678659e-03
5.939200e+00  2.77012508069064342e-03  1.52727248600754051e-03 -2.45341721778054777e-03
5.952000e+00  3.36850897915558310e-03  1.91363759759238502e-03 -2.47591027436455148e-03
5.964800e+00  3.94004533948442461e-03  2.28784560493061574e-03 -2.49608977382237982e-03
5.977600e+00  4.47822593120865680e-03  2.64558644432678685e-03 -2.51562853906270529e-03
5.990400e+00  4.97696229178582784e-03  2.98276917593386526e-03 -2.53611518458321094e-03
6.003200e+00  5.43066194548360616e-03  3.29557320253666842e-03 -2.55903666946698943e-03
6.016000e+00  5.83430082011052436e-03  3.58049792519726578e-03 -2.58576238256854425e-03
6.028800e+00  6.18349042815311521e-03  3.83440985883900598e-03 -2.61753012574080998e-03
6.041600e+00  6.47453840430911847e-03  4.05458621837326023e-03 -2.65543430791505492e-03
6.054400e+00  6.70450105688090870e-03  4.23875400145571398e-03 -2.70041659671397920e-03
6.067200e+00  6.87122669556715620e-03  4.38512363857245652e-03 -2.75325919860834774e-03
6.080000e+00  6.97338863986595933e-03  4.49241635406138345e-03 -2.81458085707818719e-03
6.092800e+00  7.01050698545004763e-03  4.55988448030640332e-03 -2.88483557412427469e-03
6.105600e+00  6.98295840446846398e-03  4.58732408844494954e-03 -2.96431397722309595e-03
6.118400e+00  6.89197347425169870e-03  4.57507943953122057e-03 -3.05314717532438173e-03
6.131200e+00  6.73962126250139508e-03  4.52403891743279746e-03 -3.15131287754917078e-03
6.144000e+00  6.52878114003983996e-03  4.43562227490370067e-03 -3.25864348977760680e-03
6.156800e+00  6.26310203732934837e-03  4.31175920172818024e-03 -3.37483585940032051e-03
6.169600e+00  5.94694960114917816e-03  4.15485940300502118e-03 -3.49946230876621535e-03
6.182400e+00  5.58534193787116155e-03  3.96777455240758612e-03 -3.63198258424165784e-03
6.195200e+00  5.18387484598288335e-03  3.75375265620319113e-03 -3.77175635019703741e-03
6.208000e+00  4.74863763901672668e-03  3.51638552498328549e-03 -3.91805587472177780e-03
6.220800e+00  4.28612083645306917e-03  3.25955019698886093e-03 -4.07007858512483008e-03
6.233600e+00  3.80311715072211226e-03  2.98734528577580339e-03 -4.22695921455809587e-03
6.246400e+00  3.30661732149716611e-03  2.70402333348341217e-03 -4.38778131380784808e-03
6.259200e+00  2.80370244444853953e-03  2.41392033831315262e-03 -4.55158796102510515e-03
6.272000e+00  2.30143451123048393e-03  2.12138369035381287e-03 -4.71739156349345462e-03
6.284800e+00  1.80674692067384350e-03  1.83069979233051899e-03 -4.88418270665201722e-03
6.297600e+00  1.32633673792547572e-03  1.54602266012812272e-03 -5.05093806387425185e-03
6.310400e+00  8.66560469488754782e-04  1.27130479240327647e-03 -5.21662743292122203e-03
6.323200e+00  4.33335089177535986e-04  1.01023157083339021e-03 -5.38022000854090389e-03
6.336000e+00  3.20459938451198305e-05  7.66160403880693968e-04 -5.54069003332246807e-03
6.348800e+00 -3.32536511662536805e-04  5.42065757488646239e-04 -5.69702198981204399e-03
6.361600e+00 -6.56330704333236807e-04  3.40491125512259497e-04 -5.84821550596897714e-03
6.374400e+00 -9.36005539680661225e-04  1.63508881655962383e-04 -5.99329014334175954e-03
6.387200e+00 -1.16903014007486939e-03  1.26888252530318768e-05 -6.13129022305350206e-03
6.400000e+00 -1.35370963682649890e-03 -1.10923912984441894e-04 -6.26128981976882808e-03
6.412800e+00 -1.48920653062411352e-03 -2.06821101480563228e-04 -6.38239802037136005e-03
6.425600e+00 -1.57554696252949506e-03 -2.75033448341297187e-04 -6.49376450478324121e-03
6.438400e+00 -1.61361153911302011e-03 -3.16122315933921609e-04 -6.59458546362940660e-03
6.451200e+00 -1.60511062810066315e-03 -3.31161173286055870e-04 -6.68410982334091599e-03
6.464000e+00 -1.55254433223910265e-03 -3.21707056452685044e-04 -6.76164570591719378e-03
6.476800e+00 -1.45914765539844975e-03 -2.89762516958510011e-04 -6.82656701038118416e-03
6.489600e+00 -1.32882169121191127e-03 -2.37728748313970994e-04 -6.87831996851775464e-03
6.502400e+00 -1.16605198373111694e-03 -1.68350785680306783e-04 -6.91642950089882934e-03
6.515200e+00 -9.75815522926862396e-04 -8.46558683900088357e-05 -6.94050518173320533e-03
6.528000e+00 -7.63478136144500889e-04  1.01137665324027013e-05 -6.95024661313094205e-03
6.540800e+00 -5.34684310459849566e-04  1.12572234881100700e-04 -6.94544801095188947e-03
6.553600e+00 -2.95241720233168042e-04  2.19263945146714695e-04 -6.92600181568635113e-03
6.566400e+00 -5.10029283287356848e-05  3.26738476486834717e-04 -6.89190116280230958e-03
6.579200e+00  1.92253131879031110e-04  4.31624685857036285e-04 -6.84324107654548600e-03
6.592000e+00  4.28937212309674889e-04  5.30702321314645872e-04 -6.78021828700060489e-03
6.604800e+00  6.53760659182675325e-04  6.20969450724001386e-04 -6.70312961018406164e-03
6.617600e+00  8.61838562891395900e-04  6.99704094543021301e-04 -6.61236887380883733e-03
6.630400e+00  1.04878268632698619e-03  7.64518578075605777e-04 -6.50842241594739614e-03
6.643200e+00  1.21078193636450955e-03  8.13405291487095321e-04 -6.39186322797060270e-03
6.656000e+00  1.34466844389492216e-03  8.44772761883951688e-04 -6.26334385416940122e-03
6.668800e+00  1.44796768490787118e-03  8.57471195230225598e-04 -6.12358819640505033e-03
6.681600e+00  1.51893149855277854e-03  8.50806929309030836e-04 -5.97338240222995524e-03
6.694400e+00  1.55655332506834899e-03  8.24545543786314684e-04 -5.81356503881342180e-03
6.707200e+00  1.56056548215739287e-03  7.78903690459413229e-04 -5.64501677178931224e-03
6.720000e+00  1.53141880651490965e-03  7.14530025879973950e-04 -5.46864977657802315e-03
6.732800e+00  1.47024549034620138e-03  6.32475938554744629e-04 -5.28539710933985472e-03
6.745600e+00  1.37880642256466186e-03  5.34157052165858495e-04 -5.09620225637357187e-03
6.758400e+00  1.25942478283120772e-03  4.21306743873280608e-04 -4.90200906604561920e-03
6.771200e+00  1.11490801713358357e-03  2.95923133648528461e-04 -4.70375224720987091e-03
6.784000e+00  9.48460632137676008e-04  1.60211169136804390e-04 -4.50234859278567535e-03
6.796800e+00  7.63590470829409286e-04  1.65215443655562533e-05 -4.29868905738478840e-03
6.809600e+00  5.64011265909653784e-04 -1.32711754794948071e-04 -4.09363178553711488e-03
6.822400e+00  3.53544305684564590e-04 -2.85033491717834439e-04 -3.88799615440502079e-03
6.835200e+00  1.36021989635369913e-04 -4.38027085489248505e-04 -3.68255786314530950e-03
6.848000e+00 -8.48040988092027055e-05 -5.89370782908152781e-04 -3.47804507062017239e-03
6.860800e+00 -3.05348209205443216e-04 -7.36888668002267863e-04 -3.27513555454019781e-03
6.873600e+00 -5.22266446008719178e-04 -8.78595296023017107e-04 -3.07445483962286419e-03
6.886400e+00 -7.32522079196459386e-04 -1.01273298746281737e-03 -2.87657522126510924e-03
6.899200e+00 -9.33438840016634786e-04 -1.13780108916879748e-03 -2.68201559500401377e-03
6.912000e+00 -1.12274133823878661e-03 -1.25257679322989912e-03 -2.49124199029552651e-03
6.924800e+00 -1.29858218685421564e-03 -1.35612738906264792e-03 -2.30466869947285611e-03
6.937600e+00 -1.45955586164764968e-03 -1.44781409923358767e-03 -2.12265988923527943e-03
6.950400e+00 -1.60469973977235103e-03 -1.52728790494005562e-03 -1.94553158284486863e-03
6.963200e+00 -1.73348313861247379e-03 -1.59447799376836508e-03 -1.77355390602619957e-03
6.976000e+00 -1.84578550136510889e-03 -1.64957365293855228e-03 -1.60695349749914273e-03
6.988800e+00 -1.94186513939313427e-03 -1.69300058047743593e-03 -1.44591599514676998e-03
7.001600e+00 -2.02232013739479669e-03 -1.72539269184606640e-03 -1.29058852021890448e-03
7.014400e+00 -2.08804315296084401e-03 -1.74756055957715501e-03 -1.14108209425687170e-03
7.027200e+00 -2.14017189708302089e-03 -1.76045763893566088e-03 -9.97473936542228991e-04
7.040000e+00 -2.18003706955744760e-03 -1.76514540592618814e-03 -8.59809603570729428e-04
7.052800e+00 -2.20910944925350365e-03 -1.76275847004442776e-03 -7.28104945397370883e-04
7.065600e+00 -2.22894771275455005e-03 -1.75447062947029202e-03 -6.02347865747503565e-04
7.078400e+00 -2.24114838584943020e-03 -1.74146271742704251e-03 -4.82499883572084641e-04
7.091200e+00 -2.24729913097414810e-03 -1.72489295151663003e-03 -3.68497503835182687e-04
7.104000e+00 -2.24893635071122568e-03 -1.70587034993380433e-03 -2.60253414665999024e-04
7.116800e+00 -2.24750785409966831e-03 -1.68543162700031390e-03 -1.57657535723874155e-04
7.129600e+00 -2.24434109956317537e-03 -1.66452183216185263e-03 -6.05779483054609850e-05
7.142400e+00 -2.24061730494964180e-03 -1.64397885671393323e-03  3.11382580241378621e-05
7.155200e+00 -2.23735150894659564e-03 -1.62452180523954266e-03  1.17664184090102256e-04
7.168000e+00 -2.23537848495755512e-03 -1.60674311758246253e-03  1.99192324709848636e-04
7.180800e+00 -2.23534425281256451e-03 -1.59110423482833959e-03  2.75933736580425738e-04
7.193600e+00 -2.23770280802744253e-03 -1.57793453062423923e-03  3.48117131005706826e-04
7.206400e+00 -2.24271759348963198e-03 -1.56743317727483090e-03  4.15987854036117854e-04
7.219200e+00 -2.25046717368367760e-03 -1.55967358333761901e-03  4.79806719541972331e-04
7.232000e+00 -2.26085453483724792e-03 -1.55461002408796263e-03  5.39848665251617356e-04
7.244800e+00 -2.27361942253146961e-03 -1.55208608599478122e-03  5.96401207744725703e-04
7.257600e+00 -2.28835313743960865e-03 -1.55184455869015483e-03  6.49762679036473443e-04
7.270400e+00 -2.30451523554641140e-03 -1.55353842997691012e-03  7.00240234508685559e-04
7.283200e+00 -2.32145161700335247e-03 -1.55674266819187603e-03  7.48147630025674864e-04
7.296000e+00 -2.33841353361441233e-03 -1.56096650893688916e-03  7.93802775148553879e-04
7.308800e+00 -2.35457709532614287e-03 -1.56566599751619133e-03  8.37525078556453973e-04
7.321600e+00 -2.36906290793368300e-03 -1.57025657256064551e-03  8.79632610367206955e-04
7.334400e+00 -2.38095552476504449e-03 -1.57412550875247852e-03  9.20439114273665510e-04
7.347200e+00 -2.38932244225033806e-03 -1.57664406605790403e-03  9.60250910683801864e-04
7.360000e+00 -2.39323241172043630e-03 -1.57717921864361033e-03  9.99363739767425777e-04
7.372800e+00 -2.39177287684585104e-03 -1.57510485839753569e-03  1.03805959927604375e-03
7.385600e+00 -2.38406637767052312e-03 -1.56981238576528546e-03  1.07660363582786343e-03
7.398400e+00 -2.36928578860736219e-03 -1.56072061475197028e-03  1.11524115061565655e-03
7.411200e+00 -2.34666827970004925e-03 -1.54728492984700940e-03  1.15419478149381052e-03
7.424000e+00 -2.31552790853094661e-03 -1.52900564085878114e-03  1.19366192253947856e-03
7.436800e+00 -2.27526676521017579e-03 -1.50543548802561304e-03  1.23381243889536378e-03
7.449600e+00 -2.22538460628456244e-03 -1.47618625532848252e-03  1.27478672924600492e-03
7.462400e+00 -2.16548692648114646e-03 -1.44093445544062515e-03  1.31669418119505157e-03
7.475200e+00 -2.09529143052934741e-03 -1.39942605552166631e-03  1.35961205620295034e-03
7.488000e+00 -2.01463288106841368e-03 -1.35148021940237361e-03  1.40358483066467554e-03
7.500800e+00 -1.92346631330152728e-03 -1.29699204921167712e-03  1.44862400873173249e-03
7.513600e+00 -1.82186862307677760e-03 -1.23593431856828390e-03  1.49470841124072851e-03
7.526400e+00 -1.71003855230373951e-03 -1.16835819979397237e-03  1.54178493363053533e-03
7.539200e+00 -1.58829511347430134e-03 -1.09439299859351909e-03  1.58976975398760173e-03
7.552000e+00 -1.45707451310185141e-03 -1.01424492099474344e-03  1.63854996115828750e-03
7.564800e+00 -1.31692565169991261e-03 -9.28194908983920710e-04  1.68798556329899483e-03
7.577600e+00 -1.16850429480262665e-03 -8.36595592913796276e-04  1.73791182944216900e-03
7.590400e+00 -1.01256602484696033e-03 -7.39867419885170425e-04  1.78814191011628207e-03
7.603200e+00 -8.49958097180921563e-04 -6.38494027447027265e-04  1.83846967800002084e-03
7.616000e+00 -6.81610334682587120e-04 -5.33016940755381779e-04  1.88867272696782544e-03
7.628800e+00 -5.08525203833281106e-04 -4.24029678423843987e-04  1.93851546783181737e-03
7.641600e+00 -3.31767220118613343e-04 -3.12171357445908081e-04  1.98775226067233980e-03
7.654400e+00 -1.52451832387030757e-04 -1.98119890697350583e-04  2.03613052646295974e-03
7.667200e+00  2.82660654982128953e-05 -8.25848715998771189e-05  2.08339378540045974e-03
7.680000e+00  2.09203851646195334e-04  3.36997605210615360e-05  2.12928457615077201e-03
7.692800e+00  3.89162984751327274e-04  1.49983183966376763e-04  2.17354721798320317e-03
7.705600e+00  5.66940776590082757e-04  2.65505201557294807e-04  2.21593038541226988e-03
7.718400e+00  7.41342011422844961e-04  3.79503711591828107e-04  2.25618947275442894e-03
7.731200e+00  9.11190306981081162e-04  4.91222070630362704e-04  2.29408873448927507e-03
7.744000e+00  1.07533912373190149e-03  5.99916283358556488e-04  2.32940319579292426e-03
7.756800e+00  1.23268234085932137e-03  7.04861962337176079e-04  2.36192033470801694e-03
7.769600e+00  1.38216432830125962e-03  8.05361007803876024e-04  2.39144154285407268e-03
7.782400e+00  1.52278945379874216e-03  9.00747964484840437e-04  2.41778337623528832e-03
7.795200e+00  1.65363097189208299e-03  9.90396018197011330e-04  2.44077861179547431e-03
7.808000e+00  1.77383924784012335e-03  1.07372259960805509e-03  2.46027712785774422e-03
7.820800e+00  1.88264927344425283e-03  1.15019456583094698e-03  2.47614662684404784e-03
7.833600e+00  1.97938743387218166e-03  1.21933293261797400e-03  2.48827321762706312e-03
7.846400e+00  2.06347748506711948e-03  1.28071713085331756e-03  2.49656187356867704e-03
7.859200e+00  2.13444570055237523e-03  1.33398876096980012e-03  2.50093678037178633e-03
7.872000e+00  2.19192514487633267e-03  1.37885481805095759e-03  2.50134158457757539e-03
7.884800e+00  2.23565902911059596e-03  1.41509035895447089e-03  2.49773954945760844e-03
7.897600e+00  2.26550310220421719e-03  1.44254058114855438e-03  2.49011362141162871e-03
7.910400e+00  2.28142703115651177e-03  1.46112228162040107e-03  2.47846640699436347e-03
7.923200e+00  2.28351472357413848e-03  1.47082466371005016e-03  2.46282005778392142e-03
7.936000e+00  2.27196354887627353e-03  1.47170946034693535e-03  2.44321605757715854e-03
7.948800e+00  2.24708241967031810e-03  1.46391034416813530e-03  2.41971490465291020e-03
7.961600e+00  2.20928870294610042e-03  1.44763159874618870e-03  2.39239568134959335e-03
7.974400e+00  2.15910394192356421e-03  1.42314603095299616e-03  2.36135550351691554e-03
7.987200e+00  2.09714838363803720e-03  1.39079211235041658e-03  2.32670884335648732e-03
8.000000e+00  2.02413432443295654e-03  1.35097034730070095e-03  2.28858672109755754e-03
