# Author: SW4
# Scenario: test
# Date: UTC  04/21/2017:19:1:49.000
# Bandwith (Hz): 1.234000e+00
# Station: sta10
# Target location (WGS84 longitude, latitude) (deg): 1.182594e+02 3.718865e+01
# Actual location (WGS84 longitude, latitude) (deg): 1.182595e+02 3.718865e+01
# Distance from target to actual location (m): 1.250000e+01
# nColumns: 4
# Column 1: Time (s)
# Column 2: X displacement (m)
# Column 3: Y displacement (m)
# Column 4: Z displacement (m)
0.000000e+00  0.00000000000000000e+00  0.00000000000000000e+00  0.00000000000000000e+00
1.280000e-02  0.00000000000000000e+00  0.00000000000000000e+00  0.00000000000000000e+00
2.560000e-02  0.00000000000000000e+00  0.00000000000000000e+00  0.00000000000000000e+00
3.840000e-02  0.00000000000000000e+00  0.00000000000000000e+00  0.00000000000000000e+00
5.120000e-02  0.00000000000000000e+00  0.00000000000000000e+00  0.00000000000000000e+00
6.400000e-02  0.00000000000000000e+00  0.00000000000000000e+00  0.00000000000000000e+00
7.680000e-02  0.00000000000000000e+00  0.00000000000000000e+00  0.00000000000000000e+00
8.960000e-02  0.00000000000000000e+00  0.00000000000000000e+00  0.00000000000000000e+00
1.024000e-01  0.00000000000000000e+00  0.00000000000000000e+00  0.00000000000000000e+00
1.152000e-01  0.00000000000000000e+00  0.00000000000000000e+00  0.00000000000000000e+00
1.280000e-01  0.00000000000000000e+00  0.00000000000000000e+00  0.00000000000000000e+00
1.408000e-01 -4.21139282055481117e-96  1.91985195804802171e-97 -5.28121848222834733e-97
1.536000e-01 -1.63486616492612478e-81  9.18060803587212480e-81  2.41421031006929149e-80
1.664000e-01 -5.26521370318724726e-79 -4.80597944022682050e-78 -8.87884147680552257e-78
1.792000e-01 -1.60282958005834186e-76  2.30954171121738595e-76  1.61348775121962195e-75
1.920000e-01  1.39423613852599637e-74 -8.71846722379361945e-75 -1.20392335470774577e-73
2.048000e-01 -3.58683064028185376e-73  2.72858710886567654e-73  4.89286316786849475e-72
2.176000e-01  1.90164205487385168e-72 -7.55078341426839308e-72 -1.09631611337869566e-70
2.304000e-01  5.76563665009050958e-71  1.34605275915431814e-70  1.45959148801885317e-69
2.432000e-01 -3.77001015622394293e-70 -3.11856799768115273e-70 -9.85879127687667127e-69
2.560000e-01 -1.99109059057393058e-68 -4.26368729720468877e-68 -1.23054935561713711e-67
2.688000e-01  4.12232958035870630e-67  8.56755470376408947e-67  4.83955976397900360e-66
2.816000e-01 -3.33050124291870468e-66 -5.03907070300051847e-66 -5.27184502809331143e-65
2.944000e-01 -1.83558538082184036e-66 -3.49302655215296752e-65  3.99252998304196445e-65
3.072000e-01  4.45699902943753845e-64  6.13126058454670397e-64  2.86057386022025645e-63
3.200000e-01 -5.44074986413306648e-63 -2.78712898334720456e-63 -6.98241223609933960e-63
3.328000e-01  1.36114657596027392e-62  6.73452366531770871e-63 -8.35208804951683047e-62
3.456000e-01  2.47884665700770164e-61  2.53786395660656430e-62 -5.25486495250835385e-61
3.584000e-01 -1.78186819029514098e-60 -1.60260227444154612e-60  5.99158997069079930e-60
3.712000e-01 -3.40124337273132591e-60  1.09434880327236277e-59  5.94790882618183930e-59
3.840000e-01  5.70693577337542572e-59  5.95921556212481734e-59 -4.18189471067328889e-58
3.968000e-01  2.58735404605254669e-59 -6.89532552598714150e-58 -2.97352181018987460e-57
4.096000e-01 -9.59885946050942455e-58 -1.51905463774169742e-57  1.84083890263523060e-56
4.224000e-01 -3.06759620017265976e-57  2.49255890355625528e-56  1.10828849788274202e-55
4.352000e-01  1.29865730700104641e-56  4.72324940208156504e-56 -5.62588449339001388e-55
4.480000e-01  1.80308951728951772e-55 -6.89632338831860432e-55 -3.48259620231477014e-54
4.608000e-01 -3.28546146632748594e-55 -1.77372473988555091e-54  1.26841473561420978e-53
4.736000e-01 -6.03300438662773151e-54  1.58570386366034924e-53  9.34749834963526802e-53
4.864000e-01  1.20125321060160421e-53  5.93274185245445141e-53 -2.07894409017620288e-52
4.992000e-01  1.52115472516495107e-52 -3.00639377834908561e-52 -2.11733986485832733e-51
5.120000e-01 -3.63191915760016472e-52 -1.61507688064449186e-51  2.06811107920419790e-51
5.248000e-01 -3.36861900608680547e-51  4.37757749382145403e-51  4.00725367777800176e-50
5.376000e-01  8.46960691076422225e-51  3.58981861679667158e-50  4.74568841022439544e-51
5.504000e-01  7.05362610312787684e-50 -3.83450084269400429e-50 -6.28510672271144506e-49
5.632000e-01 -1.50437909594063208e-49 -6.56897463432812110e-49 -7.24145137849413872e-49
5.760000e-01 -1.39377139445179683e-48 -1.78145715251403445e-49  8.05837048768824328e-48
5.888000e-01  1.86665070133146767e-48  9.84005282103446620e-48  1.82831772174362256e-47
6.016000e-01  2.49149437506304138e-47  1.53590618985692013e-47 -8.17985818891150341e-47
6.144000e-01 -9.53357573314315523e-48 -1.17088792539166155e-46 -3.08012011620635837e-46
6.272000e-01 -3.86081782576571103e-46 -3.65238570367247937e-46  6.00238937535448599e-46
6.400000e-01 -2.31296522734829813e-46  1.00738638831970890e-45  3.99295792103562316e-45
6.528000e-01  5.01701195989815006e-45  5.93473343612654288e-45 -2.02528310289782608e-45
6.656000e-01  8.14380915032704685e-45 -3.83958078917335404e-45 -4.15886180245325702e-44
6.784000e-01 -5.27978657223414161e-44 -7.37446782066825406e-44 -2.22045234206159179e-44
6.912000e-01 -1.50952762564726573e-43 -5.75704995247869310e-44  3.53146902040895930e-43
7.040000e-01  4.21075683075159866e-43  7.11646360084393159e-43  5.10081133743530674e-43
7.168000e-01  2.04276106799153727e-42  1.52518379198575165e-42 -2.45689463239705675e-42
7.296000e-01 -2.01845566971879101e-42 -5.08175438285621467e-42 -5.89518798618663908e-42
7.424000e-01 -2.17093833662939858e-41 -2.08468805353794637e-41  1.42020264856941016e-41
7.552000e-01 -4.68106690534634795e-42  2.10075250272463360e-41  5.06983843921796316e-41
7.680000e-01  1.84658329433886458e-40  2.07632340542524414e-40 -7.32289832768016746e-41
7.808000e-01  2.30243238570068209e-40  6.08009177638204009e-41 -3.68635453319935465e-40
7.936000e-01 -1.24443505695423642e-39 -1.61437295934892342e-39  4.08560004611736387e-40
8.064000e-01 -2.99497198869495380e-39 -2.19116396187797619e-39  2.57591428264667545e-39
8.192000e-01  6.30720307852024100e-39  9.88545859189248117e-39 -2.82014541134107347e-39
8.320000e-01  2.70019809523079392e-38  2.54553025299146992e-38 -1.95831671465818829e-38
8.448000e-01 -1.95198413436895502e-38 -4.59569537127329988e-38  1.91744780191350750e-38
8.576000e-01 -1.94364115261622140e-37 -2.12830928402523047e-37  1.62566315230752637e-37
8.704000e-01 -2.28700115145502608e-38  1.34851855385660145e-37 -8.07354523204511612e-38
8.832000e-01  1.20478281276715180e-36  1.49072426903710213e-36 -1.32355885575421532e-36
8.960000e-01  9.07485060711782193e-37  1.57610858980852181e-37 -2.74560233353808161e-37
9.088000e-01 -6.93497947827066054e-36 -9.54061504983752884e-36  9.62362458526589502e-36
9.216000e-01 -9.41426961353159195e-36 -7.04867804574039785e-36  9.65704520084483037e-36
9.344000e-01  3.91911385612056336e-35  5.83491723935988532e-35 -5.92361990154495484e-35
9.472000e-01  8.30741632626193379e-35  8.61346810555724562e-35 -1.16700700627600390e-34
9.600000e-01 -2.08685165140129455e-34 -3.29071787055521314e-34  2.90332165612608198e-34
9.728000e-01 -7.03477805886941433e-34 -8.42168756664486651e-34  1.01912548706952143e-33
9.856000e-01  8.38442632832219596e-34  1.46218552071168159e-33 -9.12024104325199303e-34
9.984000e-01  5.42255729051932220e-33  6.94550993469618433e-33 -7.23053382197025706e-33
1.011200e+00 -2.16153964391888001e-34 -2.44407257306079723e-33 -1.34658972313046512e-33
1.024000e+00 -3.49785686241477467e-32 -4.67302526331914379e-32  4.24610159739104760e-32
1.036800e+00 -3.70837226411401358e-32 -3.70616472447165933e-32  5.11964229810805160e-32
1.049600e+00  1.71010070244161171e-31  2.40054453401690848e-31 -1.95624821878155167e-31
1.062400e+00  4.22906677151296702e-31  5.04401886678921499e-31 -5.06359053067111352e-31
1.075200e+00 -4.77973925481193883e-31 -7.68665899354281519e-31  5.49265275106473776e-31
1.088000e+00 -2.98262407415482516e-30 -3.78607878097779000e-30  3.44799229976716036e-30
1.100800e+00 -1.12276218877146444e-30 -5.49735226198692627e-31  1.01009719582938159e-30
1.113600e+00  1.46317916196900980e-29  1.95820549420411484e-29 -1.73347637127467180e-29
1.126400e+00  2.48642458406350395e-29  2.81634419577116905e-29 -2.64296215417308151e-29
1.139200e+00 -4.28495353463606618e-29 -6.36201337939485853e-29  5.71202706871624610e-29
1.152000e+00 -1.82508335874273543e-28 -2.25584601867739101e-28  2.07262729523069752e-28
1.164800e+00 -3.29275844697094262e-29  1.13903408578256705e-29 -1.81139494557333994e-29
1.177600e+00  8.43299516162077525e-28  1.10545269364911297e-27 -1.04760763615670379e-27
1.190400e+00  1.32585897707682138e-27  1.46977812916243902e-27 -1.33859048579728994e-27
1.203200e+00 -2.08423438265824004e-27 -3.07408899750957897e-27  3.12065018690361769e-27
1.216000e+00 -9.08571886930654035e-27 -1.10606420847984863e-26  1.07454578615774992e-26
1.228800e+00 -3.95378784156602643e-27 -2.42504559943248147e-27  1.74775798684681313e-27
1.241600e+00  3.37692684048786074e-26  4.39913307528136968e-26 -4.46337468178886601e-26
1.254400e+00  6.77516643585351080e-26  7.55050875810025184e-26 -7.68106886542330028e-26
1.267200e+00 -3.34764749556763829e-26 -6.19265253250353781e-26  5.75553931562566253e-26
1.280000e+00 -3.11373817703425123e-25 -3.75122539798941720e-25  3.77746406708541039e-25
1.292800e+00 -3.45403526140872706e-25 -3.22379367087331361e-25  3.93514596498556759e-25
1.305600e+00  5.29411346143705191e-25  7.61402348760227604e-25 -5.22859320107575722e-25
1.318400e+00  1.68825207355187516e-24  1.79734279775465138e-24 -1.58513798877893795e-24
1.331200e+00  4.41782306873989045e-25 -3.51420016693693921e-25 -7.58864296975826630e-25
1.344000e+00 -3.03995417682669096e-24 -4.04157693986890388e-24 -8.91996555885584554e-25
1.356800e+00  1.96135659971300354e-24  5.36351943640919128e-24 -1.31954444231936888e-23
1.369600e+00  2.27770398353313082e-23  3.40642168775263848e-23 -2.71613177750148644e-23
1.382400e+00  7.48128731443266959e-24  9.65207521063431388e-24  5.72611608694591788e-23
1.395200e+00 -1.76020861294770527e-22 -2.33618436288853511e-22  3.93241720414488097e-22
1.408000e+00 -5.06965442538915344e-22 -6.53116098530130403e-22  7.58722713643318108e-22
1.420800e+00 -2.51062077107568849e-22 -3.25240671103994981e-22 -2.13052560575851710e-22
1.433600e+00  2.18295037158406343e-21  2.68237584795458895e-21 -4.82842741290358595e-21
1.446400e+00  7.19330811723327440e-21  8.84265567408766109e-21 -1.24902932595061380e-20
1.459200e+00  8.76888909712000142e-21  1.10282059229998854e-20 -1.12169328369969678e-20
1.472000e+00 -9.85284879522643712e-21 -1.07877944779155700e-20  2.80761475807591083e-20
1.484800e+00 -6.73942051019527998e-20 -8.01386346635704085e-20  1.32854146569929743e-19
1.497600e+00 -1.46504697932023336e-19 -1.80282547674518870e-19  2.56397301240170952e-19
1.510400e+00 -1.24919501294267312e-19 -1.69263657316629414e-19  1.51085555767553539e-19
1.523200e+00  2.73448907741091153e-19  2.93509788079844000e-19 -6.98875832759488170e-19
1.536000e+00  1.34886111577031731e-18  1.61582531463432016e-18 -2.74637324005447681e-18
1.548800e+00  2.83393086793580735e-18  3.55804666784935630e-18 -5.12209758990900683e-18
1.561600e+00  2.66084367512890984e-18  3.64849043521576064e-18 -3.34346447291105766e-18
1.574400e+00 -4.18055614667992988e-18 -4.42522826515313652e-18  1.20443193629357155e-17
1.587200e+00 -2.37712938023777544e-17 -2.87805853082478197e-17  4.99107108824217702e-17
1.600000e+00 -5.31876279842249580e-17 -6.69464191239877259e-17  9.74005027658331565e-17
1.612800e+00 -5.96223716295326788e-17 -7.92988777020199628e-17  8.27902409920860969e-17
1.625600e+00  3.86052075684112752e-17  3.66845276843031607e-17 -1.46711508167424886e-16
1.638400e+00  3.46392080929311391e-16  4.18370189305792491e-16 -7.49254876771237088e-16
1.651200e+00  8.54522046605127978e-16  1.07016097691029752e-15 -1.60489757820752989e-15
1.664000e+00  1.16102581205158407e-15  1.51084890003168035e-15 -1.81681599459381250e-15
1.676800e+00  1.92868217978072627e-16  3.99637406035187057e-16  6.64775129465418365e-16
1.689600e+00 -3.61448410908874690e-15 -4.29343936292848905e-15  8.39884421477351946e-15
1.702400e+00 -1.09439261138516783e-14 -1.36222904199115188e-14  2.15301198851502122e-14
1.715200e+00 -1.85342264279157716e-14 -2.37883170501344855e-14  3.20878767766059158e-14
1.728000e+00 -1.53613495074137814e-14 -2.10795321336700058e-14  1.80135520270897847e-14
1.740800e+00  1.80827076629880493e-14  1.96041312758433064e-14 -5.52066591395303794e-14
1.753600e+00  1.00293360205681883e-13  1.23443743222019150e-13 -2.12538596989556607e-13
1.766400e+00  2.21965123712953794e-13  2.81927391634684908e-13 -4.17100521903501136e-13
1.779200e+00  3.03943680257363090e-13  3.97939543515684792e-13 -4.97954426487967810e-13
1.792000e+00  1.64126753174035919e-13  2.39349812575654692e-13 -1.10277960550050999e-13
1.804800e+00 -4.52578698887844290e-13 -5.29530733019117070e-13  1.17131361365306579e-12
1.817600e+00 -1.71176826550374190e-12 -2.14594535024647872e-12  3.51486073208663386e-12
1.830400e+00 -3.36189662658975563e-12 -4.32579256823952935e-12  6.22908477286045764e-12
1.843200e+00 -4.33083357374975536e-12 -5.72346181339548376e-12  7.11568244387410155e-12
1.856000e+00 -2.53170300708361683e-12 -3.63543098377560814e-12  2.33036012429687573e-12
1.868800e+00  4.66333518696429458e-12  5.44840625291848592e-12 -1.24541504184458591e-11
1.881600e+00  1.88544331362981408e-11  2.38516488213760068e-11 -3.89704256172246879e-11
1.894400e+00  3.79558643840653230e-11  4.92145167138955780e-11 -7.16403911707190509e-11
1.907200e+00  5.33330351431082808e-11  7.05770972806137088e-11 -9.30673702650552950e-11
1.920000e+00  4.86612992342452162e-11  6.65484903339187509e-11 -7.32186798762269172e-11
1.932800e+00  2.96034064150904580e-12  8.88841519486395547e-12  2.37225803941234633e-11
1.945600e+00 -1.00573273046743929e-10 -1.26104629970710937e-10  2.22803026788944652e-10
1.958400e+00 -2.60950560173753399e-10 -3.39388447798607098e-10  5.14808565068828583e-10
1.971200e+00 -4.45828483093886017e-10 -5.90293821647199282e-10  8.34793182156687093e-10
1.984000e+00 -5.85868635647350186e-10 -7.87474193005421193e-10  1.05565232699064704e-09
1.996800e+00 -5.84432078250588773e-10 -8.00139531206477112e-10  1.00756148960318368e-09
2.009600e+00 -3.44326106491982733e-10 -4.92877313468564525e-10  5.23571672318111605e-10
2.022400e+00  1.96615002334424145e-10  2.25929560019546142e-10 -5.04466423867172960e-10
2.035200e+00  1.03897456599524133e-09  1.36572945504758806e-09 -2.08925573873061890e-09
2.048000e+00  2.12494839943491580e-09  2.85426625250374497e-09 -4.16185361360921960e-09
2.060800e+00  3.38337050148942909e-09  4.59527271659568743e-09 -6.65074166685360795e-09
2.073600e+00  4.80957557938453090e-09  6.57635005293899459e-09 -9.61085155220721632e-09
2.086400e+00  6.55216349746758296e-09  8.99048451294644897e-09 -1.33581754702219985e-08
2.099200e+00  8.96908501629573574e-09  1.23191682038368607e-08 -1.85569457064002930e-08
2.112000e+00  1.26275845210832362e-08  1.73391018358795645e-08 -2.62302577196871418e-08
2.124800e+00  1.82558209941783366e-08  2.50588934098197873e-08 -3.77155728374534224e-08
2.137600e+00  2.66930625356044588e-08  3.66472640691142442e-08 -5.46382727236181259e-08
2.150400e+00  3.89058892821777557e-08  5.34464588854037529e-08 -7.89963799005169499e-08
2.163200e+00  5.61216006226657873e-08  7.71466219671441622e-08 -1.13419054966241071e-07
2.176000e+00  8.00806614895621492e-08  1.10130602750908096e-07 -1.61593943848171111e-07
2.188800e+00  1.13356836533373061e-07  1.55922142307631087e-07 -2.28797457704836706e-07
2.201600e+00  1.59675756645496831e-07  2.19638668172265153e-07 -3.22455274124204728e-07
2.214400e+00  2.24200811468888733e-07  3.08396447669100400e-07 -4.52723901770608985e-07
2.227200e+00  3.13832055230569556e-07  4.31722092179129121e-07 -6.33184850522686482e-07
2.240000e+00  4.37630940465988615e-07  6.02125099501960316e-07 -8.81816813982244999e-07
2.252800e+00  6.07495467064753314e-07  8.36013019674276368e-07 -1.22240977471085909e-06
2.265600e+00  8.39159520089621761e-07  1.15506528074838496e-06 -1.68651474413828891e-06
2.278400e+00  1.15351682200834823e-06  1.58807407698056671e-06 -2.31594531870845666e-06
2.291200e+00  1.57823359955275295e-06  2.17319720488788389e-06 -3.16583408333348397e-06
2.304000e+00  2.14964935707427455e-06  2.96060674421842013e-06 -4.30832464530640765e-06
2.316800e+00  2.91505488152982543e-06  4.01564406138280107e-06 -5.83710769853528687e-06
2.329600e+00  3.93552403827705093e-06  5.42272665357081275e-06 -7.87310877761002468e-06
2.342400e+00  5.28950742669296228e-06  7.29031158178975730e-06 -1.05716515796222369e-05
2.355200e+00  7.07736197568537080e-06  9.75717848937436458e-06 -1.41313660275441886e-05
2.368000e+00  9.42693268675732251e-06  1.30002054286222984e-05 -1.88050538353469914e-05
2.380800e+00  1.25002799784131687e-05  1.72437612391475138e-05 -2.49127360043037046e-05
2.393600e+00  1.65016859510004179e-05  2.27708812982786616e-05 -3.28571986899712758e-05
2.406400e+00  2.16871485938541580e-05  2.99365041216413459e-05 -4.31424701781046898e-05
2.419200e+00  2.83756284044075592e-05  3.91831466346306064e-05 -5.63957249875960643e-05
2.432000e+00  3.69623128358961001e-05  5.10594228447217277e-05 -7.33930871714703935e-05
2.444800e+00  4.79341261902087464e-05  6.62417646986701949e-05 -9.50897263939193228e-05
2.457600e+00  6.18876783893637802e-05  8.55596360081705662e-05 -1.22654569161779456e-04
2.470400e+00  7.95498348813251455e-05  1.10024484721313017e-04 -1.57509913595331262e-04
2.483200e+00  1.01801077523474060e-04  1.40862653100571353e-04 -2.01376212780297523e-04
2.496000e+00  1.29701776004122557e-04  1.79552424263668147e-04 -2.56322227610545391e-04
2.508800e+00  1.64521397083355745e-04  2.27865301653275141e-04 -3.24820616654255677e-04
2.521600e+00  2.07770576147113143e-04  2.87911499010215814e-04 -4.09808834918219960e-04
2.534400e+00  2.61235886216863473e-04  3.62189474453542221e-04 -5.14754970753007247e-04
2.547200e+00  3.27017044701552115e-04  4.53639168327456830e-04 -6.43727860639367036e-04
2.560000e+00  4.07566154234361171e-04  5.65698383985887470e-04 -8.01470480768087649e-04
2.572800e+00  5.05728363224939486e-04  7.02361481435519902e-04 -9.93475235709289934e-04
2.585600e+00  6.24783082977357364e-04  8.68239254611100899e-04 -1.22605937246380485e-03
2.598400e+00  7.68484652719266057e-04  1.06861855015312848e-03 -1.50643834403332518e-03
2.611200e+00  9.41101112276088126e-04  1.30951985242683320e-03 -1.84279449811756610e-03
2.624000e+00  1.14744950582918782e-03  1.59775069360591077e-03 -2.24433795049708154e-03
2.636800e+00  1.39292589130744836e-03  1.94095236528210916e-03 -2.72135595704450393e-03
2.649600e+00  1.68352799230035884e-03  2.34763705848631526e-03 -3.28524661350091014e-03
2.662400e+00  2.02586823169224059e-03  2.82721228276086329e-03 -3.94853235763333379e-03
2.675200e+00  2.42717472760178984e-03  3.38998920429720929e-03 -4.72484851555316637e-03
2.688000e+00  2.89527769490531724e-03  4.04717136063665554e-03 -5.62890196838053414e-03
2.700800e+00  3.43857859520966700e-03  4.81082005385674669e-03 -6.67639490991586877e-03
2.713600e+00  4.06599938102020480e-03  5.69379266825833629e-03 -7.88390870922903858e-03
2.726400e+00  4.78690935051978919e-03  6.70965030322976611e-03 -9.26874321174542444e-03
2.739200e+00  5.61102746429192542e-03  7.87253149925359365e-03 -1.08487074696352725e-02
2.752000e+00  6.54829841145825910e-03  9.19698941964980712e-03 -1.26418588405022205e-02
2.764800e+00  7.60874121137801104e-03  1.06977905668261333e-02 -1.46661885447403554e-02
2.777600e+00  8.80226974055811975e-03  1.23896739554779940e-02 -1.69392531004841571e-02
2.790400e+00  1.01384853575921460e-02  1.42870706913856317e-02 -1.94777526277891098e-02
2.803200e+00  1.16264427739164924e-02  1.64037851511437648e-02 -2.22970589159507959e-02
2.816000e+00  1.32743914178302339e-02  1.87526404032511904e-02 -2.54106983742600073e-02
2.828800e+00  1.50894956983718843e-02  2.13450921098565539e-02 -2.88297974025341457e-02
2.841600e+00  1.70775387865230478e-02  2.41908168685304875e-02 -3.25625001332233432e-02
2.854400e+00  1.92426157840644221e-02  2.72972827283516802e-02 -3.66133707844308667e-02
2.867200e+00  2.15868233504779156e-02  3.06693112933660479e-02 -4.09827950065194194e-02
2.880000e+00  2.41099538711348309e-02  3.43086422493345602e-02 -4.56663966233274501e-02
2.892800e+00  2.68092030446142569e-02  3.82135123025062126e-02 -5.06544879922029082e-02
2.905600e+00  2.96789004458580079e-02  4.23782615406443422e-02 -5.59315736368641986e-02
2.918400e+00  3.27102732447456176e-02  4.67929811815637545e-02 -6.14759276141551292e-02
2.931200e+00  3.58912536666655194e-02  5.14432173438014104e-02 -6.72592651293857230e-02
2.944000e+00  3.92063406780439327e-02  5.63097454691751514e-02 -7.32465282063534534e-02
2.956800e+00  4.26365256262861564e-02  6.13684291567365356e-02 -7.93958037694046798e-02
2.969600e+00  4.61592903249086542e-02  6.65901756309665027e-02 -8.56583902829400612e-02
2.982400e+00  4.97486846282689729e-02  7.19409982195634568e-02 -9.19790260803096255e-02
2.995200e+00  5.33754889660681409e-02  7.73821941728981000e-02 -9.82962887174879535e-02
3.008000e+00  5.70074654246720547e-02  8.28706436923259404e-02 -1.04543170185836198e-01
3.020800e+00  6.06096985713192524e-02  8.83592328755822276e-02 -1.10647827703174162e-01
3.033600e+00  6.41450243583130131e-02  9.37973994576981746e-02 -1.16534504187370727e-01
3.046400e+00  6.75745423990660593e-02  9.91317960847585278e-02 -1.22124606618485593e-01
3.059200e+00  7.08582039874213893e-02  1.04307061844935156e-01 -1.27337924639711553e-01
3.072000e+00  7.39554655794930349e-02  1.09266689130065042e-01 -1.32093966229540255e-01
3.084800e+00  7.68259950276068693e-02  1.13953969556459631e-01 -1.36313382236026098e-01
3.097600e+00  7.94304155571655540e-02  1.18312999466000435e-01 -1.39919447059593915e-01
3.110400e+00  8.17310703581261289e-02  1.22289722472771631e-01 -1.42839558999649341e-01
3.123200e+00  8.36927889796754837e-02  1.25832983972108764e-01 -1.45006721122497517e-01
3.136000e+00  8.52836357853081622e-02  1.28895570986447855e-01 -1.46360962296930325e-01
3.148800e+00  8.64756206628232577e-02  1.31435210406932790e-01 -1.46850658324685163e-01
3.161600e+00  8.72453528168931208e-02  1.33415499357234568e-01 -1.46433714693563560e-01
3.174400e+00  8.75746195548497419e-02  1.34806742660806916e-01 -1.45078575311584440e-01
3.187200e+00  8.74508734856810355e-02  1.35586674170741522e-01 -1.42765025758137903e-01
3.200000e+00  8.68676136947310051e-02  1.35741041345500801e-01 -1.39484765200575761e-01
3.212800e+00  8.58246493629786639e-02  1.35264036172831309e-01 -1.35241727943485351e-01
3.225600e+00  8.43282377846538700e-02  1.34158560128462528e-01 -1.30052143117127844e-01
3.238400e+00  8.23910924239903419e-02  1.32436315751191386e-01 -1.23944328873759432e-01
3.251200e+00  8.00322602906792663e-02  1.30117722234074251e-01 -1.16958225520206585e-01
3.264000e+00  7.72768714921366062e-02  1.27231657169378981e-01 -1.09144680204120895e-01
3.276800e+00  7.41557673814578211e-02  1.23815031366003483e-01 -1.00564503766380070e-01
3.289600e+00  7.07050171597626981e-02  1.19912208391710864e-01 -9.12873276137605855e-02
3.302400e+00  6.69653358784827041e-02  1.15574284843855471e-01 -8.13902944978258241e-02
3.315200e+00  6.29814193083259449e-02  1.10858250961725718e-01 -7.09566217820877393e-02
3.328000e+00  5.88012129885300966e-02  1.05826053860177016e-01 -6.00740791918726591e-02
3.340800e+00  5.44751339292588177e-02  1.00543587381710972e-01 -4.88334251004572048e-02
3.353600e+00  5.00552639685703793e-02  9.50796334686030420e-02 -3.73268458748485313e-02
3.366400e+00  4.55945337694605712e-02  8.95047802028592632e-02 -2.56464415277157208e-02
3.379200e+00  4.11459159121989673e-02  8.38903412578407143e-02 -1.38827980148403165e-02
3.392000e+00  3.67616444251615965e-02  7.83073002803694740e-02 -2.12368227493578031e-03
3.404800e+00  3.24924763468914732e-02  7.28253015521234115e-02  9.54710922360076444e-03
3.417600e+00  2.83870086396329317e-02  6.75117053568655701e-02  2.10507239473463233e-02
3.430400e+00  2.44910612615194326e-02  6.24307232607599488e-02  3.23140313446775157e-02
3.443200e+00  2.08471346903214803e-02  5.76426453428788566e-02  4.32701955366929167e-02
3.456000e+00  1.74939477179591948e-02  5.32031682867408554e-02  5.38590402579066235e-02
3.468800e+00  1.44660588377838756e-02  4.91628299949690567e-02  6.40272109626339458e-02
3.481600e+00  1.17935720615273999e-02  4.55665530528988963e-02  7.37281459024127644e-02
3.494400e+00  9.50192571185290262e-03  4.24532962484997431e-02  8.29218742274668436e-02
3.507200e+00  7.61176081790585976e-03  3.98558107579649532e-02  9.15746644728047676e-02
3.520000e+00  6.13886423916353875e-03  3.78004955931508790e-02  9.96585509075421927e-02
3.532800e+00  5.09418050457876182e-03  3.63073453653527875e-02  1.07150768077704142e-01
3.545600e+00  4.48388554025334375e-03  3.53899822602136843e-02  1.14033125506818031e-01
3.558400e+00  4.30951497091587067e-03  3.50557633478821296e-02  1.20291354962054314e-01
3.571200e+00  4.56813950862956872e-03  3.53059539961398106e-02  1.25914461904809677e-01
3.584000e+00  5.25258004219674151e-03  3.61359581873088934e-02  1.30894110717288265e-01
3.596800e+00  6.35165536305108257e-03  3.75355968969818057e-02  1.35224070164741805e-01
3.609600e+00  7.85045596724166621e-03  3.94894262902273918e-02  1.38899741560083667e-01
3.622400e+00  9.73063800170613676e-03  4.19770882281436594e-02  1.41917787481593310e-01
3.635200e+00  1.19707320966455054e-02  4.49736863583826765e-02  1.44275873830404272e-01
3.648000e+00  1.45464624813482300e-02  4.84501818383838503e-02  1.45972532654085413e-01
3.660800e+00  1.74310724046331210e-02  5.23738035056687534e-02  1.47007147687410106e-01
3.673600e+00  2.05956524834939765e-02  5.67084680501386065e-02  1.47380059184096052e-01
3.686400e+00  2.40094691672131134e-02  6.14152063976927606e-02  1.47092779549595792e-01
3.699200e+00  2.76402909757699940e-02  6.64525930166042222e-02  1.46148306731999272e-01
3.712000e+00  3.14547105082473299e-02  7.17771751997846458e-02  1.44551518440907606e-01
3.724800e+00  3.54184604352852234e-02  7.73438996148637509e-02  1.42309627126677024e-01
3.737600e+00  3.94967218597351566e-02  8.31065336245625647e-02  1.39432673283921199e-01
3.750400e+00  4.36544236197530661e-02  8.90180791033287899e-02  1.35934033062041604e-01
3.763200e+00  4.78565313291955466e-02  9.50311767044451500e-02  1.31830915442334190e-01
3.776000e+00  5.20683251566099320e-02  1.01098498730249162e-01  1.27144824453635286e-01
3.788800e+00  5.62556655005050088e-02  1.07173128915349483e-01  1.21901963023245699e-01
3.801600e+00  6.03852458557258623e-02  1.13208927598243678e-01  1.16133556942362839e-01
3.814400e+00  6.44248323580026289e-02  1.19160881012478098e-01  1.09876079888144379e-01
3.827200e+00  6.83434897714659401e-02  1.24985433800499438e-01  1.03171363413601891e-01
3.840000e+00  7.21117939861851687e-02  1.30640804263127880e-01  9.60665793049265970e-02
3.852800e+00  7.57020313276769719e-02  1.36087282193534082e-01  8.86140856741754745e-02
3.865600e+00  7.90883851244960911e-02  1.41287509381155946e-01  8.08711324250955266e-02
3.878400e+00  8.22471100899966889e-02  1.46206743078083540e-01  7.28994260616185746e-02
3.891200e+00  8.51566951917052672e-02  1.50813102939088339e-01  6.47645580478805327e-02
3.904000e+00  8.77980157546840584e-02  1.55077802094107486e-01  5.65353050461662107e-02
3.916800e+00  9.01544754705956020e-02  1.58975362951797372e-01  4.82828133469683854e-02
3.929600e+00  9.22121387177534252e-02  1.62483818020787818e-01  4.00796835648036878e-02
3.942400e+00  9.39598531964158379e-02  1.65584895555275530e-01  3.19989750249718014e-02
3.955200e+00  9.53893624357353975e-02  1.68264189283036270e-01  2.41131520566085361e-02
3.968000e+00  9.64954072633244370e-02  1.70511310868185439e-01  1.64929965848350513e-02
3.980800e+00  9.72758148137509299e-02  1.72320023051364901e-01  9.20651299784965016e-03
3.993600e+00  9.77315730722058129e-02  1.73688350597283103e-01  2.31785224738130643e-03
4.006400e+00  9.78668883602531459e-02  1.74618665353576036e-01 -4.11371755652241433e-03
4.019200e+00  9.76892226745968012e-02  1.75117741004702121e-01 -1.00347672780775523e-02
4.032000e+00  9.72093074629595544e-02  1.75196772563687986e-01 -1.53985641439120108e-02
4.044800e+00  9.64411302750955157e-02  1.74871355305174447e-01 -2.01658069813734804e-02
4.057600e+00  9.54018907428250684e-02  1.74161417722390022e-01 -2.43052186231164473e-02
4.070400e+00  9.41119225306625146e-02  1.73091103230310184e-01 -2.77939781164503359e-02
4.083200e+00  9.25945783102945508e-02  1.71688595787830328e-01 -3.06179793089626506e-02
4.096000e+00  9.08760754933896492e-02  1.69985885396913117e-01 -3.27719069105387589e-02
4.108800e+00  8.89853013895551964e-02  1.68018470533829012e-01 -3.42591261230674529e-02
4.121600e+00  8.69535775554729773e-02  1.65824995915014373e-01 -3.50913871522218618e-02
4.134400e+00  8.48143842721967578e-02  1.63446825522183758e-01 -3.52883511633645050e-02
4.147200e+00  8.26030472760879569e-02  1.60927552446307243e-01 -3.48769494089444451e-02
4.160000e+00  8.03563900579965656e-02  1.58312448815250056e-01 -3.38905922667246881e-02
4.172800e+00  7.81123562057949306e-02  1.55647860795206372e-01 -3.23682496294047523e-02
4.185600e+00  7.59096073163640778e-02  1.52980555312508149e-01 -3.03534282180968201e-02
4.198400e+00  7.37871028274328516e-02  1.50357026608852140e-01 -2.78930747156947746e-02
4.211200e+00  7.17836686219501391e-02  1.47822771916743034e-01 -2.50364360186438283e-02
4.224000e+00  6.99375614095491677e-02  1.45421546383980582e-01 -2.18339093633461816e-02
4.236800e+00  6.82860357180664346e-02  1.43194607903158522e-01 -1.83359155459954203e-02
4.249600e+00  6.68649198628596675e-02  1.41179962738581022e-01 -1.45918278171005816e-02
4.262400e+00  6.57082065034437363e-02  1.39411622791446421e-01 -1.06489872315619991e-02
4.275200e+00  6.48476623434807581e-02  1.37918885010311409e-01 -6.55183233277297113e-03
4.288000e+00  6.43124602305034931e-02  1.36725642889950261e-01 -2.34116718896937130e-03
4.300800e+00  6.41288354820794410e-02  1.35849739312499829e-01  1.94641287890170880e-03
4.313600e+00  6.43197668435102621e-02  1.35302369288386737e-01  6.27892391048812809e-03
4.326400e+00  6.49046811734486778e-02  1.35087540542790735e-01  1.06292161853274968e-02
4.339200e+00  6.58991798272560020e-02  1.35201599428325547e-01  1.49750154665773908e-02
4.352000e+00  6.73147838426553929e-02  1.35632829380807368e-01  1.92987869110898963e-02
4.364800e+00  6.91586945423847271e-02  1.36361129130219444e-01  2.35874319562879298e-02
4.377600e+00  7.14335661652036463e-02  1.37357778173140654e-01  2.78318340898220697e-02
4.390400e+00  7.41372876681593573e-02  1.38585297594993578e-01  3.20262743614061970e-02
4.403200e+00  7.72627718862178015e-02  1.39997415130980102e-01  3.61677416084456999e-02
4.416000e+00  8.07977517430041037e-02  1.41539144269954481e-01  4.02551655130600830e-02
4.428800e+00  8.47245851435409203e-02  1.43146988119288582e-01  4.42886027103373409e-02
4.441600e+00  8.90200724988736425e-02  1.44749279522646351e-01  4.82684071443936769e-02
4.454400e+00  9.36552934203422893e-02  1.46266669379682634e-01  5.21944156594840725e-02
4.467200e+00  9.85954717906758343e-02  1.47612775054223988e-01  5.60651784608382706e-02
4.480000e+00  1.03799880959767665e-01  1.48694999982802722e-01  5.98772617360915499e-02
4.492800e+00  1.09221803046068502e-01  1.49415533950416096e-01  6.36246465515220155e-02
4.505600e+00  1.14808558101765518e-01  1.49672540862367615e-01  6.72982442251098267e-02
4.518400e+00  1.20501620061574360e-01  1.49361537121720067e-01  7.08855438408722283e-02
4.531200e+00  1.26236836753204573e-01  1.48376958884164412e-01  7.43704026320035905e-02
4.544000e+00  1.31944770629628727e-01  1.46613910545293324e-01  7.77329849241494147e-02
4.556800e+00  1.37551175192009933e-01  1.43970079944306051e-01  8.09498504199564206e-02
4.569600e+00  1.42977619297955633e-01  1.40347798141502500e-01  8.39941879237996042e-02
4.582400e+00  1.48142267730298149e-01  1.35656213503480089e-01  8.68361862451458438e-02
4.595200e+00  1.52960821590660989e-01  1.29813541530373194e-01  8.94435301607633126e-02
4.608000e+00  1.57347616373020194e-01  1.22749343769383942e-01  9.17820061481966626e-02
4.620800e+00  1.61216869144694575e-01  1.14406781715316375e-01  9.38162001832560516e-02
4.633600e+00  1.64484059386953430e-01  1.04744785259836257e-01  9.55102681541977472e-02
4.646400e+00  1.67067421041326103e-01  9.37400704600279133e-02  9.68287583239061805e-02
4.659200e+00  1.68889516485210722e-01  8.13889385529095177e-02  9.77374647813280956e-02
4.672000e+00  1.69878856829877717e-01  6.77087875867013883e-02  9.82042909661714619e-02
4.684800e+00  1.69971527420344215e-01  5.27392700481437507e-02  9.82001030211513554e-02
4.697600e+00  1.69112773060912353e-01  3.65430346313362422e-02  9.76995537489392385e-02
4.710400e+00  1.67258494610326020e-01  1.92059978891162171e-02  9.66818591974387131e-02
4.723200e+00  1.64376607435487876e-01  8.37101851521273232e-04  9.51315113212581748e-02
4.736000e+00  1.60448212943974600e-01 -1.84324734434681003e-02  9.30389117376814456e-02
4.748800e+00  1.55468537114050509e-01 -3.84506585370374340e-02  9.04009132377995017e-02
4.761600e+00  1.49447594616330559e-01 -5.90464035529205400e-02  8.72212573400018842e-02
4.774400e+00  1.42410543708843068e-01 -8.00321290368472410e-02  8.35108977422567150e-02
4.787200e+00  1.34397705430076231e-01 -1.01206681686738090e-01  7.92882010642075724e-02
4.800000e+00  1.25464230446920899e-01 -1.22358739913818140e-01  7.45790178311832308e-02
4.812800e+00  1.15679407868305065e-01 -1.43270597079283551e-01  6.94166183011415416e-02
4.825600e+00  1.05125621978105085e-01 -1.63722234921469589e-01  6.38414895072256100e-02
4.838400e+00  9.38969747182592240e-02 -1.83495586809196670e-01  5.79009917958565393e-02
4.851200e+00  8.20976034028527840e-02 -2.02378880629641961e-01  5.16488752086463193e-02
4.864000e+00  6.98397340847281833e-02 -2.20170944848741473e-01  4.51446583460340181e-02
4.876800e+00  5.72415207321767955e-02 -2.36685358952220398e-01  3.84528749224159541e-02
4.889600e+00  4.44247284423672159e-02 -2.51754331309736790e-01  3.16421960731836857e-02
4.902400e+00  3.15123249490647447e-02 -2.65232193535585359e-01  2.47844395184158746e-02
4.915200e+00  1.86260484127120825e-02 -2.76998410481976209e-01  1.79534798187139140e-02
4.928000e+00  5.88402074020942870e-03 -2.86960018756371504e-01  1.12240771017507613e-02
4.940800e+00 -6.60152561728946478e-03 -2.95053423622432642e-01  4.67064472192097683e-03
4.953600e+00 -1.87263432772025590e-02 -3.01245503718591767e-01 -1.63402079779955312e-03
4.966400e+00 -3.03960300609935827e-02 -3.05533994478731807e-01 -7.62002170111116678e-03
4.979200e+00 -4.15276041013320496e-02 -3.07947143629972275e-01 -1.32216250498087690e-02
4.992000e+00 -5.20507544594171270e-02 -3.08542654783942827e-01 -1.83784838910536936e-02
5.004800e+00 -6.19087392065430439e-02 -3.07405957051618162e-01 -2.30367840696505746e-02
5.017600e+00 -7.10589151836181487e-02 -3.04647858973688013e-01 -2.71502876251558459e-02
5.030400e+00 -7.94728962361459096e-02 -3.00401663119382434e-01 -3.06812451045009559e-02
5.043200e+00 -8.71363491047808664e-02 -2.94819832807764304e-01 -3.36011515069133335e-02
5.056000e+00 -9.40484478286105763e-02 -2.88070314003248451e-01 -3.58913238931604581e-02
5.068800e+00 -1.00221018021373925e-01 -2.80332623140685466e-01 -3.75432828531029675e-02
5.081600e+00 -1.05677411299365531e-01 -2.71793815242281411e-01 -3.85589249533065601e-02
5.094400e+00 -1.10451157154164772e-01 -2.62644446192760395e-01 -3.89504788434464830e-02
5.107200e+00 -1.14584444464924926e-01 -2.53074638602263924e-01 -3.87402436605881056e-02
5.120000e+00 -1.18126487528503132e-01 -2.43270352603482592e-01 -3.79601144748922953e-02
5.132800e+00 -1.21131831934305018e-01 -2.33409951621305317e-01 -3.66509055500831918e-02
5.145600e+00 -1.23658653899561530e-01 -2.23661139174588935e-01 -3.48614879624241508e-02
5.158400e+00 -1.25767102992448365e-01 -2.14178326791196832e-01 -3.26477634207371983e-02
5.171200e+00 -1.27517732789899474e-01 -2.05100475871573290e-01 -3.00715007105860528e-02
5.184000e+00 -1.28970057294932966e-01 -1.96549438559111389e-01 -2.71990648421229601e-02
5.196800e+00 -1.30181263251661766e-01 -1.88628805077663747e-01 -2.41000716055745946e-02
5.209600e+00 -1.31205100233989069e-01 -1.81423248252404773e-01 -2.08460017884815989e-02
5.222400e+00 -1.32090961950106750e-01 -1.74998340661566443e-01 -1.75088097458079503e-02
5.235200e+00 -1.32883164005032167e-01 -1.69400806607150012e-01 -1.41595603077822665e-02
5.248000e+00 -1.33620415769901107e-01 -1.64659160255119175e-01 -1.08671261965108956e-02
5.260800e+00 -1.34335477325996655e-01 -1.60784673157224361e-01 -7.69697532448424763e-03
5.273600e+00 -1.35054986913731523e-01 -1.57772609071188424e-01 -4.71007373728568428e-03
5.286400e+00 -1.35799440080736161e-01 -1.55603661558832734e-01 -1.96192571018933897e-03
5.299200e+00 -1.36583298878982046e-01 -1.54245530158502842e-01  4.98232222516028968e-04
5.312000e+00 -1.37415208026345326e-01 -1.53654573786849519e-01  2.62807155639928998e-03
5.324800e+00 -1.38298294864716842e-01 -1.53777485113836931e-01  4.39263979679551352e-03
5.337600e+00 -1.39230531082259357e-01 -1.54552936569306743e-01  5.76465450586241372e-03
5.350400e+00 -1.40205136327375551e-01 -1.55913156907665690e-01  6.72462649980868580e-03
5.363200e+00 -1.41211006790466970e-01 -1.57785406384808730e-01  7.26081955679867396e-03
5.376000e+00 -1.42233155310250575e-01 -1.60093328105372495e-01  7.36905773838921700e-03
5.388800e+00 -1.43253153311367537e-01 -1.62758162513246374e-01  7.05239454537857739e-03
5.401600e+00 -1.44249568637652009e-01 -1.65699820877052539e-01  6.32066056212528867e-03
5.414400e+00 -1.45198396860816897e-01 -1.68837821561398038e-01  5.18990797178058277e-03
5.427200e+00 -1.46073486695967897e-01 -1.72092099549824545e-01  3.68177136239847963e-03
5.440000e+00 -1.46846962566467010e-01 -1.75383704869436857e-01  1.82276462719128908e-03
5.452800e+00 -1.47489649007693457e-01 -1.78635409123835021e-01 -3.56466449647520822e-04
5.465600e+00 -1.47971502413477257e-01 -1.81772241214351926e-01 -2.82191705510964229e-03
5.478400e+00 -1.48262055595489828e-01 -1.84721973547062851e-01 -5.53700393618022750e-03
5.491200e+00 -1.48330879781938735e-01 -1.87415578700894397e-01 -8.46333746967744410e-03
5.504000e+00 -1.48148067113678589e-01 -1.89787673863702211e-01 -1.15614706886222399e-02
5.516800e+00 -1.47684734532834760e-01 -1.91776966574619290e-01 -1.47916126193819893e-02
5.529600e+00 -1.46913547367265779e-01 -1.93326710730320317e-01 -1.81142952337023655e-02
5.542400e+00 -1.45809258086270349e-01 -1.94385176747041699e-01 -2.14909852677552839e-02
5.555200e+00 -1.44349252841736136e-01 -1.94906134560932282e-01 -2.48846340526579224e-02
5.568000e+00 -1.42514095709091820e-01 -1.94849343114307710e-01 -2.82601602988032594e-02
5.580800e+00 -1.40288058180964043e-01 -1.94181035395573187e-01 -3.15848624507770598e-02
5.593600e+00 -1.37659619603161559e-01 -1.92874384234526103e-01 -3.48287587603740567e-02
5.606400e+00 -1.34621923016978673e-01 -1.90909931134497668e-01 -3.79648546029590153e-02
5.619200e+00 -1.31173170388315691e-01 -1.88275958616601957e-01 -4.09693377881575338e-02
5.632000e+00 -1.27316941516563031e-01 -1.84968785937880575e-01 -4.38217036958290299e-02
5.644800e+00 -1.23062422025575005e-01 -1.80992968630290463e-01 -4.65048130119092643e-02
5.657600e+00 -1.18424527705141558e-01 -1.76361384053068032e-01 -4.90048856603594318e-02
5.670400e+00 -1.13423915024251809e-01 -1.71095187974775242e-01 -5.13114352413428718e-02
5.683200e+00 -1.08086870777831787e-01 -1.65223630960738499e-01 -5.34171488978003109e-02
5.696000e+00 -1.02445077421732825e-01 -1.58783727836483979e-01 -5.53177180440782984e-02
5.708800e+00 -9.65352545292362946e-02 -1.51819778494210245e-01 -5.70116258075884091e-02
5.721600e+00 -9.03986807846749590e-02 -1.44382743561736387e-01 -5.84998973673314451e-02
5.734400e+00 -8.40806048415614488e-02 -1.36529483716604644e-01 -5.97858196236682182e-02
5.747200e+00 -7.76295570547962249e-02 -1.28321876465819468e-01 -6.08746367931722390e-02
5.760000e+00 -7.10965774003006756e-02 -1.19825828803978185e-01 -6.17732285803521616e-02
5.772800e+00 -6.45343776811616171e-02 -1.11110208111566286e-01 -6.24897775344577244e-02
5.785600e+00 -5.79964582705802742e-02 -1.02245716793603503e-01 -6.30334320637996465e-02
5.798400e+00 -5.15362010824413005e-02 -9.33037383618498389e-02 -6.34139713564652874e-02
5.811200e+00 -4.52059611565295144e-02 -8.43551838603868037e-02 -6.36414781397922208e-02
5.824000e+00 -3.90561791943695585e-02 -7.54693677064902785e-02 -6.37260248009376556e-02
5.836800e+00 -3.31345366019971180e-02 -6.67129411870447109e-02 -6.36773779018044578e-02
5.849600e+00 -2.74851731308873824e-02 -5.81489100646779902e-02 -6.35047255745184308e-02
5.862400e+00 -2.21479851329847398e-02 -4.98357600911943366e-02 -6.32164316959578226e-02
5.875200e+00 -1.71580198660027695e-02 -4.18267108234947685e-02 -6.28198201259831807e-02
5.888000e+00 -1.25449783224832832e-02 -3.41691141422563044e-02 -6.23209916692769733e-02
5.900800e+00 -8.33283583212934657e-03 -2.69040094463574402e-02 -6.17246758010916927e-02
5.913600e+00 -4.53958631990536519e-03 -2.00658427940277953e-02 -6.10341185990208937e-02
5.926400e+00 -1.17711271206239897e-03 -1.36823524422669505e-02 -6.02510077630192750e-02
5.939200e+00  1.74881731273884801e-03 -7.77461845408655358e-03 -5.93754350983833959e-02
5.952000e+00  4.23843412422653890e-03 -2.35726944152317604e-03 -5.84058963850710156e-02
5.964800e+00  6.29773419999216707e-03  2.56116478409580510e-03 -5.73393281535654470e-02
5.977600e+00  7.93814261206559658e-03  6.97776976776499913e-03 -5.61711805232013514e-02
5.990400e+00  9.17608117444254287e-03  1.08946506712642010e-02 -5.48955249309876353e-02
6.003200e+00  1.00324551219001558e-02  1.43182455626946568e-02 -5.35051952828596925e-02
6.016000e+00  1.05320723839214953e-02  1.72585712855652836e-02 -5.19919607762351424e-02
6.028800e+00  1.07030102734970017e-02  1.97284270587720981e-02 -5.03467283451626835e-02
6.041600e+00  1.05759447505733972e-02  2.17425819138338458e-02 -4.85597723459415750e-02
6.054400e+00  1.01834573765590772e-02  2.33169723778463740e-02 -4.66209887224090513e-02
6.067200e+00  9.55933468954243450e-03  2.44679364713697167e-02 -4.45201704619635069e-02
6.080000e+00  8.73787404525966198e-03  2.52115091297351046e-02 -4.22473006699222442e-02
6.092800e+00  7.75320903519580249e-03  2.55628025903839283e-02 -3.97928590463279969e-02
6.105600e+00  6.63866645975933530e-03  2.55354931344648310e-02 -3.71481369529047672e-02
6.118400e+00  5.42616554924407052e-03  2.51414328544859629e-02 -3.43055556325031763e-02
6.131200e+00  4.14566873430573073e-03  2.43904018760984845e-02 -3.12589815239858668e-02
6.144000e+00  2.82469181275003594e-03  2.32900127286638017e-02 -2.80040320403188540e-02
6.156800e+00  1.48787987560575620e-03  2.18457743811653407e-02 -2.45383646872645439e-02
6.169600e+00  1.56653871798714117e-04  2.00613188976914540e-02 -2.08619420405903207e-02
6.182400e+00 -1.15106876675433244e-03  1.79387887953660098e-02 -1.69772649237085876e-02
6.195200e+00 -2.42107742604554714e-03  1.54793780945408910e-02 -1.28895661892078975e-02
6.208000e+00 -3.64299486430376754e-03  1.26840148408519180e-02 -8.60695785253651723e-03
6.220800e+00 -4.81032760793955252e-03  9.55416767987891588e-03 -4.14052498519192243e-03
6.233600e+00 -5.92044194690210385e-03  6.09275402790253329e-03  4.95639234112733081e-04
6.246400e+00 -6.97446835655781989e-03  2.30512267034580637e-03  5.28446158263810081e-03
6.259200e+00 -7.97713813627039248e-03 -1.79992059634007345e-03  1.02059825871048775e-02
6.272000e+00 -8.93655690750383945e-03 -6.20907920890266009e-03  1.52375167150732432e-02
6.284800e+00 -9.86392035124530192e-03 -1.09035615964302064e-02  2.03538774521544452e-02
6.297600e+00 -1.07731781811160610e-02 -1.58581457653357745e-02  2.55276634227223631e-02
6.310400e+00 -1.16806528449394358e-02 -2.10403525329547862e-02  3.07295993270667520e-02
6.323200e+00 -1.26046198293502838e-02 -2.64097664559608952e-02  3.59289231391207581e-02
6.336000e+00 -1.35648567161365217e-02 -3.19175413599124616e-02  4.10938088573520668e-02
6.348800e+00 -1.45821683113036473e-02 -3.75061238403288297e-02  4.61918122513865423e-02
6.361600e+00 -1.56778952453492382e-02 -4.31092231882337015e-02  5.11903256175310073e-02
6.374400e+00 -1.68734134370079614e-02 -4.86520499683936805e-02  5.60570266559861363e-02
6.387200e+00 -1.81896317382301588e-02 -5.40518380852547387e-02  6.07603063017445391e-02
6.400000e+00 -1.96464949518272147e-02 -5.92186568066138050e-02  6.52696607431736825e-02
6.412800e+00 -2.12624992476858794e-02 -6.40565101278200572e-02  6.95560339768795111e-02
6.425600e+00 -2.30542268060840889e-02 -6.84647113471201219e-02  7.35920990695370647e-02
6.438400e+00 -2.50359062929981745e-02 -7.23395111179670480e-02  7.73524687845513897e-02
6.451200e+00 -2.72190055289631520e-02 -7.55759478985874172e-02  8.08138292998483998e-02
6.464000e+00 -2.96118624542097315e-02 -7.80698809940563454e-02  8.39549942688101042e-02
6.476800e+00 -3.22193602140938007e-02 -7.97201586392255745e-02  8.67568803042166603e-02
6.489600e+00 -3.50426518767256306e-02 -8.04308671346606746e-02  8.92024089176861462e-02
6.502400e+00 -3.80789399318601576e-02 -8.01136022094048050e-02  9.12763438290327134e-02
6.515200e+00 -4.13213152894257724e-02 -7.86897007738145415e-02  9.29650761636787865e-02
6.528000e+00 -4.47586599799175006e-02 -7.60923702067330815e-02  9.42563731768390756e-02
6.540800e+00 -4.83756171378073654e-02 -7.22686533819626858e-02  9.51391085951074911e-02
6.553600e+00 -5.21526311037626353e-02 -6.71811707856502655e-02  9.56029942927502513e-02
6.566400e+00 -5.60660595962642755e-02 -6.08095862316484076e-02  9.56383336988418931e-02
6.579200e+00 -6.00883588699043514e-02 -5.31517496853031804e-02  9.52358169821299894e-02
6.592000e+00 -6.41883415978160704e-02 -4.42244793175043324e-02  9.43863766552767297e-02
6.604800e+00 -6.83315059014755199e-02 -3.40639548258347413e-02  9.30811198073682039e-02
6.617600e+00 -7.24804325237477509e-02 -2.27257049277762267e-02  9.13113497961604292e-02
6.630400e+00 -7.65952456304549029e-02 -1.02841833675401777e-02  8.90686860432738786e-02
6.643200e+00 -8.06341311723635518e-02  3.16806062528391004e-03  8.63452857567529874e-02
6.656000e+00 -8.45539051948206860e-02  1.75216001432703244e-02  8.31341661754659289e-02
6.668800e+00 -8.83106230056645292e-02  3.26517086947391150e-02  7.94296205366222391e-02
6.681600e+00 -9.18602187661363700e-02  4.84202609071915785e-02  7.52277156737244657e-02
6.694400e+00 -9.51591639165650371e-02  6.46779097818631493e-02  7.05268542191365005e-02
6.707200e+00 -9.81651319470065037e-02  8.12664876266719627e-02  6.53283800607820514e-02
6.720000e+00 -1.00837656424338937e-01  9.80215727353075938e-02  5.96372022102527391e-02
6.732800e+00 -1.03138768934326858e-01  1.14775160686057448e-01  5.34624097698343098e-02
6.745600e+00 -1.05033603721510910e-01  1.31358377843474705e-01  4.68178493813196997e-02
6.758400e+00 -1.06490956327598515e-01  1.47604175228315537e-01  3.97226364831615789e-02
6.771200e+00 -1.07483784437749086e-01  1.63349943278824711e-01  3.22015729154921451e-02
6.784000e+00 -1.07989640423265462e-01  1.78439992000535008e-01  2.42854458594869531e-02
6.796800e+00 -1.07991026682609681e-01  1.92727846382938717e-01  1.60111866901036654e-02
6.809600e+00 -1.07475666779161635e-01  2.06078313504316324e-01  7.42187291498285547e-03
6.822400e+00 -1.06436687488190670e-01  2.18369285182220152e-01 -1.43343822984061918e-03
6.835200e+00 -1.04872709120748364e-01  2.29493248074993772e-01 -1.05000499885654804e-02
6.848000e+00 -1.02787843805816390e-01  2.39358481514608534e-01 -1.97181392742482309e-02
6.860800e+00 -1.00191603698247061e-01  2.47889931777911882e-01 -2.90234356727732574e-02
6.873600e+00 -9.70987232543967238e-02  2.55029759727961713e-01 -3.83480529671447398e-02
6.886400e+00 -9.35289017022521568e-02  2.60737566553141509e-01 -4.76214542228029641e-02
6.899200e+00 -8.95064735607530443e-02  2.64990309505254873e-01 -5.67715265087226986e-02
6.912000e+00 -8.50600164779734824e-02  2.67781925931657727e-01 -6.57257372541054652e-02
6.924800e+00 -8.02219067182741996e-02  2.69122689392560011e-01 -7.44123412021914232e-02
6.937600e+00 -7.50278333104372475e-02  2.69038326172510112e-01 -8.27616050222687860e-02
6.950400e+00 -6.95162821663409675e-02  2.67568923990224694e-01 -9.07070159359302242e-02
6.963200e+00 -6.37280014045180088e-02  2.64767667173336385e-01 -9.81864412101961515e-02
6.976000e+00 -5.77054586929850802e-02  2.60699434016076703e-01 -1.05143207017694848e-01
6.988800e+00 -5.14923007032637298e-02  2.55439292526706274e-01 -1.11527067863529505e-01
7.001600e+00 -4.51328237955064895e-02  2.49070930365909382e-01 -1.17295041397104130e-01
7.014400e+00 -3.86714638940691829e-02  2.41685053560308560e-01 -1.22412087807179507e-01
7.027200e+00 -3.21523122303831940e-02  2.33377786641918994e-01 -1.26851617957691898e-01
7.040000e+00 -2.56186622942526573e-02  2.24249104320175474e-01 -1.30595819757707315e-01
7.052800e+00 -1.91125920114599696e-02  2.14401321748730889e-01 -1.33635797760970426e-01
7.065600e+00 -1.26745839134020741e-02  2.03937667014826601e-01 -1.35971526457161485e-01
7.078400e+00 -6.34318493270026856e-03  1.92960955762855213e-01 -1.37611622964219665e-01
7.091200e+00 -1.54706486280716492e-04  1.81572383971953910e-01 -1.38572949692976538e-01
7.104000e+00  5.85703527849778475e-03  1.69870450942401829e-01 -1.38880061884540829e-01
7.116800e+00  1.16609397847380787e-02  1.57950020603486424e-01 -1.38564518595503200e-01
7.129600e+00  1.72288039699179454e-02  1.45901525426315293e-01 -1.37664078638220777e-01
7.142400e+00  2.25354671692746290e-02  1.33810313592297031e-01 -1.36221805122153178e-01
7.155200e+00  2.75589202755389708e-02  1.21756136706697937e-01 -1.34285103568518305e-01
7.168000e+00  3.22803804254069779e-02  1.09812772321698879e-01 -1.31904719090860600e-01
7.180800e+00  3.66843322882364348e-02  9.80477729000365228e-02 -1.29133717878418014e-01
7.193600e+00  4.07585368121909236e-02  8.65223306546333559e-02 -1.26026477243191576e-01
7.206400e+00  4.44940080627958534e-02  7.52912459764141923e-02 -1.22637706875795990e-01
7.219200e+00  4.78849586118346368e-02  6.44029859329833532e-02 -1.19021521796399535e-01
7.232000e+00  5.09287138375875137e-02  5.38998185919733405e-02 -1.15230584889414608e-01
7.244800e+00  5.36255955090601533e-02  4.38180086879196573e-02 -1.11315333981146153e-01
7.257600e+00  5.59787751662025532e-02  3.41880603900987304e-02 -1.07323305268201691e-01
7.270400e+00  5.79940980844697099e-02  2.50349936069953101e-02 -1.03298561642362424e-01
7.283200e+00  5.96798790243318750e-02  1.63786413342586028e-02 -9.92812311925085483e-02
7.296000e+00  6.10466715021740075e-02  8.23395695847728426e-03 -9.53071579939524099e-02
7.308800e+00  6.21070129546256386e-02  6.11322099119336517e-04 -9.14076643045542148e-02
7.321600e+00  6.28751488702801870e-02 -6.48315257269059617e-03 -8.76094205465790116e-02
7.334400e+00  6.33667396911771069e-02 -1.30473391398357765e-02 -8.39344170231160064e-02
7.347200e+00  6.35985549980578047e-02 -1.90828204901020114e-02 -8.04000292456985427e-02
7.360000e+00  6.35881601435953209e-02 -2.45946363138760359e-02 -7.70191670686956459e-02
7.372800e+00  6.33536010424465834e-02 -2.95910469701483915e-02 -7.38004965531557644e-02
7.385600e+00  6.29130932250459296e-02 -3.40833135719284808e-02 -7.07487226206509057e-02
7.398400e+00  6.22847214784834832e-02 -3.80854913407946555e-02 -6.78649200974855843e-02
7.411200e+00  6.14861564063998653e-02 -4.16142322929681299e-02 -6.51469006724178512e-02
7.424000e+00  6.05343940252905735e-02 -4.46885926749991461e-02 -6.25896035676823809e-02
7.436800e+00  5.94455240731011358e-02 -4.73298402784013486e-02 -6.01854983160146975e-02
7.449600e+00  5.82345320446279319e-02 -4.95612568258130062e-02 -5.79249889017849351e-02
7.462400e+00  5.69151391047756083e-02 -5.14079310171278100e-02 -5.57968096133088856e-02
7.475200e+00  5.54996829935731004e-02 -5.28965385176118144e-02 -5.37884042132245471e-02
7.488000e+00  5.39990418643982659e-02 -5.40551061125441878e-02 -5.18862814113581206e-02
7.500800e+00  5.24226017352464879e-02 -5.49127583850984174e-02 -5.00763410686052707e-02
7.513600e+00  5.07782669328509309e-02 -5.54994465298245046e-02 -4.83441670218575023e-02
7.526400e+00  4.90725116233760514e-02 -5.58456602232836261e-02 -4.66752838518772195e-02
7.539200e+00  4.73104693028300397e-02 -5.59821247657734597e-02 -4.50553762754937540e-02
7.552000e+00  4.54960560140567488e-02 -5.59394869163491668e-02 -4.34704710943738457e-02
7.564800e+00  4.36321221092146258e-02 -5.57479939062882277e-02 -4.19070827460873707e-02
7.577600e+00  4.17206266241167759e-02 -5.54371709814427890e-02 -4.03523244575638013e-02
7.590400e+00  3.97628278015103864e-02 -5.50355034509548841e-02 -3.87939877815272893e-02
7.603200e+00  3.77594830112765734e-02 -5.45701295817658527e-02 -3.72205938949655424e-02
7.616000e+00  3.57110512725659981e-02 -5.40665507626418712e-02 -3.56214204536684370e-02
7.628800e+00  3.36178917817079870e-02 -5.35483651689532963e-02 -3.39865080340375283e-02
7.641600e+00  3.14804522764461914e-02 -5.30370307038674146e-02 -3.23066502652114840e-02
7.654400e+00  2.92994416987321683e-02 -5.25516622988558418e-02 -3.05733716785069783e-02
7.667200e+00  2.70759824237960245e-02 -5.21088677633324213e-02 -2.87788970975123397e-02
7.680000e+00  2.48117382646646754e-02 -5.17226253252202547e-02 -2.69161160832629351e-02
7.692800e+00  2.25090154964934890e-02 -5.14042048522474621e-02 -2.49785455591326963e-02
7.705600e+00  2.01708352301761921e-02 -5.11621335412312112e-02 -2.29602932949198209e-02
7.718400e+00  1.78009765566124849e-02 -5.10022056625999490e-02 -2.08560244542399832e-02
7.731200e+00  1.54039909407339831e-02 -5.09275348002736217e-02 -1.86609329269427533e-02
7.744000e+00  1.29851893297518676e-02 -5.09386459786579024e-02 -1.63707186988805049e-02
7.756800e+00  1.05506043190961973e-02 -5.10336041585520081e-02 -1.39815720715657441e-02
7.769600e+00  8.10693046433710353e-03 -5.12081748433709585e-02 -1.14901651475083529e-02
7.782400e+00  5.66144641780355964e-03 -5.14560119871382560e-02 -8.89365065363064040e-03
7.795200e+00  3.22192299211258469e-03 -5.17688680466914172e-02 -6.18966789138068740e-03
7.808000e+00  7.96521503751627122e-04 -5.21368208734268382e-02 -3.37635537955665449e-03
7.820800e+00 -1.60631317117770444e-03 -5.25485121868055349e-02 -4.52369591951225496e-04
7.833600e+00 -3.97796048344556397e-03 -5.29913925963065580e-02  2.58309091833729349e-03
7.846400e+00 -6.30972893369203570e-03 -5.34519685164828035e-02  5.73025677969689340e-03
7.859200e+00 -8.59295390245378744e-03 -5.39160468213455701e-02  8.98875524569081943e-03
7.872000e+00 -1.08190853494074587e-02 -5.43689736757341918e-02  1.23575746186559265e-02
7.884800e+00 -1.29797627279934821e-02 -5.47958646268681127e-02  1.58350264339372979e-02
7.897600e+00 -1.50668751139661512e-02 -5.51818237031014361e-02  1.94187061642845833e-02
7.910400e+00 -1.70726052431805220e-02 -5.55121499148688649e-02  2.31054531870786770e-02
7.923200e+00 -1.89894568709823748e-02 -5.57725301537629545e-02  2.68913107521870816e-02
7.936000e+00 -2.08102655792237676e-02 -5.59492180125128469e-02  3.07714867010219009e-02
7.948800e+00 -2.25281938450451399e-02 -5.60291984796907963e-02  3.47403157211276514e-02
7.961600e+00 -2.41367118285832072e-02 -5.60003387833415481e-02  3.87912239762018898e-02
7.974400e+00 -2.56295659178869921e-02 -5.58515258597597208e-02  4.29166970270948300e-02
7.987200e+00 -2.70007375740668847e-02 -5.55727910066457984e-02  4.71082520505753943e-02
8.000000e+00 -2.82443954354066919e-02 -5.51554222495272001e-02  5.13564154625307592e-02
