# Author: SW4
# Scenario: test
# Date: UTC  09/20/2017:20:42:14.000
# Bandwith (Hz): 1.234000e+00
# Station: sta01
# Target location (WGS84 longitude, latitude) (deg): 1.181780e+02 3.714014e+01
# Actual location (WGS84 longitude, latitude) (deg): 1.181780e+02 3.714014e+01
# Distance from target to actual location (m): 0.000000e+00
# nColumns: 4
# Column 1: Time (s)
# Column 2: X displacement (m)
# Column 3: Y displacement (m)
# Column 4: Z displacement (m)
0.000000e+00  0.00000000000000000e+00  0.00000000000000000e+00  0.00000000000000000e+00
1.327434e-02  0.00000000000000000e+00  0.00000000000000000e+00  0.00000000000000000e+00
2.654867e-02  0.00000000000000000e+00  0.00000000000000000e+00  0.00000000000000000e+00
3.982301e-02  0.00000000000000000e+00  0.00000000000000000e+00  0.00000000000000000e+00
5.309735e-02  0.00000000000000000e+00  0.00000000000000000e+00  0.00000000000000000e+00
6.637168e-02  0.00000000000000000e+00  0.00000000000000000e+00  0.00000000000000000e+00
7.964602e-02  7.82225347373336435e-34  1.40861137381012484e-33 -5.47056210708620303e-32
9.292035e-02 -1.63276272733192706e-29 -1.29418535870657905e-29 -1.35597031596186779e-28
1.061947e-01 -9.21021957915287977e-28  7.74751915380790887e-28  9.03238190923471476e-27
1.194690e-01  1.20702315005669857e-25  6.17673186419824706e-26  2.69316996824179697e-25
1.327434e-01 -2.13237507521058269e-24 -4.28785890247138258e-24 -6.91327573647209496e-24
1.460177e-01  3.23496047822826431e-23  6.89515695705776874e-23  8.25072397589495936e-23
1.592920e-01 -3.46820052061242322e-22 -6.18546275458028899e-22 -5.29747755372948512e-22
1.725664e-01  2.46438369790227907e-21  4.04372953983455374e-21  5.12090519172350506e-22
1.858407e-01 -7.94934850681989298e-21 -1.68750081995214058e-20  2.70571198725350448e-20
1.991150e-01 -7.71135189449569718e-20 -3.95276328151065202e-20 -2.32406704206403249e-19
2.123894e-01  1.48356545872705112e-18  1.46404211502890805e-18 -1.88238086186856667e-19
2.256637e-01 -1.02300159272379971e-17 -1.10930777317395075e-17  1.35799280674292493e-17
2.389381e-01  7.82370090562907268e-18  9.41698871659149467e-18 -3.59973694282271740e-17
2.522124e-01  3.12327875995699028e-16  3.58334586301174846e-16 -5.34787069924244202e-16
2.654867e-01 -9.56315866336244074e-16 -1.09973144298720125e-15  2.24028325543705142e-15
2.787611e-01 -7.02150422976659207e-15 -8.76691394311808039e-15  1.57932762448471511e-14
2.920354e-01  1.92357746860561535e-14  2.24319590553309937e-14 -5.41554355377720969e-14
3.053097e-01  1.54758938871088955e-13  2.03276818444033494e-13 -4.18742844801013714e-13
3.185841e-01 -5.67793804401973067e-14 -2.17784458434471568e-14  3.34362254664028488e-13
3.318584e-01 -2.38798055118256495e-12 -3.14907514360717197e-12  7.78183350188490851e-12
3.451327e-01 -5.26412348605911921e-12 -7.93509433252608820e-12  1.51258626577680772e-11
3.584071e-01  1.23508623095385491e-11  1.40254225626605337e-11 -5.65364899398136172e-11
3.716814e-01  8.80592967754377752e-11  1.23133788232076463e-10 -3.46095489781013387e-10
3.849558e-01  1.63745728274176839e-10  2.63363522372929946e-10 -5.75726021280474957e-10
3.982301e-01 -1.38057495952393056e-10 -9.34701866626515765e-11  1.03555422626927588e-09
4.115044e-01 -1.47852671121509615e-09 -2.03474684888227267e-09  8.01471941352133999e-09
4.247788e-01 -4.00784214664932910e-09 -6.19744108661595298e-09  2.23166729954000707e-08
4.380531e-01 -6.47343938288909875e-09 -1.13099651776906234e-08  3.82496767341159092e-08
4.513274e-01 -7.51143503463179562e-09 -1.55322914356171994e-08  3.85914972008469909e-08
4.646018e-01 -8.12835003644993947e-09 -1.98223231905090695e-08 -2.73737530460761123e-08
4.778761e-01  1.70035040561038678e-09 -8.75321313567976319e-09 -4.12864700026785520e-07
4.911504e-01  1.26514779655613967e-07  1.75373405933706366e-07 -2.29170223247933389e-06
5.044248e-01  8.58015029271776950e-07  1.29179665085280313e-06 -1.00947381123451366e-05
5.176991e-01  3.94039524465164585e-06  6.10087144710990991e-06 -3.82490494061239530e-05
5.309735e-01  1.47187848250115289e-05  2.32525271104303029e-05 -1.29132758895188508e-04
5.442478e-01  4.79598725953748963e-05  7.71570775813304997e-05 -3.97134331170420781e-04
5.575221e-01  1.40837510329448534e-04  2.30676659096916176e-04 -1.12763633127591903e-03
5.707965e-01  3.78885008689543038e-04  6.32290639479324615e-04 -2.98045864255062258e-03
5.840708e-01  9.42266153233538143e-04  1.60472219185886565e-03 -7.37201180169491047e-03
5.973451e-01  2.17820952110148527e-03  3.79451582155026189e-03 -1.71274270591913400e-02
6.106195e-01  4.69637130954793369e-03  8.39471194283012909e-03 -3.74780904425210323e-02
6.238938e-01  9.46196014680432580e-03  1.74257346574186768e-02 -7.73944899508734324e-02
6.371681e-01  1.78244766284209669e-02  3.40049115574988306e-02 -1.51053939408500482e-01
6.504425e-01  3.13746889538710008e-02  6.24553078612812562e-02 -2.78942502239952705e-01
6.637168e-01  5.14906282153516845e-02  1.08023842131220932e-01 -4.87745722563406814e-01
6.769912e-01  7.84523030661938431e-02  1.75948828619732017e-01 -8.07960528601172290e-01
6.902655e-01  1.10115725800675732e-01  2.69707793258230744e-01 -1.26831010197946181e+00
7.035398e-01  1.40356141264720319e-01  3.88539066168388403e-01 -1.88679208158315603e+00
7.168142e-01  1.57773857006004686e-01  5.24744023033046458e-01 -2.65956693248284237e+00
7.300885e-01  1.45381169565598267e-01  6.61704912063871942e-01 -3.55055846103843376e+00
7.433628e-01  8.19837900357168609e-02  7.73759272929690267e-01 -4.48586025758620188e+00
7.566372e-01 -5.43986585663332536e-02  8.28818334682865476e-01 -5.35693611662945379e+00
7.699115e-01 -2.81440715221100812e-01  7.93827345496142756e-01 -6.03462376246632015e+00
7.831858e-01 -6.06928394315122688e-01  6.42058230402043462e-01 -6.39239984162903419e+00
7.964602e-01 -1.02437725608019314e+00  3.60290252148064816e-01 -6.33353703153568670e+00
8.097345e-01 -1.51139564175455421e+00 -4.62917112131728675e-02 -5.81450688239813562e+00
8.230088e-01 -2.03147666531172710e+00 -5.52931668511645991e-01 -4.85763359324153310e+00
8.362832e-01 -2.53869124019064962e+00 -1.11794882215971980e+00 -3.54957429684444170e+00
8.495575e-01 -2.98382392659999018e+00 -1.68798504767292412e+00 -2.02706911875887874e+00
8.628319e-01 -3.32036006698819186e+00 -2.20416703008687653e+00 -4.55154486267636327e-01
8.761062e-01 -3.50942173024913862e+00 -2.60804518979757161e+00  9.96086157084761004e-01
8.893805e-01 -3.52372414823897850e+00 -2.84723022071826470e+00  2.17210462818274808e+00
9.026549e-01 -3.35113066132190074e+00 -2.88130655883404696e+00  2.95064528292455686e+00
9.159292e-01 -2.99800832465713984e+00 -2.68823567143842412e+00  3.25524399665692821e+00
9.292035e-01 -2.49160210441291197e+00 -2.27026440010500652e+00  3.06540633758182768e+00
9.424779e-01 -1.87985861508667185e+00 -1.65726738944748231e+00  2.42128788224483626e+00
9.557522e-01 -1.22728277481733805e+00 -9.05480212477823287e-01  1.41930178982423194e+00
9.690265e-01 -6.06575080555030954e-01 -9.09648116062241330e-02  1.96292918801079602e-01
9.823009e-01 -8.72450369096845757e-02  7.00925483431744323e-01 -1.09612190539502552e+00
9.955752e-01  2.76899339619775753e-01  1.38771010336385681e+00 -2.32060800862571570e+00
1.008850e+00  4.60034113054841654e-01  1.90179302766424652e+00 -3.37716353065774744e+00
1.022124e+00  4.76268299339181911e-01  2.20237340502332346e+00 -4.21169296148182326e+00
1.035398e+00  3.91661922157005515e-01  2.28865240613723975e+00 -4.80654463019816003e+00
1.048673e+00  3.35107437088287385e-01  2.21464921627894373e+00 -5.15654445997099575e+00
1.061947e+00  5.03026263959763908e-01  2.10180933698313455e+00 -5.24049384237107052e+00
1.075221e+00  1.14861555649925151e+00  2.14019117519681901e+00 -5.00123680818323546e+00
1.088496e+00  2.54519535627700355e+00  2.56622336710388010e+00 -4.34572269571138481e+00
1.101770e+00  4.91832292314165542e+00  3.60888825630494336e+00 -3.17005895107469327e+00
1.115044e+00  8.35358978006052233e+00  5.40814993708376424e+00 -1.40507133912134474e+00
1.128319e+00  1.27031102563151954e+01  7.92623550789963360e+00  9.31570473243140573e-01
1.141593e+00  1.75264965605706919e+01  1.08862159816370205e+01  3.69636808618571289e+00
1.154867e+00  2.21033002916108714e+01  1.37741118277112857e+01  6.61288768832861251e+00
1.168142e+00  2.55383883232598663e+01  1.59251076030943803e+01  9.30663686326535178e+00
1.181416e+00  2.69514727524403632e+01  1.66841046178010792e+01  1.13779012214035777e+01
1.194690e+00  2.57070141784188237e+01  1.55971823260243667e+01  1.24938889565294975e+01
1.207965e+00  2.16157615492849224e+01  1.25693721259806512e+01  1.24724280071454547e+01
1.221239e+00  1.50373876999631975e+01  7.92788361225908922e+00  1.13302221152710203e+01
1.234513e+00  6.83961782866031864e+00  2.36035243572837006e+00  9.27968901930114320e+00
1.247788e+00 -1.78451213938020481e+00 -3.25642077552224229e+00  6.67559965496154106e+00
1.261062e+00 -9.59043718473342466e+00 -8.08013832301602442e+00  3.92925760420404613e+00
1.274336e+00 -1.55638851944621912e+01 -1.15033461141693163e+01  1.41731057617887246e+00
1.287611e+00 -1.91260831111338625e+01 -1.32672508049459825e+01 -5.88702103663606868e-01
1.300885e+00 -2.02071311617832237e+01 -1.34628881774533404e+01 -1.95590875423750821e+00
1.314159e+00 -1.91801749303053128e+01 -1.24372659146502187e+01 -2.68461064918356618e+00
1.327434e+00 -1.66952699202791486e+01 -1.06528925845005471e+01 -2.87376201159926659e+00
1.340708e+00 -1.34785561788226396e+01 -8.55543581272665676e+00 -2.67371614476146346e+00
1.353982e+00 -1.01615308827191448e+01 -6.48764998204501975e+00 -2.24193488492087001e+00
1.367257e+00 -7.18140479242197216e+00 -4.66021441356392341e+00 -1.71187743951068438e+00
1.380531e+00 -4.76032163250363460e+00 -3.16647702890271798e+00 -1.17825406930434373e+00
1.393805e+00 -2.94367730002524697e+00 -2.01770527207077643e+00 -6.96191867791086993e-01
1.407080e+00 -1.66532899292608305e+00 -1.17867058385549273e+00 -2.89054924741725505e-01
1.420354e+00 -8.10744426006977714e-01 -5.93663285254895645e-01  4.04681372118942256e-02
1.433628e+00 -2.61698818770630448e-01 -2.02395851085928752e-01  2.99941878659183758e-01
1.446903e+00  8.05298048071465961e-02  5.06937320675333800e-02  4.99504061345705186e-01
1.460177e+00  2.88240727438193678e-01  2.10925167760566079e-01  6.47486008482541897e-01
1.473451e+00  4.09396087592409585e-01  3.10951152358917016e-01  7.48922435327733949e-01
1.486726e+00  4.73261732740786978e-01  3.71511830092364992e-01  8.06038612337254046e-01
1.500000e+00  4.96692000899246977e-01  4.04571041915939678e-01  8.19654270063414736e-01
1.513274e+00  4.89666929309627796e-01  4.16991046546596911e-01  7.90595584335469947e-01
1.526549e+00  4.59258371803166032e-01  4.13085755222159734e-01  7.20597417045714228e-01
1.539823e+00  4.11645247015491378e-01  3.95721397562724897e-01  6.12652644071176922e-01
1.553097e+00  3.52503958097732051e-01  3.66843802556879706e-01  4.71099584296687413e-01
1.566372e+00  2.86697315304058176e-01  3.28341252998346711e-01  3.01769488556390797e-01
1.579646e+00  2.18142052174029405e-01  2.83164241285772111e-01  1.12271591367261794e-01
1.592920e+00  1.50067766878887732e-01  2.35760506270174447e-01 -8.78132932134762373e-02
1.606195e+00  8.52186559788022241e-02  1.91100807072797085e-01 -2.87190892857062396e-01
1.619469e+00  2.55254921434548213e-02  1.52710876507627547e-01 -4.73796912391090064e-01
1.632743e+00 -2.86138457083429804e-02  1.21099117864863548e-01 -6.36383660000933160e-01
1.646018e+00 -7.87093809578302828e-02  9.38190432851251643e-02 -7.66460447592706817e-01
1.659292e+00 -1.27553469909779588e-01  6.71999082288069344e-02 -8.60169270769908123e-01
1.672566e+00 -1.77715359564571934e-01  3.85365741972546888e-02 -9.19630139950975534e-01
1.685841e+00 -2.30074894218445791e-01  7.28496051843634512e-03 -9.53274129965542838e-01
1.699115e+00 -2.83390257587186056e-01 -2.52978912684054362e-02 -9.74750803003983757e-01
1.712389e+00 -3.35145241743916411e-01 -5.74314631907246395e-02 -1.00027527461724719e+00
1.725664e+00 -3.82990283285311650e-01 -8.78787309897717667e-02 -1.04479520673058301e+00
1.738938e+00 -4.25773707701861293e-01 -1.16195526383117337e-01 -1.11791764877434829e+00
1.752212e+00 -4.63675015927028589e-01 -1.42482847753379882e-01 -1.22081202442617620e+00
1.765487e+00 -4.97758642118996619e-01 -1.67389957838079029e-01 -1.34507895516954901e+00
1.778761e+00 -5.29592863981985018e-01 -1.92672016181820782e-01 -1.47393019868328623e+00
1.792035e+00 -5.61169092067501318e-01 -2.21764924221244053e-01 -1.58530765504676063e+00
1.805310e+00 -5.94699974451324054e-01 -2.59448139665428457e-01 -1.65612364838416082e+00
1.818584e+00 -6.31701707641452281e-01 -3.10149896265750236e-01 -1.66673451538339101e+00
1.831858e+00 -6.71332738848770427e-01 -3.75441588680860527e-01 -1.60491090520746194e+00
1.845133e+00 -7.08796195392679795e-01 -4.51960494421824621e-01 -1.46871939440867494e+00
1.858407e+00 -7.34953080320430718e-01 -5.30864574224975683e-01 -1.26780049566212583e+00
1.871681e+00 -7.37790711508158670e-01 -5.99140142239796614e-01 -1.02262197542285538e+00
1.884956e+00 -7.05416760352909344e-01 -6.42299692951736945e-01 -7.61551750431938901e-01
1.898230e+00 -6.29513868963467615e-01 -6.47699911623109914e-01 -5.16054921251945964e-01
1.911504e+00 -5.08109529029064366e-01 -6.07802358319419977e-01 -3.14837697153192375e-01
1.924779e+00 -3.46939962745387354e-01 -5.22783343348101393e-01 -1.78141833169634167e-01
1.938053e+00 -1.59172136380792001e-01 -4.01777372791804810e-01 -1.13501666092548664e-01
1.951327e+00  3.64570297180755731e-02 -2.61987600105644647e-01 -1.14072240485753151e-01
1.964602e+00  2.18797585388578630e-01 -1.25358853108532509e-01 -1.60139478646057432e-01
1.977876e+00  3.68080494972717942e-01 -1.35213136000794931e-02 -2.23684044774440816e-01
1.991150e+00  4.69257881539810462e-01  5.72972848189304482e-02 -2.75019793123281064e-01
2.004425e+00  5.13704917974761033e-01  7.94815999417870234e-02 -2.89824185844146653e-01
2.017699e+00  4.98658711005025845e-01  5.42811752452110260e-02 -2.54647168587567696e-01
2.030973e+00  4.24826865357189942e-01 -1.05992923309519392e-02 -1.69425764463740025e-01
2.044248e+00  2.93543494990419429e-01 -1.04710592739062164e-01 -4.65305474635340360e-02
2.057522e+00  1.05080667762604704e-01 -2.18281614920065897e-01  9.30014807890152395e-02
2.070796e+00 -1.40874787027252285e-01 -3.44247757558053480e-01  2.24648836027318277e-01
2.084071e+00 -4.42572091254828603e-01 -4.78453804034528252e-01  3.25524283823203642e-01
2.097345e+00 -7.92212945290191928e-01 -6.18098377133240340e-01  3.78421735063682430e-01
2.110619e+00 -1.17189128288504252e+00 -7.58850428924867426e-01  3.74406969376171517e-01
2.123894e+00 -1.55081995888363933e+00 -8.91513479035452305e-01  3.13976736371494924e-01
2.137168e+00 -1.88519760025404004e+00 -9.99625072992727737e-01  2.06895793729568150e-01
2.150442e+00 -2.12189824542468175e+00 -1.05959324429720847e+00  7.07435023836140153e-02
2.163717e+00 -2.20655149969687336e+00 -1.04446987354684495e+00 -7.17982386392719135e-02
2.176991e+00 -2.09533014426671960e+00 -9.31181826713468053e-01 -1.96690587118501375e-01
2.190265e+00 -1.76810443788404648e+00 -7.09432061011020521e-01 -2.82777837693762968e-01
2.203540e+00 -1.23922072180278708e+00 -3.89264370914786773e-01 -3.15716034116391486e-01
2.216814e+00 -5.61788708484791122e-01 -4.05757068281169947e-03 -2.90701346246675596e-01
2.230088e+00  1.77521729121575517e-01  3.93283496175799996e-01 -2.13267397837993200e-01
2.243363e+00  8.73661547099576996e-01  7.41107789241114867e-01 -9.78141419083365798e-02
2.256637e+00  1.42558936388597801e+00  9.84358094773902570e-01  3.58957561776239512e-02
2.269912e+00  1.76013205975272102e+00  1.08985431851008063e+00  1.67416447529321777e-01
2.283186e+00  1.85010886550061437e+00  1.05609854790345148e+00  2.80173570616556789e-01
2.296460e+00  1.72043331578272607e+00  9.13511495917366911e-01  3.64566069493670930e-01
2.309735e+00  1.43939726244704858e+00  7.14353724961406367e-01  4.18777635243542501e-01
2.323009e+00  1.09743592412087843e+00  5.15708004899990136e-01  4.47307768794807215e-01
2.336283e+00  7.80416060983418980e-01  3.61893915595221716e-01  4.58057103008504884e-01
2.349558e+00  5.46715033361799163e-01  2.72973005042886352e-01  4.59213493479111001e-01
2.362832e+00  4.15829655665052811e-01  2.43290824109304193e-01  4.57020546638622349e-01
2.376106e+00  3.71470502834829297e-01  2.49559351613861724e-01  4.54921204251576283e-01
2.389381e+00  3.76197089452482702e-01  2.63987751376539570e-01  4.53907043498405049e-01
2.402655e+00  3.90354433068189843e-01  2.66316437794241800e-01  4.53490844849218533e-01
2.415929e+00  3.87265299944233143e-01  2.49920149193015029e-01  4.52677729424643072e-01
2.429204e+00  3.59409912641632245e-01  2.20525574056134321e-01  4.50546368608309100e-01
2.442478e+00  3.15047353914072570e-01  1.89693850526291369e-01  4.46371087132508615e-01
2.455752e+00  2.68984597116463886e-01  1.67268594231399365e-01  4.39453145244298737e-01
2.469027e+00  2.33057845658329432e-01  1.56672533038774153e-01  4.28916032249350376e-01
2.482301e+00  2.10825511069196531e-01  1.54729652396538325e-01  4.13669172085911696e-01
2.495575e+00  1.97950049704484016e-01  1.55003572928405331e-01  3.92613291578655210e-01
2.508850e+00  1.86580614773504572e-01  1.51984273336851994e-01  3.65016961985784871e-01
2.522124e+00  1.70383534558178784e-01  1.43583411804243388e-01  3.30898182922234552e-01
2.535398e+00  1.47330409017946251e-01  1.30953130388305167e-01  2.91235146774062037e-01
2.548673e+00  1.19316267674220308e-01  1.16468708175687635e-01  2.47906920376092771e-01
2.561947e+00  8.97477880600977135e-02  1.01649542860568154e-01  2.03384939670536891e-01
2.575221e+00  6.11636212848909386e-02  8.64032479520738250e-02  1.60294568940649224e-01
2.588496e+00  3.43747215923302374e-02  6.97616416636351877e-02  1.20994647846428285e-01
2.601770e+00  9.20641188810846119e-03  5.12073644243086351e-02  8.72778911435909827e-02
2.615044e+00 -1.42075567261839321e-02  3.14744692909151164e-02  6.02139627381934328e-02
2.628319e+00 -3.47587540877006759e-02  1.23306845285604452e-02  4.00953594848210138e-02
2.641593e+00 -5.07482300480673471e-02 -4.30601257575967053e-03  2.64402329984469303e-02
2.654867e+00 -6.08402347965820850e-02 -1.71698100595325358e-02  1.80489166632462825e-02
2.668142e+00 -6.47661577960497309e-02 -2.58811487280798704e-02  1.31596896730349164e-02
2.681416e+00 -6.33271744094401484e-02 -3.06919972953039362e-02  9.75479735348365115e-03
2.694690e+00 -5.78753216030669648e-02 -3.21696600946496797e-02  6.00722442630598468e-03
2.707965e+00 -4.97781553474350227e-02 -3.11259432302279267e-02  7.60349089232021736e-04
2.721239e+00 -4.01914649098838103e-02 -2.87066618122285185e-02 -6.13694890925766887e-03
2.734513e+00 -3.00539179224216212e-02 -2.63077573421537474e-02 -1.38005980971854080e-02
2.747788e+00 -2.00086326707079112e-02 -2.51158890642908077e-02 -2.06389785641374161e-02
2.761062e+00 -1.01253626397789249e-02 -2.54483906572734661e-02 -2.49407933044249498e-02
2.774336e+00  3.67061484981763748e-04 -2.63347620425406249e-02 -2.55176988376757605e-02
2.787611e+00  1.29863601214136610e-02 -2.56910596232598036e-02 -2.21824215860449217e-02
2.800885e+00  2.93984399814387516e-02 -2.10605322305499852e-02 -1.59169938997663525e-02
2.814159e+00  5.05529154530582822e-02 -1.05399303589900593e-02 -8.69827178143632064e-03
2.827434e+00  7.60084671681230811e-02  6.55198807209534263e-03 -3.04823605918086481e-03
2.840708e+00  1.03783730096276200e-01  2.94734331157927021e-02 -1.43817888683912083e-03
2.853982e+00  1.30732601542317833e-01  5.62317868373611168e-02 -5.69935534489543916e-03
2.867257e+00  1.53177525183272295e-01  8.39050827605772737e-02 -1.65860784931655993e-02
2.880531e+00  1.67525491727873788e-01  1.08988523429018005e-01 -3.35986257988106773e-02
2.893805e+00  1.70774433165164496e-01  1.27813989440361153e-01 -5.51028640107113291e-02
2.907080e+00  1.60975993489589242e-01  1.37138370514291702e-01 -7.87007678893140022e-02
2.920354e+00  1.37703466008335218e-01  1.34868426882599646e-01 -1.01742755502367790e-01
2.933628e+00  1.02423528548996945e-01  1.20708327698604498e-01 -1.21853263665142195e-01
2.946903e+00  5.85629024723191144e-02  9.64538534659804547e-02 -1.37364989920230635e-01
2.960177e+00  1.11241768241719611e-02  6.57787815028073597e-02 -1.47597304120440559e-01
2.973451e+00 -3.41004239571763360e-02  3.35686157593688764e-02 -1.52941982200791221e-01
2.986726e+00 -7.14937710633285484e-02  5.00438512346085794e-03 -1.54733896800143406e-01
3.000000e+00 -9.64933969966006583e-02 -1.53801112565550117e-02 -1.54906724528156736e-01
3.013274e+00 -1.06207008393473773e-01 -2.44985797121041321e-02 -1.55480442306151823e-01
3.026549e+00 -9.96954563970168378e-02 -2.12426478461777216e-02 -1.57991288142559777e-01
3.039823e+00 -7.79157478140277415e-02 -6.62291385218073854e-03 -1.63023246977492708e-01
3.053097e+00 -4.33497318401143555e-02  1.65579616097690577e-02 -1.69995933447537939e-01
3.066372e+00  5.86395632520519440e-04  4.44430281824549633e-02 -1.77295633573641948e-01
3.079646e+00  5.01498091511015931e-02  7.30262580090742103e-02 -1.82725659082015629e-01
3.092920e+00  1.01641530522208756e-01  9.88791314818681794e-02 -1.84139860270575217e-01
3.106195e+00  1.51388751368591173e-01  1.19441642199257445e-01 -1.80054257445166288e-01
3.119469e+00  1.95437960728175902e-01  1.32873590768675220e-01 -1.70038371311113906e-01
3.132743e+00  2.29294945017053858e-01  1.37712646814866613e-01 -1.54772888939310155e-01
3.146018e+00  2.48080275434776287e-01  1.32660336726653422e-01 -1.35792001090015740e-01
3.159292e+00  2.47246095708706259e-01  1.16680650403349545e-01 -1.15047268748732640e-01
3.172566e+00  2.23668929692340507e-01  8.93704043537880133e-02 -9.44744112602489833e-02
3.185841e+00  1.76724574924491729e-01  5.14128138865465531e-02 -7.56945281849086410e-02
3.199115e+00  1.08988266364890174e-01  4.92970664076192253e-03 -5.98757967845724992e-02
3.212389e+00  2.63994476549054315e-02 -4.63656855379914329e-02 -4.76937845505838870e-02
3.225664e+00 -6.21146275427859954e-02 -9.72671342853054233e-02 -3.93142576579121952e-02
3.238938e+00 -1.45556480442589620e-01 -1.41509047794014520e-01 -3.43780819010428076e-02
3.252212e+00 -2.12372689421686717e-01 -1.72645007465033112e-01 -3.20339399033576847e-02
3.265487e+00 -2.52547427300008342e-01 -1.85379708205998389e-01 -3.10788286290616042e-02
3.278761e+00 -2.59967965956362845e-01 -1.77109684725459349e-01 -3.02156280909040668e-02
3.292035e+00 -2.34391665747030187e-01 -1.49155210033260460e-01 -2.83628956024539747e-02
3.305310e+00 -1.82197156432315543e-01 -1.07082349449981157e-01 -2.49116199686042414e-02
3.318584e+00 -1.15365809625899735e-01 -5.97426074094674631e-02 -1.98422155434774226e-02
3.331858e+00 -4.87432824351956701e-02 -1.71328777876196200e-02 -1.36711212038143487e-02
3.345133e+00  3.71183465281609611e-03  1.23176783130342481e-02 -7.25143596516204369e-03
3.358407e+00  3.25789574573409416e-02  2.41369242966780195e-02 -1.48683401737156060e-03
3.371681e+00  3.53979628718685407e-02  1.90313783386266214e-02  2.96211754200849040e-03
3.384956e+00  1.70673562202811255e-02  2.46413143688881684e-03  5.88822132378708906e-03
3.398230e+00 -1.20109297033765324e-02 -1.73364396447363428e-02  7.58167376657956343e-03
3.411504e+00 -3.95705306489278694e-02 -3.22995627854706854e-02  8.67501008301426596e-03
3.424779e+00 -5.57483554602013626e-02 -3.73343801383501858e-02  9.84528508670653828e-03
3.438053e+00 -5.64155736270162897e-02 -3.19640349822686229e-02  1.15132740508741421e-02
3.451327e+00 -4.41844015095253714e-02 -2.00731245671787080e-02  1.36952340225993102e-02
3.464602e+00 -2.65938256565768603e-02 -7.84212657206375188e-03  1.60835561172329340e-02
3.477876e+00 -1.22799344032317442e-02 -7.93415182379869676e-04  1.82997792842432387e-02
3.491150e+00 -6.96922716100149310e-03 -1.35040561179995211e-03  2.01641348113163546e-02
3.504425e+00 -1.12360653851451588e-02 -8.07973458807845039e-03  2.18268632673562085e-02
3.517699e+00 -2.09920819275543069e-02 -1.68960635864204671e-02  2.37031570170843850e-02
3.530973e+00 -3.01721609231606312e-02 -2.34425143898796748e-02  2.62741188863795730e-02
3.544248e+00 -3.39608400376715178e-02 -2.52628113141965989e-02  2.98779547459253787e-02
3.557522e+00 -3.08204741259588653e-02 -2.26223353223462265e-02  3.45894668761266219e-02
3.570796e+00 -2.24939695159851599e-02 -1.77342638151142401e-02  4.02112999686268721e-02
3.584071e+00 -1.23915418690326313e-02 -1.30988614930408684e-02  4.63405887135592137e-02
3.597345e+00 -3.55006008414840120e-03 -1.00655783592540852e-02  5.24633095329390536e-02
3.610619e+00  2.69037776107573963e-03 -8.39326844047339621e-03  5.80518740924635887e-02
3.623894e+00  6.80326420020649272e-03 -6.83830006400811853e-03  6.26602888355554249e-02
3.637168e+00  1.02408001973546183e-02 -4.18792458705314913e-03  6.60049351072997531e-02
3.650442e+00  1.43103103628243605e-02 -3.28571550415498846e-05  6.80049954614812269e-02
3.663717e+00  1.93924182214460956e-02  5.09687260270793446e-03  6.87624647037938935e-02
3.676991e+00  2.48166210894723675e-02  1.01453750722262422e-02  6.84916313933590787e-02
3.690265e+00  2.93371271710336917e-02  1.41296113664259575e-02  6.74383474026556268e-02
3.703540e+00  3.18773488566064175e-02  1.65714699885344263e-02  6.58302334583440452e-02
3.716814e+00  3.21153261445011468e-02  1.76016743243715100e-02  6.38654420055891070e-02
3.730088e+00  3.05940207369449352e-02  1.77727758836587271e-02  6.17112462942597181e-02
3.743363e+00  2.83194719582892766e-02  1.77272801750329445e-02  5.94800826864801332e-02
3.756637e+00  2.61178129128008078e-02  1.78844337068747757e-02  5.71828766077220191e-02
3.769912e+00  2.41672175200724239e-02  1.82730305098538423e-02  5.46977623484881589e-02
3.783186e+00  2.19899623881200136e-02  1.85667760044716974e-02  5.17991886268411861e-02
3.796460e+00  1.88642296926562932e-02  1.82833933660933728e-02  4.82559842988018461e-02
3.809735e+00  1.43336675439671123e-02  1.70260321553351267e-02  4.39562994811824800e-02
3.823009e+00  8.46561641174385822e-03  1.46305073015598093e-02  3.89940398487173406e-02
3.836283e+00  1.74339554385591518e-03  1.11578513855586058e-02  3.36707998180932402e-02
3.849558e+00 -5.23101806748504407e-03  6.79185869418502414e-03  2.84130173326352133e-02
3.862832e+00 -1.19413582507916297e-02  1.76828643581424753e-03  2.36448039757800148e-02
3.876106e+00 -1.79319317049489585e-02 -3.58761766018939488e-03  1.96691776075459297e-02
3.889381e+00 -2.26613533285844257e-02 -8.76596194702690054e-03  1.65966170732664911e-02
3.902655e+00 -2.54629151246914716e-02 -1.30588404107235788e-02  1.43372107229455936e-02
3.915929e+00 -2.57351124971118977e-02 -1.57270140214524241e-02  1.26509348853082529e-02
3.929204e+00 -2.32633512865169506e-02 -1.62953466432182829e-02  1.12332596987045202e-02
3.942478e+00 -1.84378764084472332e-02 -1.47955992642539377e-02  9.80483273402142988e-03
3.955752e+00 -1.21988459047191345e-02 -1.17868385396898874e-02  8.17702839885864861e-03
3.969027e+00 -5.74022969994474747e-03 -8.13711254906600116e-03  6.27968989735668958e-03
3.982301e+00 -1.66795832956111113e-04 -4.71885263109135100e-03  4.15671129233372710e-03
3.995575e+00  3.70332248124172854e-03 -2.21173381280468295e-03  1.94386202310019556e-03
4.008850e+00  5.34416393598828761e-03 -1.08811180050108047e-03 -1.64390823432834223e-04
4.022124e+00  4.44240143596436911e-03 -1.68876171556988546e-03 -1.96232772239376008e-03
4.035398e+00  8.73983981385362567e-04 -4.23290791273986996e-03 -3.29468076304061672e-03
4.048673e+00 -5.21577145979892128e-03 -8.69862601473709446e-03 -4.11597598497133541e-03
4.061947e+00 -1.33076192959649866e-02 -1.46665110047872471e-02 -4.51761980042406520e-03
4.075221e+00 -2.25053211876846959e-02 -2.12926854948174565e-02 -4.70336355906282155e-03
4.088496e+00 -3.16914761748418594e-02 -2.74955176291431097e-02 -4.92605246542966377e-03
4.101770e+00 -3.97790901989072687e-02 -3.22748304749715526e-02 -5.42236181338810221e-03
4.115044e+00 -4.59241327967814875e-02 -3.49779608545934886e-02 -6.37312824030482512e-03
4.128319e+00 -4.95940327752649041e-02 -3.53696757233579948e-02 -7.88476965260787206e-03
4.141593e+00 -5.04901703062861015e-02 -3.35106905690513435e-02 -9.96679373317070280e-03
4.154867e+00 -4.84203506499626610e-02 -2.95774064386997229e-02 -1.24974631326300861e-02
4.168142e+00 -4.32410345578891769e-02 -2.37658836422017204e-02 -1.52096018322843141e-02
4.181416e+00 -3.49295034702099272e-02 -1.63257775391644523e-02 -1.77428724031257236e-02
4.194690e+00 -2.37513950374832437e-02 -7.65951952281688359e-03 -1.97685196596974547e-02
4.207965e+00 -1.04213423715902760e-02  1.61491586331375335e-03 -2.11259245066045681e-02
4.221239e+00  3.84921282824338259e-03  1.06914947455204901e-02 -2.18804212843026688e-02
4.234513e+00  1.74679146542428242e-02  1.86741970996683222e-02 -2.22572129857184879e-02
4.247788e+00  2.87171203790995908e-02  2.46941476088149182e-02 -2.24974850025473246e-02
4.261062e+00  3.60724666806709407e-02  2.80173929859875055e-02 -2.27410506919837538e-02
4.274336e+00  3.84970706126686046e-02  2.81517789298320296e-02 -2.30110463657372810e-02
4.287611e+00  3.56497927051287744e-02  2.49669056401391545e-02 -2.32857336165143668e-02
4.300885e+00  2.79824404057335968e-02  1.88078068968268106e-02 -2.35720907288980569e-02
4.314159e+00  1.67217344819119811e-02  1.05440188431617093e-02 -2.39081252493235918e-02
4.327434e+00  3.73104517503727341e-03  1.49272537216815337e-03 -2.42999972789530831e-02
4.340708e+00 -8.75905216797634618e-03 -6.80305578911379223e-03 -2.46667944786486404e-02
4.353982e+00 -1.85480392742812424e-02 -1.29002319348541488e-02 -2.48565231639429687e-02
4.367257e+00 -2.39403123639370038e-02 -1.58005873657654644e-02 -2.47251464594162723e-02
4.380531e+00 -2.41857521351587675e-02 -1.52193957547435074e-02 -2.42096543644231520e-02
4.393805e+00 -1.97374117243305294e-02 -1.16984465256818517e-02 -2.33359190309499025e-02
4.407080e+00 -1.22000718709728423e-02 -6.51264848208920472e-03 -2.21693199911296296e-02
4.420354e+00 -3.93041671253863134e-03 -1.35850659072864481e-03 -2.07690691840414637e-02
4.433628e+00  2.62833471784376877e-03  2.12730597259700891e-03 -1.91920164783867461e-02
4.446903e+00  5.68706107243774177e-03  2.89484084289986588e-03 -1.75277737765495573e-02
4.460177e+00  4.68568279927787049e-03  8.68031354837324248e-04 -1.59043386770602521e-02
4.473451e+00  4.88424016487150727e-04 -2.99000314005426829e-03 -1.44308941472879471e-02
4.486726e+00 -4.90924867237459411e-03 -7.01537976019628480e-03 -1.31171620183722012e-02
4.500000e+00 -9.10720518520011582e-03 -9.49323245817983857e-03 -1.18498024178972459e-02
4.513274e+00 -1.02280004899942736e-02 -9.36205803004143237e-03 -1.04674309995060281e-02
4.526549e+00 -7.68719444176826829e-03 -6.65756177593009209e-03 -8.88830474518478679e-03
4.539823e+00 -2.45560222771709896e-03 -2.47872057316475720e-03 -7.19018638796613610e-03
4.553097e+00  3.35526680746697087e-03  1.52146222729211147e-03 -5.57500955578383618e-03
4.566372e+00  7.44347812650445872e-03  3.88641182160969368e-03 -4.24509371016052860e-03
4.579646e+00  8.37043200780212410e-03  3.99243101979298350e-03 -3.28742973519549533e-03
4.592920e+00  6.19129702939435166e-03  2.26958818995983205e-03 -2.64734507599509103e-03
4.606195e+00  2.33080436455478405e-03 -8.92385541453523417e-05 -2.19256734345901847e-03
4.619469e+00 -1.22335163466185445e-03 -1.77136596040029142e-03 -1.79887943911168449e-03
4.632743e+00 -2.95773738183367904e-03 -2.00384593485838361e-03 -1.38893612940595873e-03
4.646018e+00 -2.52972086353192354e-03 -8.90856619077259816e-04 -9.16217292228000465e-04
4.659292e+00 -7.71411744626916609e-04  7.34041203827681568e-04 -3.39907056945329010e-04
4.672566e+00  9.32342254930851018e-04  1.83694824110224204e-03  3.67623726683993823e-04
4.685841e+00  1.47596132175308102e-03  1.78027619756867075e-03  1.18784391454974480e-03
4.699115e+00  5.88881813935272238e-04  6.45981139150413530e-04  2.04225276418662375e-03
4.712389e+00 -1.14923091254379574e-03 -8.81428879568155253e-04  2.82793264125199379e-03
4.725664e+00 -2.75440242592138711e-03 -1.96866690105507213e-03  3.48087663744001347e-03
4.738938e+00 -3.42354441603995091e-03 -2.12447694263815517e-03  4.01245058371815008e-03
4.752212e+00 -2.92071679387043365e-03 -1.43025174373319331e-03  4.48627371275835390e-03
4.765487e+00 -1.59888350668935990e-03 -4.03144605704474886e-04  4.95772741833433363e-03
4.778761e+00 -1.14658505580055074e-04  3.76201141443920594e-04  5.43242919448365391e-03
4.792035e+00  9.62384926400683318e-04  6.10769914271880039e-04  5.88024593639964628e-03
4.805310e+00  1.43141170598420106e-03  4.03813775926219751e-04  6.28634282865632096e-03
4.818584e+00  1.50924100730680699e-03  1.18560997403900834e-04  6.68500525346365278e-03
4.831858e+00  1.65162986621563909e-03  1.18101624224722598e-04  7.14025563942494081e-03
4.845133e+00  2.26106149562004324e-03  5.65272980277439861e-04  7.68923570246153078e-03
4.858407e+00  3.44421275413729459e-03  1.38197501087850678e-03  8.29988200981022183e-03
4.871681e+00  4.94968360432958970e-03  2.34475196460023341e-03  8.88163824803402807e-03
4.884956e+00  6.31353885945712488e-03  3.22046770974918680e-03  9.33975251319977932e-03
4.898230e+00  7.11827203494787026e-03  3.85669129338907452e-03  9.62691801573938542e-03
4.911504e+00  7.20284763937444061e-03  4.20014700892282385e-03  9.75429417047781085e-03
4.924779e+00  6.69848223901397827e-03  4.26698414325396309e-03  9.76399988831752608e-03
4.938053e+00  5.88838998610371252e-03  4.10311221454301780e-03  9.69655835786111496e-03
4.951327e+00  5.01175556413148166e-03  3.75941439811979449e-03  9.58243665524587812e-03
4.964602e+00  4.16083013891239799e-03  3.28838896305329699e-03  9.45454870737110972e-03
4.977876e+00  3.33389565929447223e-03  2.75810525175075117e-03  9.35383339537011922e-03
4.991150e+00  2.57509555056626219e-03  2.27160032893204428e-03  9.30953939101966839e-03
5.004425e+00  2.06298687202163518e-03  1.97235633124344606e-03  9.30779589435719139e-03
5.017699e+00  2.05920601156295985e-03  2.01824683275550693e-03  9.28164764932716026e-03
5.030973e+00  2.75136999592832682e-03  2.52415941885693980e-03  9.14178831699430372e-03
5.044248e+00  4.11556174682129860e-03  3.49998233718888186e-03  8.83052854256196479e-03
5.057522e+00  5.90866596453127040e-03  4.82479665863199889e-03  8.35701599658239362e-03
5.070796e+00  7.79469546369792200e-03  6.28143155311855928e-03  7.78545903985346840e-03
5.084071e+00  9.50387731055945227e-03  7.63527850090315371e-03  7.18814850994850714e-03
5.097345e+00  1.09062058817480118e-02  8.70893026768270948e-03  6.60401623348414422e-03
5.110619e+00  1.19607247559466116e-02  9.40719020335548106e-03  6.03548273294999323e-03
5.123894e+00  1.26067900144056430e-02  9.68579676904450342e-03  5.47910583476214977e-03
5.137168e+00  1.27062214293087675e-02  9.50243322919644938e-03  4.95411659219052117e-03
5.150442e+00  1.20928022965062706e-02  8.80159021807898692e-03  4.49749012136100614e-03
5.163717e+00  1.06873932217053276e-02  7.55317056909312907e-03  4.12904895131673347e-03
5.176991e+00  8.57915958645139205e-03  5.81446980874737469e-03  3.82080833660189152e-03
5.190265e+00  6.00298675300015884e-03  3.75820852740095697e-03  3.50267053629964341e-03
5.203540e+00  3.23199615821811613e-03  1.63105919899402874e-03  3.10380343380429373e-03
5.216814e+00  4.74900282526041783e-04 -3.36624103673553840e-04  2.59662668432593174e-03
5.230088e+00 -2.14089877449555321e-03 -2.00588610232490779e-03  2.00887306652957438e-03
5.243363e+00 -4.49877615654920709e-03 -3.33380176645235683e-03  1.39836480616965233e-03
5.256637e+00 -6.41179931358921030e-03 -4.30867726146209450e-03  8.16346292251504593e-04
5.269912e+00 -7.61838367589791430e-03 -4.87614339670555588e-03  2.90415923154564107e-04
5.283186e+00 -7.87659194211984444e-03 -4.92735877139607609e-03 -1.65536393595326181e-04
5.296460e+00 -7.09489005615657718e-03 -4.36947762376250267e-03 -5.34762130807624105e-04
5.309735e+00 -5.40680455668537344e-03 -3.22745115506891138e-03 -7.98969259705231021e-04
5.323009e+00 -3.14226409788851422e-03 -1.69538103238925115e-03 -9.59929679785358854e-04
5.336283e+00 -7.24260090870112007e-04 -9.09647013471533053e-05 -1.05850540354938396e-03
5.349558e+00  1.43959046168575227e-03  1.26033295702030249e-03 -1.16536229491235308e-03
5.362832e+00  3.02236343945404447e-03  2.13483331148423602e-03 -1.34210046085607025e-03
5.376106e+00  3.80469640582973287e-03  2.45127977330322679e-03 -1.60106937816688420e-03
5.389381e+00  3.69635526158043582e-03  2.24015943924091515e-03 -1.89790781812487503e-03
5.402655e+00  2.76626092447878474e-03  1.59134295058336976e-03 -2.16596752937212294e-03
5.415929e+00  1.25671343954740803e-03  6.32048279772098030e-04 -2.36671295419129627e-03
5.429204e+00 -4.53532203499299640e-04 -4.57576840201532600e-04 -2.51529164965700160e-03
5.442478e+00 -1.94245814706638488e-03 -1.43212267520591492e-03 -2.66074086868770855e-03
5.455752e+00 -2.85794173177473035e-03 -2.01900749902727324e-03 -2.83905331811488536e-03
5.469027e+00 -3.00387888364933792e-03 -2.01402299158756235e-03 -3.04028034941895581e-03
5.482301e+00 -2.37896515919684432e-03 -1.38889698476050852e-03 -3.21839928025911435e-03
5.495575e+00 -1.17782038440790351e-03 -3.41595449369456669e-04 -3.33512143889429019e-03
5.508850e+00  2.35369786917322295e-04  7.54874785998898017e-04 -3.39811126566505863e-03
5.522124e+00  1.39369034788979157e-03  1.49172094416862673e-03 -3.45862896590550840e-03
5.535398e+00  1.85545889308373819e-03  1.58815855536860104e-03 -3.56979722313502086e-03
5.548673e+00  1.37731731561111133e-03  1.00359064484637265e-03 -3.74120327730645234e-03
5.561947e+00  5.73942973192215902e-05 -5.00380212142855478e-05 -3.92846935770722102e-03
5.575221e+00 -1.64933392165398621e-03 -1.19454238157616762e-03 -4.06575932599912565e-03
5.588496e+00 -3.09046752995827687e-03 -2.02860959059100645e-03 -4.11183257417192631e-03
5.601770e+00 -3.69585456171705800e-03 -2.27241614211860050e-03 -4.07076719218573465e-03
5.615044e+00 -3.24047618556682184e-03 -1.86712211186267508e-03 -3.97466275425518902e-03
5.628319e+00 -1.95177925355454244e-03 -9.99672637319433182e-04 -3.85045541069059397e-03
5.641593e+00 -4.04444406351685813e-04 -4.10037889474165794e-05 -3.70431768077262658e-03
5.654867e+00  7.43888256073821927e-04  5.93942669145778690e-04 -3.53609904110586439e-03
5.668142e+00  1.04750375796383056e-03  6.25234056642223908e-04 -3.36350843856552837e-03
5.681416e+00  4.63108945103635596e-04  5.17252937274461914e-05 -3.22470761982493557e-03
5.694690e+00 -6.45504596371099942e-04 -8.24493276883428547e-04 -3.15045286308579878e-03
5.707965e+00 -1.68822482271498890e-03 -1.53405851945576251e-03 -3.12960227937869422e-03
5.721239e+00 -2.13504510923210981e-03 -1.68847033798058630e-03 -3.10280174204772196e-03
5.734513e+00 -1.77634826707458084e-03 -1.20661340637033196e-03 -2.99711278512828456e-03
5.747788e+00 -8.26107826423901504e-04 -3.73559952802636789e-04 -2.77722451153775921e-03
5.761062e+00  1.95088024039973083e-04  3.22939508649791888e-04 -2.47142657323130843e-03
5.774336e+00  7.45488420469125760e-04  4.87408237428699686e-04 -2.15054230462545515e-03
5.787611e+00  5.61172166278186939e-04  5.49121890625626420e-05 -1.87704400996543605e-03
5.800885e+00 -2.07180496311702326e-04 -6.85687318154403792e-04 -1.66558200025363422e-03
5.814159e+00 -1.10393237283668380e-03 -1.29551318720525941e-03 -1.48543518613343441e-03
5.827434e+00 -1.65447619949323399e-03 -1.47038295400615782e-03 -1.29868298297432564e-03
5.840708e+00 -1.64378258740301045e-03 -1.21038039935213800e-03 -1.09783613495578660e-03
5.853982e+00 -1.21234236788504788e-03 -7.71984415547592078e-04 -9.10135147649234052e-04
5.867257e+00 -7.22345960056128451e-04 -4.62051266589928896e-04 -7.67221610586602226e-04
5.880531e+00 -5.02329161706006151e-04 -4.36653844096913631e-04 -6.69675876854698444e-04
5.893805e+00 -6.48291008118474701e-04 -6.39034268766293313e-04 -5.79912720225296855e-04
5.907080e+00 -1.00001185321692190e-03 -8.87564071037426783e-04 -4.50422460442597154e-04
5.920354e+00 -1.27860207460878312e-03 -1.01647592498600356e-03 -2.61866579563239878e-04
5.933628e+00 -1.26875684594264840e-03 -9.60025215574762994e-04 -3.74903663281112189e-05
5.946903e+00 -9.25621938579951667e-04 -7.45045307906390549e-04  1.77629346770085821e-04
5.960177e+00 -3.64791154315170557e-04 -4.37994596944311779e-04  3.52669997807580655e-04
5.973451e+00  2.22498076061540025e-04 -1.08841857227644375e-04  4.89765271309814537e-04
5.986726e+00  6.59867209335983731e-04  1.71880014551232765e-04  6.10377965406164137e-04
6.000000e+00  8.41323316421117113e-04  3.32796924337859946e-04  7.25756014139802537e-04
6.013274e+00  7.49974232370894485e-04  3.25863722289111463e-04  8.22120718764388580e-04
6.026549e+00  4.50030978090418146e-04  1.61278210540483102e-04  8.75952373348007720e-04
6.039823e+00  5.30916373078294722e-05 -8.90296619040163424e-05  8.84888230113816689e-04
6.053097e+00 -3.38356562777141726e-04 -3.38738148694621064e-04  8.82884493573123682e-04
6.066372e+00 -6.84630916140264653e-04 -5.51385834048119571e-04  9.21598472452128778e-04
6.079646e+00 -1.01887994995445721e-03 -7.61860921101955072e-04  1.03160553026696695e-03
6.092920e+00 -1.39531629740207602e-03 -1.02845197581412817e-03  1.19658380570216816e-03
6.106195e+00 -1.81048786107072357e-03 -1.35358624295209328e-03  1.36332815805799749e-03
6.119469e+00 -2.16688831527890851e-03 -1.64706063629120212e-03  1.47985039299349387e-03
6.132743e+00 -2.32114952860062920e-03 -1.77309530613576813e-03  1.52973753004683388e-03
6.146018e+00 -2.18545593316642021e-03 -1.64773532813449180e-03  1.53548715293213255e-03
6.159292e+00 -1.79719755395570634e-03 -1.30489652926328711e-03  1.53193542208336316e-03
6.172566e+00 -1.29271770822438395e-03 -8.72558001418496780e-04  1.53589705879357183e-03
6.185841e+00 -8.03692355679265611e-04 -4.76893721389490776e-04  1.53839984434194551e-03
6.199115e+00 -3.65407326992987530e-04 -1.55501427669854907e-04  1.52317883559392590e-03
6.212389e+00  8.28288243115246788e-05  1.46839905755649799e-04  1.49067910704790826e-03
6.225664e+00  6.07724852602099081e-04  4.99445761071249479e-04  1.46347727291709097e-03
6.238938e+00  1.18603593403145916e-03  8.96164875376472447e-04  1.46833336578631232e-03
6.252212e+00  1.69123995672428701e-03  1.23609672207801945e-03  1.51191357512655525e-03
6.265487e+00  1.97608561918280121e-03  1.39349265556949179e-03  1.57228074630215171e-03
6.278761e+00  1.97764555357650548e-03  1.31630979298957536e-03  1.61350138419261830e-03
6.292035e+00  1.75332521241807100e-03  1.06768897223359660e-03  1.61013482772413494e-03
6.305310e+00  1.42100722595060844e-03  7.75694746819592987e-04  1.56130164188091644e-03
6.318584e+00  1.06266703163136874e-03  5.36409420231183571e-04  1.48529784756842626e-03
6.331858e+00  6.80184731593841733e-04  3.54165061536188940e-04  1.40249686832033603e-03
6.345133e+00  2.39630157515456768e-04  1.67702541000983664e-04  1.32229184632155750e-03
6.358407e+00 -2.43844470084805370e-04 -6.62421220142725940e-05  1.24377869640319798e-03
6.371681e+00 -6.65761722774117098e-04 -3.09819691275729987e-04  1.16602322638040376e-03
6.384956e+00 -8.80122716421922330e-04 -4.58119729346187119e-04  1.09578320871313328e-03
6.398230e+00 -7.98113256870650110e-04 -4.18319440617189440e-04  1.04465709852475047e-03
6.411504e+00 -4.54660300486132952e-04 -1.86466635394000801e-04  1.01773370576776589e-03
6.424779e+00  1.11567063658942054e-05  1.41566385232666303e-04  1.00376917633723589e-03
6.438053e+00  4.40975518903253616e-04  4.31015744384019572e-04  9.76794918655033350e-04
6.451327e+00  7.35769698636279412e-04  5.89310047104494032e-04  9.10032575429776274e-04
6.464602e+00  8.72604339736452101e-04  6.05786002122878347e-04  7.92997551806607715e-04
6.477876e+00  8.65232623202275117e-04  5.28165503761853449e-04  6.39640279007569240e-04
6.491150e+00  7.21505924225745521e-04  4.05897997946011370e-04  4.80546243110077794e-04
6.504425e+00  4.41895142979937768e-04  2.52338088962191735e-04  3.43484343213203863e-04
6.517699e+00  5.33233512831123984e-05  5.43415193338020033e-05  2.36469489578031031e-04
6.530973e+00 -3.65406818728062212e-04 -1.86052214288439830e-04  1.46256040071684866e-04
6.544248e+00 -7.00811973573480483e-04 -4.19547500952771439e-04  5.32584845242865888e-05
6.557522e+00 -8.56323920287033191e-04 -5.59873938058750588e-04 -4.92354869209562585e-05
6.570796e+00 -7.98226589735955678e-04 -5.34038131551896789e-04 -1.48224387980926408e-04
6.584071e+00 -5.64299339091484803e-04 -3.36611803871165061e-04 -2.23262150465847469e-04
6.597345e+00 -2.39200839932108362e-04 -4.70804748412454759e-05 -2.67007704690818001e-04
6.610619e+00  7.62462955379021492e-05  2.04945354376731759e-04 -2.95152987465938034e-04
6.623894e+00  2.84459170355418121e-04  3.06100259037407044e-04 -3.35899680156322015e-04
6.637168e+00  3.06503375229561794e-04  2.15737925029291445e-04 -4.07080538502986437e-04
6.650442e+00  1.08936889547834876e-04 -2.03363841846253390e-05 -5.00868560454344951e-04
6.663717e+00 -2.62760125248960954e-04 -3.00954022258267311e-04 -5.89904801105291189e-04
6.676991e+00 -6.75243177858985528e-04 -5.20404243974745381e-04 -6.48884503914074926e-04
6.690265e+00 -9.51173929083564025e-04 -6.08981124740393446e-04 -6.72017731763802670e-04
6.703540e+00 -9.56624305604147451e-04 -5.48836598747442172e-04 -6.71874502263586880e-04
6.716814e+00 -6.82171305682041282e-04 -3.70925824583525623e-04 -6.62824364251566418e-04
6.730088e+00 -2.61484954156537505e-04 -1.45198718474392368e-04 -6.46640406640238926e-04
6.743363e+00  9.15558903672550762e-05  3.40550180650442980e-05 -6.14862260491882929e-04
6.756637e+00  1.92789286290894596e-04  7.54565950426326572e-05 -5.64405198703066724e-04
6.769912e+00 -1.79243104364345574e-05 -6.77610283840083502e-05 -5.08960438036108395e-04
6.783186e+00 -4.47075616150213869e-04 -3.58463430657967837e-04 -4.72850345834441462e-04
6.796460e+00 -8.93366420354032003e-04 -6.70215488063667869e-04 -4.71236336348414275e-04
6.809735e+00 -1.14348675031999795e-03 -8.37551181458113473e-04 -4.95050560445130217e-04
6.823009e+00 -1.07332692393287020e-03 -7.47216319875361424e-04 -5.16238462042533492e-04
6.836283e+00 -7.09799188543317242e-04 -4.17844435713405249e-04 -5.10009294900609970e-04
6.849558e+00 -2.21926771643304459e-04 -8.61368679955331355e-06 -4.74665989837947321e-04
6.862832e+00  1.62265644485466031e-04  2.64706768301418494e-04 -4.31698742540812907e-04
6.876106e+00  2.76784861672019461e-04  2.62846642215183387e-04 -4.06357398533471997e-04
6.889381e+00  1.09887953968451963e-04  1.65125066578445450e-05 -4.06423657230582885e-04
6.902655e+00 -1.92455377946165859e-04 -2.91397410453234540e-04 -4.18177213273804261e-04
6.915929e+00 -4.20944827182319792e-04 -4.50674358822399611e-04 -4.21772759227732115e-04
6.929204e+00 -4.37539102720519238e-04 -3.69697263957708550e-04 -4.10373023003383929e-04
6.942478e+00 -2.60209138074310952e-04 -1.34129293827427913e-04 -3.95146055399882192e-04
6.955752e+00 -4.08088456883391675e-05  6.57986700087693816e-05 -3.92196330913058169e-04
6.969027e+00  4.47101744651461370e-05  8.05774266118913730e-05 -4.04777273625250595e-04
6.982301e+00 -8.63192924173827999e-05 -9.52365088991806430e-05 -4.18400965866973836e-04
6.995575e+00 -3.77971591802716319e-04 -3.37334762075615726e-04 -4.13253103266884771e-04
7.008850e+00 -6.83497113469781672e-04 -4.99720046113562560e-04 -3.81656841462533678e-04
7.022124e+00 -8.59923363816185037e-04 -5.18791788967434679e-04 -3.34323293293211743e-04
7.035398e+00 -8.40597347546721656e-04 -4.31872178037621892e-04 -2.90212592761866913e-04
7.048673e+00 -6.48050372973098753e-04 -3.13664738237248307e-04 -2.60527157821856151e-04
7.061947e+00 -3.59285620293820797e-04 -2.04045343648400754e-04 -2.42448557980294897e-04
7.075221e+00 -6.13291427700456181e-05 -9.40509702185779049e-05 -2.27397592563668115e-04
7.088496e+00  1.77063375398307012e-04  3.09352452526617268e-05 -2.13910467715395809e-04
7.101770e+00  3.18056196264140348e-04  1.49779692002381209e-04 -2.11412137734344371e-04
7.115044e+00  3.61519330245696437e-04  2.15514839546576285e-04 -2.30739143912876368e-04
7.128319e+00  3.44199091831798082e-04  2.04531323400417242e-04 -2.70995139551990138e-04
7.141593e+00  3.20186139232870269e-04  1.48044798869377667e-04 -3.16487537981986712e-04
7.154867e+00  3.23125001963542509e-04  1.06457180720401494e-04 -3.47324735814737683e-04
7.168142e+00  3.34877823710938351e-04  1.07829269958649551e-04 -3.53922597546725429e-04
7.181416e+00  2.92692147938427454e-04  1.13104994024364129e-04 -3.42427818434934265e-04
7.194690e+00  1.39411145923409272e-04  4.82976690606970650e-05 -3.26805224291497809e-04
7.207965e+00 -1.19996599051776576e-04 -1.21894238126499512e-04 -3.15764466301221818e-04
7.221239e+00 -4.05799243627531325e-04 -3.47672733271806489e-04 -3.06793208743399602e-04
7.234513e+00 -6.12241227854353029e-04 -5.21854001337339725e-04 -2.91282302526767926e-04
7.247788e+00 -6.81268110973704140e-04 -5.61725023230759662e-04 -2.63883359277533092e-04
7.261062e+00 -6.39332170793722315e-04 -4.73886109927367633e-04 -2.26590452562277594e-04
7.274336e+00 -5.65507107605560562e-04 -3.44343587882436518e-04 -1.84443113488113502e-04
7.287611e+00 -5.19090961160137746e-04 -2.62834604333723402e-04 -1.38658542912368409e-04
7.300885e+00 -4.90112384681528073e-04 -2.48280756471450233e-04 -8.52857751859051794e-05
7.314159e+00 -4.15354099731193676e-04 -2.40123321568206109e-04 -2.05730304160081599e-05
7.327434e+00 -2.44088382023120601e-04 -1.61453047905486477e-04  5.32002194876321900e-05
7.340708e+00  5.88577295019116005e-06  3.82618126090072053e-06  1.27829617248386015e-04
7.353982e+00  2.50961941016630027e-04  1.88877575672670179e-04  1.95584513707497442e-04
7.367257e+00  3.99633343227522291e-04  2.95443372612512673e-04  2.55609192343514392e-04
7.380531e+00  4.15386354870344221e-04  2.72857947983922474e-04  3.13641895421226885e-04
7.393805e+00  3.32887851016724185e-04  1.56165284285245104e-04  3.75479319474321740e-04
7.407080e+00  2.18502839188846915e-04  3.23001224106978153e-05  4.40842652382196975e-04
7.420354e+00  1.13866947541674921e-04 -3.33751853353225265e-05  5.03301769770526453e-04
7.433628e+00  1.16998496161253386e-05 -4.53038081801113241e-05  5.56045646468136747e-04
7.446903e+00 -1.19194953255574653e-04 -6.16204190342109991e-05  5.97597727068013059e-04
7.460177e+00 -2.86357877457661702e-04 -1.32005068241369431e-04  6.31570344122905220e-04
7.473451e+00 -4.48207433989850404e-04 -2.45991746788556162e-04  6.61192298372821900e-04
7.486726e+00 -5.34190512803658945e-04 -3.36484769726747522e-04  6.84643560940186957e-04
7.500000e+00 -4.93817360553919314e-04 -3.33736444598979110e-04  6.95639226948345491e-04
7.513274e+00 -3.34373683364616310e-04 -2.22515897994279827e-04  6.88482102019645579e-04
7.526549e+00 -1.17848101859645990e-04 -5.55134261627540272e-05  6.62472086725214571e-04
7.539823e+00  7.92590265783818916e-05  8.56092637045924776e-05  6.21126742762090605e-04
7.553097e+00  2.10996362505957405e-04  1.47978521441561613e-04  5.67728562809257948e-04
7.566372e+00  2.78321460714922640e-04  1.38034196188517404e-04  5.02776536343879058e-04
7.579646e+00  3.08964557807317052e-04  1.04187432890162434e-04  4.26109905806342946e-04
7.592920e+00  3.22473804758799734e-04  9.05934802304430496e-05  3.41279719185687074e-04
7.606195e+00  3.11756680488462672e-04  1.01644995134465938e-04  2.56992534478999086e-04
7.619469e+00  2.56062003743505982e-04  1.04852605906990574e-04  1.82678740510332986e-04
7.632743e+00  1.51440838823004004e-04  6.69547267584635322e-05  1.21833196215176266e-04
7.646018e+00  2.85906442488632408e-05 -9.29061076893468617e-06  7.00443438325084943e-05
7.659292e+00 -6.05924091361422409e-05 -7.98039615159032824e-05  1.99891784899129416e-05
7.672566e+00 -7.84822500474027985e-05 -9.07687736655598892e-05 -3.10417180397391069e-05
7.685841e+00 -2.98320441706224328e-05 -2.20940908802168132e-05 -7.81293380444742999e-05
7.699115e+00  4.17744980711755813e-05  9.26116381342296466e-05 -1.13631636515059990e-04
7.712389e+00  8.62132473941733805e-05  1.86746743314411328e-04 -1.35392731882928144e-04
7.725664e+00  8.03071355585862495e-05  2.06634686249280086e-04 -1.49787413215855407e-04
7.738938e+00  3.62052041080842106e-05  1.47492769913928499e-04 -1.66495490992900916e-04
7.752212e+00 -1.73135982972786923e-05  5.32223400234433272e-05 -1.89885706129210052e-04
7.765487e+00 -5.86562514422279350e-05 -1.73290458534496074e-05 -2.14974097829851769e-04
7.778761e+00 -7.91654535562639762e-05 -2.96430839201080392e-05 -2.31971089922652338e-04
7.792035e+00 -7.05586322068717172e-05  1.08400113664301203e-05 -2.34982175424551141e-04
7.805310e+00 -1.63925556893423140e-05  7.31845264272083665e-05 -2.26236413195718113e-04
7.818584e+00  9.37997277214254384e-05  1.27236404189292278e-04 -2.12437873624013815e-04
7.831858e+00  2.36336910724434690e-04  1.57939921887990053e-04 -1.97742384065302963e-04
7.845133e+00  3.42812485064772484e-04  1.59881370749687687e-04 -1.80578939268068818e-04
7.858407e+00  3.31272922598263326e-04  1.25599216968750314e-04 -1.57443069885758642e-04
7.871681e+00  1.66155662522748980e-04  4.67283347641902426e-05 -1.29090913677497402e-04
7.884956e+00 -9.96693461196054674e-05 -6.90597033219049922e-05 -1.01490356701184668e-04
7.898230e+00 -3.42114401488397024e-04 -1.83226713241172676e-04 -7.97346269855258276e-05
7.911504e+00 -4.39392271927417145e-04 -2.35724644848467655e-04 -6.08374351411172513e-05
7.924779e+00 -3.51429897131958077e-04 -1.81762855938611030e-04 -3.30471641993068110e-05
7.938053e+00 -1.45178585435773547e-04 -3.15357011058930772e-05  1.60470081703522671e-05
7.951327e+00  5.42459261481956779e-05  1.42145901890837419e-04  8.89009526677556018e-05
7.964602e+00  1.49265463962021134e-04  2.43071378051255534e-04  1.74490224231646778e-04
7.977876e+00  1.28573091600103279e-04  2.15433738621939038e-04  2.55112917879993413e-04
7.991150e+00  5.94547638519642418e-05  8.59974536152587012e-05  3.17658340463947142e-04
8.004425e+00  2.71848603168544242e-05 -5.08425542499373737e-05  3.60026118658944268e-04
8.017699e+00  7.27880283719428651e-05 -9.89973164954692920e-05  3.87696618779236545e-04
8.030973e+00  1.73596685266974414e-04 -3.06096857574910734e-05  4.04477620552162861e-04
8.044248e+00  2.70637071091289381e-04  9.28997488265836057e-05  4.06719642410439941e-04
8.057522e+00  3.11689691645418323e-04  1.66126604593196499e-04  3.86074895790267623e-04
8.070796e+00  2.76030963962956575e-04  1.18180871982595569e-04  3.37467383335192568e-04
8.084071e+00  1.71911133758313197e-04 -3.52814235929019553e-05  2.64389716606742715e-04
8.097345e+00  2.32597033174193646e-05 -2.05591627263997367e-04  1.76209279068661225e-04
8.110619e+00 -1.36618566570528556e-04 -2.97431824009882645e-04  8.02725784913561023e-05
8.123894e+00 -2.65418906262607560e-04 -2.74877145149279400e-04 -2.27435983007416311e-05
8.137168e+00 -3.20445156334044166e-04 -1.76924833949253826e-04 -1.35220642910500170e-04
8.150442e+00 -2.81180984418669697e-04 -7.54100019961589598e-05 -2.54047594174547321e-04
8.163717e+00 -1.70565037866458549e-04 -1.53424200648203199e-05 -3.65600413272094385e-04
8.176991e+00 -5.01748479086650513e-05  1.17472612912636920e-05 -4.50421770388673701e-04
8.190265e+00  1.75306113167855937e-05  4.42766046198142990e-05 -4.94796173838389251e-04
8.203540e+00  1.48721609699191356e-05  1.04838399774876697e-04 -4.99188234103936884e-04
8.216814e+00 -1.58665133720958005e-05  1.76920746332854222e-04 -4.76234000596949811e-04
8.230088e+00 -4.93302229424504813e-06  2.23821097477812738e-04 -4.40374989753483323e-04
8.243363e+00  8.73461652909810301e-05  2.27249359921596872e-04 -3.98437769692272287e-04
8.256637e+00  2.34832901623593579e-04  2.05165850039441280e-04 -3.49648683828000665e-04
8.269912e+00  3.62683364494398948e-04  1.91296175396409208e-04 -2.94387439494263857e-04
8.283186e+00  4.03983421425336913e-04  1.98171210030595913e-04 -2.42051295984944552e-04
8.296460e+00  3.49422597535012142e-04  2.02582621921964184e-04 -2.09442171280042156e-04
8.309735e+00  2.49945503730732372e-04  1.70131952242162415e-04 -2.10187276143957471e-04
8.323009e+00  1.72135484636634119e-04  9.53740462371178250e-05 -2.43999345868505527e-04
8.336283e+00  1.45595859222889335e-04  1.65627193781314134e-05 -2.95322469442375478e-04
8.349558e+00  1.46297087856709252e-04 -1.25579962027567056e-05 -3.42572123701191569e-04
8.362832e+00  1.26607242428174882e-04  3.00615959449728766e-05 -3.69560208929915258e-04
8.376106e+00  6.28926828143337952e-05  1.12451816118127625e-04 -3.69881416023991100e-04
8.389381e+00 -2.11024064857970981e-05  1.73595168226043224e-04 -3.42451707159221932e-04
8.402655e+00 -7.37530437513320760e-05  1.74585389908857313e-04 -2.84394469999991063e-04
8.415929e+00 -5.84185601791333133e-05  1.30426469295915958e-04 -1.89636236357282567e-04
8.429204e+00  1.87541029705768490e-05  9.43780956876178059e-05 -5.53622381604516357e-05
8.442478e+00  1.18258818488958621e-04  1.09174318246611107e-04  1.10050919214934264e-04
8.455752e+00  2.01990106256613028e-04  1.68557413097347513e-04  2.85544006548401241e-04
8.469027e+00  2.60350466018704596e-04  2.22766668246323051e-04  4.44457732809729663e-04
8.482301e+00  3.08316962086866439e-04  2.22179755908462481e-04  5.65162458250064543e-04
8.495575e+00  3.58158715797876886e-04  1.60342899028383129e-04  6.37112241777517069e-04
8.508850e+00  3.98695183981326068e-04  7.95642252599084902e-05  6.58625765935127528e-04
8.522124e+00  4.02697472638836851e-04  3.53244753224520077e-05  6.30600961614696223e-04
8.535398e+00  3.54972275153028457e-04  5.08688202506361661e-05  5.53196713892081782e-04
8.548673e+00  2.72440247820948049e-04  1.00669116153636725e-04  4.28789617749448658e-04
8.561947e+00  1.94712546315008601e-04  1.35416685237022119e-04  2.68369100002209548e-04
8.575221e+00  1.53152473167414904e-04  1.25676981427568196e-04  9.44174239734789654e-05
8.588496e+00  1.48175481692753457e-04  8.66347044918483190e-05 -6.42455662510371542e-05
8.601770e+00  1.55802061558524090e-04  6.34500871609077746e-05 -1.82929084925192336e-04
8.615044e+00  1.54955598977355097e-04  9.06774756078646417e-05 -2.49821026570311820e-04
8.628319e+00  1.46542721515216274e-04  1.60938915117689020e-04 -2.67540908705690044e-04
8.641593e+00  1.44434329669210394e-04  2.29098539735230367e-04 -2.47297045444821789e-04
8.654867e+00  1.48869358403042013e-04  2.47615834907174070e-04 -2.01126577553108405e-04
8.668142e+00  1.32878321290640777e-04  2.03073312306936699e-04 -1.38402264684622263e-04
8.681416e+00  6.01013100536605679e-05  1.23812897720584827e-04 -6.77368510960970851e-05
8.694690e+00 -7.96612542884564840e-05  5.36683609804370517e-05 -6.58030999162078690e-07
8.707965e+00 -2.50670767787459570e-04  1.50587491213185447e-05  4.75247324179350721e-05
8.721239e+00 -3.88352358658400842e-04 -7.81803173051249141e-06  6.16560058765476283e-05
8.734513e+00 -4.40121309545348958e-04 -5.26781187474632915e-05  3.28180991927801255e-05
8.747788e+00 -3.94220522503844367e-04 -1.43781702334903259e-04 -3.81079594397876000e-05
8.761062e+00 -2.72894147671726660e-04 -2.66408480841330282e-04 -1.41332665785474340e-04
8.774336e+00 -1.00450159227579542e-04 -3.71301618579991579e-04 -2.61972193486744494e-04
8.787611e+00  1.19662397226831879e-04 -4.05045708298476981e-04 -3.83750897878332804e-04
8.800885e+00  3.93833291694097758e-04 -3.42882872377128355e-04 -4.90271446024734530e-04
8.814159e+00  7.02730022639832760e-04 -1.99687965385984139e-04 -5.64515820611070224e-04
8.827434e+00  9.77320507993620965e-04 -1.24524223254948510e-05 -5.89239025697997957e-04
8.840708e+00  1.11541848112737315e-03  1.89659426934203710e-04 -5.49690151102092458e-04
8.853982e+00  1.03328156817037516e-03  4.01914533744281047e-04 -4.38167392927200103e-04
8.867257e+00  7.15523339175818209e-04  6.32541710774735646e-04 -2.58530990833812926e-04
8.880531e+00  2.25495220863839975e-04  8.71644885440813312e-04 -2.80097996248354983e-05
8.893805e+00 -3.30377795319815402e-04  1.06712183343900128e-03  2.25130424255280681e-04
8.907080e+00 -8.54092379068598323e-04  1.13212341565412360e-03  4.67458912838942967e-04
8.920354e+00 -1.28331179825680948e-03  9.85353218866117297e-04  6.68065434745594797e-04
8.933628e+00 -1.57848193243823910e-03  5.99109969411442409e-04  8.05217604147372536e-04
8.946903e+00 -1.69108679481203765e-03  2.21695018177389035e-05  8.69175550671736968e-04
8.960177e+00 -1.55258523084873161e-03 -6.37518212321801529e-04  8.60764848312797260e-04
8.973451e+00 -1.10515867333623526e-03 -1.25508263324569116e-03  7.87726298074365090e-04
8.986726e+00 -3.55523298497778528e-04 -1.72392333473449862e-03  6.61810187139807754e-04
9.000000e+00  5.92267379897419132e-04 -1.96423274699417550e-03  4.98667889443129447e-04
