# Author: SW4
# Scenario: test
# Date: UTC  09/20/2017:20:42:14.000
# Bandwith (Hz): 1.234000e+00
# Station: sta10
# Target location (WGS84 longitude, latitude) (deg): 1.182594e+02 3.718865e+01
# Actual location (WGS84 longitude, latitude) (deg): 1.182594e+02 3.718865e+01
# Distance from target to actual location (m): 0.000000e+00
# nColumns: 4
# Column 1: Time (s)
# Column 2: X displacement (m)
# Column 3: Y displacement (m)
# Column 4: Z displacement (m)
0.000000e+00  0.00000000000000000e+00  0.00000000000000000e+00  0.00000000000000000e+00
1.327434e-02  0.00000000000000000e+00  0.00000000000000000e+00  0.00000000000000000e+00
2.654867e-02  0.00000000000000000e+00  0.00000000000000000e+00  0.00000000000000000e+00
3.982301e-02  0.00000000000000000e+00  0.00000000000000000e+00  0.00000000000000000e+00
5.309735e-02  0.00000000000000000e+00  0.00000000000000000e+00  0.00000000000000000e+00
6.637168e-02  0.00000000000000000e+00  0.00000000000000000e+00  0.00000000000000000e+00
7.964602e-02  0.00000000000000000e+00  0.00000000000000000e+00  0.00000000000000000e+00
9.292035e-02 -1.32229384173950250e-124 -1.20925004942582408e-124 -3.58666111189817709e-125
1.061947e-01 -3.13525835952996850e-118 -1.31240441071499737e-119 8.04709604624851315e-117
1.194690e-01 2.77167317199849110e-114 -5.43635989038221620e-114 9.39747367566062513e-113
1.327434e-01 -6.77283899840305277e-111 -2.33982901912734573e-111 9.89268840379759287e-110
1.460177e-01 -2.57867108780196548e-109 -8.88375534513470391e-108 5.36435757567148133e-107
1.592920e-01 -2.88881046779602232e-105 -1.21808475938243358e-105 9.26326474819582380e-105
1.725664e-01 -3.42720225156154972e-103 -9.35752019730469530e-103 3.25277035092602566e-103
1.858407e-01 -9.29520170999503556e-101 2.89667926485790557e-101 -2.59149360481917401e-100
1.991150e-01  8.32397114304106056e-99 -7.37406544147901957e-99  2.87922455693041173e-99
2.123894e-01 -5.37813042668136182e-97  1.56453827676981033e-96 -1.59918969605133749e-97
2.256637e-01  8.34494168383864328e-95 -1.48809239226103094e-94  4.67315105015028707e-95
2.389381e-01 -8.34570371921679432e-93  1.22087177939150215e-92 -2.37698332565834964e-93
2.522124e-01  6.20857607298794715e-91 -8.90368025650602140e-91  9.46411017248743973e-94
2.654867e-01 -3.82799684564426658e-89  5.45391705881291587e-89  6.92071211959880608e-90
2.787611e-01  2.00357796795141663e-87 -2.78488394368354852e-87 -5.73271037203205764e-88
2.920354e-01 -8.86900017096328847e-86  1.20115154466329983e-85  3.17220555815180786e-86
3.053097e-01  3.33087692807405314e-84 -4.41814024048195195e-84 -1.37648426532958524e-84
3.185841e-01 -1.06937356249125667e-82  1.39353085612285312e-82  4.90354316702496080e-83
3.318584e-01  2.95586690896131463e-81 -3.78309069371587110e-81 -1.46995861232764589e-81
3.451327e-01 -7.07542237166087864e-80  8.85923168498588317e-80  3.76890487191917918e-80
3.584071e-01  1.47361337135105882e-78 -1.78952073853783940e-78 -8.35535899789237800e-79
3.716814e-01 -2.68051885370232970e-77  3.10617173636604528e-77  1.61305259490641877e-77
3.849558e-01  4.27036421493204710e-76 -4.58483720100402304e-76 -2.72313279442651703e-76
3.982301e-01 -5.96750377036127369e-75  5.61490169752229722e-75  4.02510727249679248e-75
4.115044e-01  7.31327625067573674e-74 -5.35416740951114469e-74 -5.19777307877195843e-74
4.247788e-01 -7.83566832512563753e-73  3.13312421033296552e-73  5.82129369729600715e-73
4.380531e-01  7.27637276762891818e-72  1.03421660498998653e-72 -5.56265356327202832e-72
4.513274e-01 -5.73217701189606035e-71 -6.18940176648424493e-71  4.37246490849081961e-71
4.646018e-01  3.61436035453252566e-70  1.07072335538208722e-69 -2.55969319985155264e-70
4.778761e-01 -1.45766096236580677e-69 -1.30495678528724601e-68  6.70882783259522258e-70
4.911504e-01 -2.93546142764206522e-69  1.25517926831822675e-67  7.68108752379255952e-69
5.044248e-01  1.40701942986621517e-67 -9.72643745657506271e-67 -1.48703973308280138e-67
5.176991e-01 -1.86658527016309851e-66  5.89884570582681548e-66  1.54161065402149417e-66
5.309735e-01  1.80602806104019882e-65 -2.45792613046233958e-65 -1.20190354733681597e-65
5.442478e-01 -1.42918428972632169e-64  2.26310670839789626e-65  7.63575289708748227e-65
5.575221e-01  9.42446496589538399e-64  7.15371674061153077e-64 -4.12167940450145322e-64
5.707965e-01 -5.04567030694542500e-63 -7.81304663352908331e-63  1.98099910027687065e-63
5.840708e-01  1.98993994312928860e-62  4.89795973329382572e-62 -9.00095774090956208e-63
5.973451e-01 -3.53749805133711700e-62 -1.94922387743767854e-61  3.93577148396804367e-62
6.106195e-01 -2.37710112431080542e-61  2.75807848557442734e-61 -1.42091349489668483e-61
6.238938e-01  2.83230809438421289e-60  2.63387685696635166e-60  1.37706492343136871e-61
6.371681e-01 -1.60368665772882020e-59 -2.47715869112225748e-59  3.63430561995332639e-60
6.504425e-01  5.33206704829703823e-59  1.10473580451661426e-58 -3.84183693053704380e-59
6.637168e-01 -3.68654307821722927e-59 -2.18528824662348096e-58  2.20965141069463135e-58
6.769912e-01 -7.45954587021268151e-58 -6.67292481637220520e-58 -7.22859641529692342e-58
6.902655e-01  4.93718936512939932e-57  7.26071307949204070e-57  5.84921146488084803e-59
7.035398e-01 -1.48978225556339563e-56 -2.73719526530776118e-56  1.44281558947152347e-56
7.168142e-01  2.50595990876353069e-57  2.93609995566658021e-56 -8.64965259237644553e-56
7.300885e-01  1.93755005153374490e-55  2.31945557258268658e-55  2.23786785178380456e-55
7.433628e-01 -8.92787534892053610e-55 -1.36596392926008417e-54  2.60975784483078132e-55
7.566372e-01  1.37690784555286473e-54  2.81119624800880302e-54 -4.64796601028299199e-54
7.699115e-01  4.70239382957436346e-54  4.25950138517255332e-54  1.68120486751850285e-53
7.831858e-01 -3.20501091879939188e-53 -4.44104266462540652e-53 -5.46672692645250971e-54
7.964602e-01  6.88662146810431599e-53  1.15608793871895189e-52 -2.01563096332118407e-52
8.097345e-01  4.21637545827381907e-53 -1.27020709385100492e-53  7.91639788313114008e-52
8.230088e-01 -7.17448921888591793e-52 -9.07284841556196792e-52 -4.28730501034659785e-53
8.362832e-01  2.84367853519149682e-51  4.12421247476848688e-51 -1.04209258641288484e-50
8.495575e-01 -9.04250820562372110e-51 -1.35126847378770110e-50  3.38868605355564039e-50
8.628319e-01  7.03213612720617629e-51  1.26109366157976156e-50  4.20732009427444432e-50
8.761062e-01  1.94777877957800784e-49  2.54733731393348087e-49 -6.55707840083777449e-49
8.893805e-01 -1.23897162131628653e-48 -1.65691314704307105e-48  1.55948118254560156e-48
9.026549e-01  1.28361927848221464e-48  1.87015745977916616e-48  5.39089237891028873e-48
9.159292e-01  1.88971746807705020e-47  2.43909903706468620e-47 -4.26297325989135187e-47
9.292035e-01 -7.93538473082027063e-47 -1.06954826099201508e-46  2.84439839412943519e-47
9.424779e-01 -4.97548602028067518e-47 -4.54454420322158886e-47  5.98711307002278610e-46
9.557522e-01  6.85004272768933091e-46  9.68115962397058589e-46 -7.93183272004441228e-46
9.690265e-01 -1.84391386799923771e-46 -1.13829774317965177e-45 -1.04261113463187063e-44
9.823009e-01  2.15767395346435013e-44  2.66448196744335731e-44 -1.73107818877373793e-44
9.955752e-01 -1.30269740595615434e-43 -1.34362193360581318e-43  4.03162830327621206e-43
1.008850e+00 -1.06833232276605127e-42 -1.37337282642190555e-42  1.20053131374406307e-42
1.022124e+00  7.33567936868194186e-42  8.36686511157030820e-42 -1.62701216402306153e-41
1.035398e+00  3.35489709593960198e-41  4.34340108239366274e-41 -4.35617214722043947e-41
1.048673e+00 -2.56137274454766497e-40 -2.97623676117922324e-40  5.44696101280234861e-40
1.061947e+00 -1.03863061229560304e-39 -1.33414406189115697e-39  1.50174926514503921e-39
1.075221e+00  7.13335384752531442e-39  8.28872179994517710e-39 -1.55219600682992655e-38
1.088496e+00  3.32710391523074122e-38  4.20897958343252671e-38 -5.25939481708884414e-38
1.101770e+00 -1.64958643312259243e-37 -1.89620101743122731e-37  3.78709807890844856e-37
1.115044e+00 -1.03034388190801632e-36 -1.28355543864423143e-36  1.75450329582251974e-36
1.128319e+00  2.95434689001461702e-36  3.29764616287363714e-36 -7.54536632452398679e-36
1.141593e+00  2.89024285161972636e-35  3.55295259809771778e-35 -5.24742848357926906e-35
1.154867e+00 -2.82274770980057882e-35 -2.71994865577396071e-35  1.03219799707144793e-34
1.168142e+00 -7.00502730088613118e-34 -8.50798704293877042e-34  1.35133757153071817e-33
1.181416e+00 -5.38434711028116955e-34 -8.03596067157834437e-34 -4.06120047809665020e-35
1.194690e+00  1.39240022737063188e-32  1.66881158281929655e-32 -2.87552353574176398e-32
1.207965e+00  3.68813024101867396e-32  4.73970686757322843e-32 -5.24292130809095032e-32
1.221239e+00 -2.04355639329778904e-31 -2.39622879956867744e-31  4.68494206130676921e-31
1.234513e+00 -1.12387626772423636e-30 -1.39828779793173396e-30  1.95998158891215613e-30
1.247788e+00  1.40868220097259343e-30  1.49709904398771985e-30 -4.54249587326590272e-30
1.261062e+00  2.32856212817638563e-29  2.84588789264685230e-29 -4.52180547675653284e-29
1.274336e+00  2.85323623312125089e-29  3.86028806497806093e-29 -2.39653102368179359e-29
1.287611e+00 -3.24916078828531576e-28 -3.89608090371984211e-28  7.05249818180751725e-28
1.300885e+00 -1.25039666019136544e-27 -1.57109675928521210e-27  2.09651901463576780e-27
1.314159e+00  2.02691161042441833e-27  2.27262536985457720e-27 -5.93488874467619262e-27
1.327434e+00  2.42784921358155102e-26  2.98627304209505403e-26 -4.71933517078014137e-26
1.340708e+00  3.31023052472475024e-26  4.38176933433190192e-26 -3.48803240120088882e-26
1.353982e+00 -2.60726697049664034e-25 -3.13705497093900368e-25  5.85349716609472885e-25
1.367257e+00 -1.16653524061579609e-24 -1.46009137594711859e-24  2.07311271786866818e-24
1.380531e+00  3.00499021703130820e-25  2.20273360640697775e-25 -2.17345268877713515e-24
1.393805e+00  1.60890068565466562e-23  1.97554164574601292e-23 -3.32163110961607088e-23
1.407080e+00  4.19995371441332426e-23  5.34205790660844470e-23 -6.72317176524651097e-23
1.420354e+00 -7.61915480613912764e-23 -8.89978199973035935e-23  2.13312513621826449e-22
1.433628e+00 -7.22709314725436446e-22 -8.97980771552197025e-22  1.42632217450975845e-21
1.446903e+00 -1.26422405186352961e-21 -1.63253713422890494e-21  1.77982454611393583e-21
1.460177e+00  4.27996394529826869e-21  5.16594896916578006e-21 -1.05833471199746999e-20
1.473451e+00  2.66538807789541101e-20  3.33851384799134891e-20 -5.14468820359488725e-20
1.486726e+00  3.67731684951379408e-20  4.79301515270243517e-20 -4.71051906501467900e-20
1.500000e+00 -1.56779538885959936e-19 -1.91762520129243515e-19  3.76073167557317594e-19
1.513274e+00 -8.49853627560645879e-19 -1.07041498008505343e-18  1.63901944026783014e-18
1.526549e+00 -1.17983886515401593e-18 -1.53494194222419508e-18  1.59254604882634397e-18
1.539823e+00  4.07915186314440053e-18  5.01864140636180473e-18 -1.00113276065722052e-17
1.553097e+00  2.34740602695682251e-17  2.96873079832141584e-17 -4.61549331708469390e-17
1.566372e+00  4.01524243130667561e-17  5.18824540427863476e-17 -6.24330822529382904e-17
1.579646e+00 -6.53780562571001616e-17 -8.00352744305198730e-17  1.80889728215320818e-16
1.592920e+00 -5.32539759917727542e-16 -6.75883737725613792e-16  1.08664457718754581e-15
1.606195e+00 -1.22366883064936055e-15 -1.57557619044228389e-15  2.14625177934754832e-15
1.619469e+00 -2.74776658247366043e-17 -9.12407916393600837e-17 -1.05200642325724253e-15
1.632743e+00  8.64574258255961962e-15  1.10059735946378799e-14 -1.87626411731232641e-14
1.646018e+00  2.83923151782971040e-14  3.65967878333941806e-14 -5.42937586255010268e-14
1.659292e+00  3.58225368218895553e-14  4.69272775791890096e-14 -5.47970155794159289e-14
1.672566e+00 -6.15279946460844894e-14 -7.78343831852492109e-14  1.61132106743903284e-13
1.685841e+00 -4.13511522957673896e-13 -5.35147176530613493e-13  8.52256091937861861e-13
1.699115e+00 -9.83641671996718025e-13 -1.28568506587782770e-12  1.84903798868280973e-12
1.712389e+00 -9.31041233814999982e-13 -1.24033504252176898e-12  1.39281428698519523e-12
1.725664e+00  1.97122677634386520e-12  2.53648780545418801e-12 -4.77052792222242634e-12
1.738938e+00  1.02887381015186496e-11  1.35333623949786823e-11 -2.10085728212796773e-11
1.752212e+00  2.21743109637165561e-11  2.96225447892962108e-11 -4.27391696082517515e-11
1.765487e+00  2.48785088100637193e-11  3.43508418378271028e-11 -4.58684998798149212e-11
1.778761e+00  1.31849913217784036e-12  4.62169863835768412e-12 -4.16818059055003025e-12
1.792035e+00 -1.91384207685719778e-11 -2.50991813290493569e-11  9.98508905805888434e-12
1.805310e+00  1.48358013754170138e-10  1.75051358822939219e-10 -3.63287658470664449e-10
1.818584e+00  8.71511210507414234e-10  1.05539840564605362e-09 -1.71722406426839598e-09
1.831858e+00  2.01325600525505372e-09  2.36350554167086288e-09 -3.23566915851889200e-09
1.845133e+00 -1.99547263077283099e-10 -9.92900812589109484e-10  4.03245903796691601e-09
1.858407e+00 -2.21278955692278864e-08 -3.06740319034276801e-08  5.54197735831530274e-08
1.871681e+00 -1.11300990826483811e-07 -1.48975788268374338e-07  2.48411862897066247e-07
1.884956e+00 -3.70307676037170108e-07 -4.88732054192267687e-07  7.82139014744865803e-07
1.898230e+00 -9.43909833848753975e-07 -1.23139200114809722e-06  1.90333361301298154e-06
1.911504e+00 -1.81165893914775068e-06 -2.31996226933228981e-06  3.41574997677071082e-06
1.924779e+00 -1.94458899868791579e-06 -2.31230607648840205e-06  2.82123293698456804e-06
1.938053e+00  3.20241168875967090e-06  5.00849860406556544e-06 -1.00361555381283806e-05
1.951327e+00  2.79251394604660647e-05  3.90420791916478579e-05 -6.60280090063243579e-05
1.964602e+00  1.09815701284348766e-04  1.50627461352998901e-04 -2.44713064149223070e-04
1.977876e+00  3.35933698875849130e-04  4.57333824537533337e-04 -7.27774077464511627e-04
1.991150e+00  8.87971186023814611e-04  1.20445020470799917e-03 -1.89034562557401260e-03
2.004425e+00  2.11144987110857335e-03  2.85866020899858738e-03 -4.43966682860193976e-03
2.017699e+00  4.60789723062510898e-03  6.23334326793620764e-03 -9.59797725321968540e-03
2.030973e+00  9.33592833526639305e-03  1.26270664246955575e-02 -1.93003953473258709e-02
2.044248e+00  1.76870790145930851e-02  2.39298213255247395e-02 -3.63386419695286705e-02
2.057522e+00  3.14793898133880756e-02  4.26205241509154675e-02 -6.43366204387808144e-02
2.070796e+00  5.27965744032956735e-02  7.15581205680701909e-02 -1.07414788722415125e-01
2.084071e+00  8.36087285007365566e-02  1.13478303117382509e-01 -1.69417692964687561e-01
2.097345e+00  1.25157163021812706e-01  1.70169111542770979e-01 -2.52672774072591755e-01
2.110619e+00  1.77175808089186843e-01  2.41418576330089785e-01 -3.56427751984703389e-01
2.123894e+00  2.37137893927884980e-01  3.23984346057752504e-01 -4.75345362874954935e-01
2.137168e+00  2.99815953478239250e-01  4.10971398461420112e-01 -5.98632709436573540e-01
2.150442e+00  3.57464931719455925e-01  4.92037865781216943e-01 -7.10427995004552892e-01
2.163717e+00  4.00830346373990454e-01  5.54709590712950118e-01 -7.91855694557391021e-01
2.176991e+00  4.20938155228054278e-01  5.86758346628791450e-01 -8.24673216699175704e-01
2.190265e+00  4.11302529440648046e-01  5.79167827952860370e-01 -7.95786651520384192e-01
2.203540e+00  3.69919147224604450e-01  5.28844861446088998e-01 -7.01359759585957976e-01
2.216814e+00  3.00339263424613867e-01  4.40125798937247847e-01 -5.49069555226356476e-01
2.230088e+00  2.11329915998362317e-01  3.24399199686538409e-01 -3.57457848976820980e-01
2.243363e+00  1.15081659244516785e-01  1.97771433132183594e-01 -1.52236140781274287e-01
2.256637e+00  2.44585949315418508e-02  7.74189261108536309e-02  3.95017356608120263e-02
2.269912e+00 -4.98378880813772629e-02 -2.22146780117238422e-02  1.95390014690420555e-01
2.283186e+00 -1.01283099949966746e-01 -9.21551044732066282e-02  3.02313135290959156e-01
2.296460e+00 -1.28142890863861519e-01 -1.29778505910164516e-01  3.58051597971707380e-01
2.309735e+00 -1.32658432241460178e-01 -1.37778850757951293e-01  3.69876016720087630e-01
2.323009e+00 -1.19289720581953140e-01 -1.21858907613050571e-01  3.51003376149610302e-01
2.336283e+00 -9.27727833222042747e-02 -8.81481851022972995e-02  3.16417962624338911e-01
2.349558e+00 -5.66879492229327361e-02 -4.12830223069873131e-02  2.79451053168641328e-01
2.362832e+00 -1.29383007352075561e-02  1.63088148365567558e-02  2.49873358257682060e-01
2.376106e+00  3.78330938995196236e-02  8.38698668933627045e-02  2.33478903703869312e-01
2.389381e+00  9.51558931976633632e-02  1.60870244950917674e-01  2.32613229557431772e-01
2.402655e+00  1.57408540496776245e-01  2.45232902734064423e-01  2.46995840524406457e-01
2.415929e+00  2.20736471649468302e-01  3.31865150693735789e-01  2.74422796013022108e-01
2.429204e+00  2.78644872584135839e-01  4.12079174561149841e-01  3.11274586609948778e-01
2.442478e+00  3.22559496700846604e-01  4.74305238448452404e-01  3.52973910673795577e-01
2.455752e+00  3.43401542642419622e-01  5.06174369312741290e-01  3.94543612107286779e-01
2.469027e+00  3.33886675088649221e-01  4.97597040550114167e-01  4.31260616865394297e-01
2.482301e+00  2.90928086798972585e-01  4.44015677967254219e-01  4.59227334754482852e-01
2.495575e+00  2.17346474975913778e-01  3.48760722711071780e-01  4.75623928723994616e-01
2.508850e+00  1.22190003548757226e-01  2.23562634342819866e-01  4.78521944224500895e-01
2.522124e+00  1.93607368482553999e-02  8.67916948929359500e-02  4.66382149874376817e-01
2.535398e+00 -7.51950884559992871e-02 -4.02514936312437302e-02  4.37589510441006080e-01
2.548673e+00 -1.46968422349198213e-01 -1.37985496400622826e-01  3.90440451073947203e-01
2.561947e+00 -1.86034091964173115e-01 -1.92792792256540779e-01  3.23810657526244661e-01
2.575221e+00 -1.88977539943579992e-01 -1.99665449269426226e-01  2.38354081496837206e-01
2.588496e+00 -1.59138400294364796e-01 -1.62614585877223189e-01  1.37704298580734130e-01
2.601770e+00 -1.05248594902857623e-01 -9.29280626755766836e-02  2.89919348869081828e-02
2.615044e+00 -3.89946693175655112e-02 -5.96845480794493555e-03 -7.78168656897484934e-02
2.628319e+00  2.77424165854680931e-02  8.24913658440293712e-02 -1.71775500584998575e-01
2.641593e+00  8.52509910433215667e-02  1.59435363662609464e-01 -2.43478062422266495e-01
2.654867e+00  1.27465045710415448e-01  2.16611824619491355e-01 -2.87390009370556088e-01
2.668142e+00  1.52378252612962561e-01  2.51135378509605878e-01 -3.03182357532641111e-01
2.681416e+00  1.61519699513331949e-01  2.64835875308156332e-01 -2.95660229364499760e-01
2.694690e+00  1.58820428647560630e-01  2.62783031111553267e-01 -2.73410529169052896e-01
2.707965e+00  1.49270829122546800e-01  2.51515911297673811e-01 -2.46704053649680871e-01
2.721239e+00  1.37709840220198665e-01  2.37432699525494950e-01 -2.25307667121338762e-01
2.734513e+00  1.27944875000048197e-01  2.25609648036420918e-01 -2.16698243268456742e-01
2.747788e+00  1.22248687030981948e-01  2.19114890411252955e-01 -2.24873763448323521e-01
2.761062e+00  1.21179737159649831e-01  2.18749154172082183e-01 -2.49720115669012810e-01
2.774336e+00  1.23649562900753282e-01  2.23114243975485321e-01 -2.86831588196666654e-01
2.787611e+00  1.27190448790066163e-01  2.28950171799178565e-01 -3.27782717875742702e-01
2.800885e+00  1.28410182493114894e-01  2.31726751852205898e-01 -3.60984708143485433e-01
2.814159e+00  1.23618059026414387e-01  2.26471458473014947e-01 -3.73282941863766704e-01
2.827434e+00  1.09560876291500603e-01  2.08753278622252819e-01 -3.52284370083445986e-01
2.840708e+00  8.41459667328016692e-02  1.75658033172782724e-01 -2.89087568711467457e-01
2.853982e+00  4.69911066290810281e-02  1.26539233162437592e-01 -1.80774402818859731e-01
2.867257e+00 -3.40786948911955346e-04  6.33515176646702455e-02 -3.18945221676165611e-02
2.880531e+00 -5.44875611288879874e-02 -9.52413365448748911e-03  1.45649610277104935e-01
2.893805e+00 -1.10772237778788585e-01 -8.59100027128542471e-02  3.34452155047623378e-01
2.907080e+00 -1.63892430571968534e-01 -1.58739295616176557e-01  5.14756532294558755e-01
2.920354e+00 -2.08647109167130362e-01 -2.21018484329323611e-01  6.68049886431624440e-01
2.933628e+00 -2.40566310305485392e-01 -2.66665509779249021e-01  7.80137503178241265e-01
2.946903e+00 -2.56380685995904967e-01 -2.91141460743886471e-01  8.42999991781794300e-01
2.960177e+00 -2.54326452979553308e-01 -2.91872433272286180e-01  8.55222034014868293e-01
2.973451e+00 -2.34291943371114503e-01 -2.68470530044216116e-01  8.21246538109736024e-01
2.986726e+00 -1.97783038196210320e-01 -2.22719140963109768e-01  7.49948775130481304e-01
3.000000e+00 -1.47664559091786857e-01 -1.58255066574364112e-01  6.52986153230572630e-01
3.013274e+00 -8.76723934364751212e-02 -7.99296364430788081e-02  5.43167811768049957e-01
3.026549e+00 -2.17907342192677871e-02  7.02861383570062195e-03  4.32889458052414522e-01
3.039823e+00  4.63062032808729401e-02  9.77745160443462824e-02  3.32631733654421002e-01
3.053097e+00  1.13522411734342937e-01  1.88211866892267932e-01  2.49632861978262760e-01
3.066372e+00  1.77195975932336408e-01  2.74789148417661278e-01  1.87000694258785349e-01
3.079646e+00  2.34625468390206066e-01  3.53842451709019956e-01  1.43568992442802051e-01
3.092920e+00  2.82556129858173966e-01  4.20894948214057929e-01  1.14643626532370146e-01
3.106195e+00  3.17003335413522436e-01  4.70437050694099301e-01  9.34793431697891058e-02
3.119469e+00  3.33690635123050416e-01  4.96550260877740790e-01  7.30429268477612859e-02
3.132743e+00  3.29111271138919026e-01  4.94348153556325831e-01  4.75299709156431008e-02
3.146018e+00  3.01891833430024403e-01  4.61767303616873459e-01  1.32762014128688707e-02
3.159292e+00  2.53895083123376220e-01  4.00968294659531099e-01 -3.09600532697562915e-02
3.172566e+00  1.90481106728274452e-01  3.18653814572970873e-01 -8.40828875881964727e-02
3.185841e+00  1.19611037749785987e-01  2.24986045793964556e-01 -1.42801579407613677e-01
3.199115e+00  4.99616588342939802e-02  1.31346147040518169e-01 -2.01733291350500749e-01
3.212389e+00 -1.12734114289332749e-02  4.76880190779714885e-02 -2.53673345572913711e-01
3.225664e+00 -5.99570947820660949e-02 -1.95333684383860624e-02 -2.90389608830719237e-01
3.238938e+00 -9.52061165591483044e-02 -6.80545458992094093e-02 -3.04134436513133988e-01
3.252212e+00 -1.18097153807805513e-01 -9.88475905968410340e-02 -2.89653130150937632e-01
3.265487e+00 -1.29570075652389816e-01 -1.13939450955172217e-01 -2.46051422048747942e-01
3.278761e+00 -1.28736506761294611e-01 -1.14000981037544913e-01 -1.77741678782544182e-01
3.292035e+00 -1.12675630823275155e-01 -9.69000721482035920e-02 -9.39355853856253808e-02
3.305310e+00 -7.80142899222188296e-02 -5.81250743089271257e-02 -6.67460816223813206e-03
3.318584e+00 -2.35549534377455412e-02  6.73192251225532452e-03  7.20746100897332598e-02
3.331858e+00  4.74511338581119838e-02  9.81635581908678334e-02  1.33421657429660084e-01
3.345133e+00  1.26659075227605028e-01  2.09133857060345985e-01  1.73807153734841874e-01
3.358407e+00  2.02025945120438616e-01  3.23506698358694667e-01  1.95895166649939972e-01
3.371681e+00  2.60602498656715476e-01  4.17943450352668611e-01  2.07825996285008530e-01
3.384956e+00  2.91480415242085289e-01  4.67523878769726842e-01  2.20930353336058760e-01
3.398230e+00  2.87846177393795644e-01  4.53730080367961086e-01  2.46405182475691237e-01
3.411504e+00  2.47852667621085293e-01  3.72015059266516290e-01  2.91822037632236353e-01
3.424779e+00  1.74755424417228855e-01  2.35698128600027229e-01  3.58538471798777736e-01
3.438053e+00  7.69441157642195700e-02  7.38602324081019945e-02  4.40930305836361947e-01
3.451327e+00 -3.19549468432650946e-02 -7.68946345343287929e-02  5.27793125903454841e-01
3.464602e+00 -1.33421179368796772e-01 -1.84333624932886048e-01  6.05450803969524887e-01
3.477876e+00 -2.05689802092758278e-01 -2.31843911207704229e-01  6.61433282393965483e-01
3.491150e+00 -2.27235103029379104e-01 -2.24663046557523033e-01  6.87407203039045789e-01
3.504425e+00 -1.81727258072404474e-01 -1.88554982392858755e-01  6.80464098943197593e-01
3.517699e+00 -6.31768710528563676e-02 -1.61356971128698595e-01  6.42649015786840194e-01
3.530973e+00  1.20452451772331950e-01 -1.80562103581949601e-01  5.79309678434809960e-01
3.544248e+00  3.46590008387861748e-01 -2.71416682105717899e-01  4.97115410520875878e-01
3.557522e+00  5.80928753367485839e-01 -4.39442850257857842e-01  4.02392830739266349e-01
3.570796e+00  7.83357128196870978e-01 -6.69296581399838275e-01  3.00003725867015458e-01
3.584071e+00  9.15664236793713004e-01 -9.29470316854276835e-01  1.92685322039497731e-01
3.597345e+00  9.49302208888788357e-01 -1.18057505436094945e+00  8.07586730053226898e-02
3.610619e+00  8.71467165586241155e-01 -1.38433179455587552e+00 -3.77023617676910117e-02
3.623894e+00  6.88086245688445008e-01 -1.51089107974398851e+00 -1.66013622897619756e-01
3.637168e+00  4.22924629247694750e-01 -1.54319114276651237e+00 -3.07227397942354985e-01
3.650442e+00  1.12888200733584007e-01 -1.47819928336642903e+00 -4.61950386202053198e-01
3.663717e+00 -1.99465468951980751e-01 -1.32568336647346996e+00 -6.26316590109172067e-01
3.676991e+00 -4.74451984408086946e-01 -1.10550578092352048e+00 -7.90981447754036893e-01
3.690265e+00 -6.82790437874348122e-01 -8.44368809877072302e-01 -9.41788053225791510e-01
3.703540e+00 -8.10423846061811060e-01 -5.72598641127953334e-01 -1.06219112539957816e+00
3.716814e+00 -8.59699919143309232e-01 -3.21113180516300445e-01 -1.13684307322606104e+00
3.730088e+00 -8.46941988511135002e-01 -1.18390936511166861e-01 -1.15524656638562795e+00
3.743363e+00 -7.97265938709156630e-01  1.27635342762979723e-02 -1.11428132479930619e+00
3.756637e+00 -7.38012464921245281e-01  5.85267096219880337e-02 -1.01877466060761623e+00
3.769912e+00 -6.92334321038522438e-01  1.67913151059403340e-02 -8.79978074821515133e-01
3.783186e+00 -6.74343020512423785e-01 -1.01650343458030284e-01 -7.12575048430621028e-01
3.796460e+00 -6.86809489124444505e-01 -2.74292063790276042e-01 -5.31377429228371612e-01
3.809735e+00 -7.21763653329239308e-01 -4.70579568767520939e-01 -3.48941785938278348e-01
3.823009e+00 -7.63563946740018484e-01 -6.57232169864006788e-01 -1.74896810329202096e-01
3.836283e+00 -7.93342243003368752e-01 -8.03738989401236337e-01 -1.69781573880898908e-02
3.849558e+00 -7.93445059537154607e-01 -8.86554524012742595e-01  1.17049690233826581e-01
3.862832e+00 -7.50732736513310184e-01 -8.91193777629596506e-01  2.17870855149197434e-01
3.876106e+00 -6.58252358701925666e-01 -8.12386780820826604e-01  2.74655209870836248e-01
3.889381e+00 -5.15525406982013656e-01 -6.53159247242876440e-01  2.77118798055660087e-01
3.902655e+00 -3.28106987858961141e-01 -4.23802302804522191e-01  2.19095726253046130e-01
3.915929e+00 -1.06995030325324147e-01 -1.41204059424163891e-01  1.02292241239654080e-01
3.929204e+00  1.31979540520301225e-01  1.71696496964792972e-01 -6.13901172315009999e-02
3.942478e+00  3.69117875137866369e-01  4.87045604502152785e-01 -2.50186674094599881e-01
3.955752e+00  5.82654142007029807e-01  7.74462806336285947e-01 -4.35776030478652432e-01
3.969027e+00  7.51575885077323980e-01  1.00480530633761189e+00 -5.88824397814680434e-01
3.982301e+00  8.59078187399386572e-01  1.15470562428688983e+00 -6.85232818565464363e-01
3.995575e+00  8.95762926015347793e-01  1.21073340401343121e+00 -7.11289456933659969e-01
4.008850e+00  8.61554096460503960e-01  1.17192090359107204e+00 -6.66266449095385349e-01
4.022124e+00  7.65616718090055159e-01  1.04976293389782094e+00 -5.61795368932246353e-01
4.035398e+00  6.24205369979213165e-01  8.65521641506530326e-01 -4.18331637949818813e-01
4.048673e+00  4.57059810080144957e-01  6.45497591209586274e-01 -2.59863697748627054e-01
4.061947e+00  2.83439372802016309e-01  4.15603415425134237e-01 -1.08475881892412626e-01
4.075221e+00  1.18972432359814945e-01  1.96850296159886751e-01  1.97050552665778284e-02
4.088496e+00 -2.58394304897737390e-02  3.07470850805312496e-03  1.16229768514455087e-01
4.101770e+00 -1.45266248798045949e-01 -1.58586363628468729e-01  1.79633631700017143e-01
4.115044e+00 -2.36660342065988627e-01 -2.85060793601076723e-01  2.13085189376666262e-01
4.128319e+00 -2.98441606354199251e-01 -3.74060309642199551e-01  2.21600252622316168e-01
4.141593e+00 -3.28810820354583366e-01 -4.21956651250050774e-01  2.09984676059306458e-01
4.154867e+00 -3.25809172557903481e-01 -4.24058399585752199e-01  1.82142851377833065e-01
4.168142e+00 -2.88636924893185709e-01 -3.77315892247177376e-01  1.41671031224583716e-01
4.181416e+00 -2.19525216590384403e-01 -2.84167954009265922e-01  9.30796751036291753e-02
4.194690e+00 -1.25221489029697652e-01 -1.55490242728716671e-01  4.27856452776781554e-02
4.207965e+00 -1.73639417304658136e-02 -1.08249629534100111e-02 -7.88864548809557493e-04
4.221239e+00  8.85085845454634396e-02  1.24789608056492488e-01 -2.82260931883201449e-02
4.234513e+00  1.75128096612322870e-01  2.26525517692041378e-01 -3.09647024854209883e-02
4.247788e+00  2.26439465938757245e-01  2.75916042204375322e-01 -3.39318357513616236e-03
4.261062e+00  2.30844280666868629e-01  2.65044942365615599e-01  5.55062648615958359e-02
4.274336e+00  1.84227970541034652e-01  1.97145389989430653e-01  1.41488093137475429e-01
4.287611e+00  9.21211516127720953e-02  8.35238412157520010e-02  2.45512356705249291e-01
4.300885e+00 -2.97617855805327632e-02 -6.16612842485676355e-02  3.55097412961486447e-01
4.314159e+00 -1.57226640364259040e-01 -2.26307468613742901e-01  4.56010542479714009e-01
4.327434e+00 -2.61649195252515177e-01 -4.02720268006879045e-01  5.33751026733603418e-01
4.340708e+00 -3.15697717757021101e-01 -5.86452990438943278e-01  5.74598438408785217e-01
4.353982e+00 -2.99366473431862568e-01 -7.72433736149206296e-01  5.66459912187492698e-01
4.367257e+00 -2.04721659498447367e-01 -9.50567595255409015e-01  5.00042425928014400e-01
4.380531e+00 -3.81144026317726398e-02 -1.10335162151435906e+00  3.70742554106846756e-01
4.393805e+00  1.80615783905348798e-01 -1.20718531218771075e+00  1.81082952744621467e-01
4.407080e+00  4.21601318779286027e-01 -1.23740940138144273e+00 -5.71660915194401598e-02
4.420354e+00  6.50165411395516313e-01 -1.17542580731647051e+00 -3.22411915102978786e-01
4.433628e+00  8.32703414271962261e-01 -1.01527960929244832e+00 -5.85178939774738893e-01
4.446903e+00  9.42207549859648275e-01 -7.67199741188206108e-01 -8.12666511873405217e-01
4.460177e+00  9.62591515490098582e-01 -4.56694083073723056e-01 -9.74953514726954795e-01
4.473451e+00  8.91154352787988269e-01 -1.19389436001600180e-01 -1.05111024326627667e+00
4.486726e+00  7.38741293402492283e-01  2.06732318933694925e-01 -1.03338318133800744e+00
4.500000e+00  5.27488385991398245e-01  4.89244819559642274e-01 -9.28225756277609171e-01
4.513274e+00  2.86493192228182481e-01  7.06971003081877103e-01 -7.53971991965260768e-01
4.526549e+00  4.62408095166683408e-02  8.52001214107566907e-01 -5.35967451548636786e-01
4.539823e+00 -1.67034982008646055e-01  9.27922017731638960e-01 -3.00630870737096711e-01
4.553097e+00 -3.35811460551460772e-01  9.45412259669498156e-01 -7.00627811808167827e-02
4.566372e+00 -4.53588125276426557e-01  9.17091498562122576e-01  1.41512981194257315e-01
4.579646e+00 -5.24624216215213379e-01  8.53461258268592426e-01  3.28820086918591825e-01
4.592920e+00 -5.61332300043497101e-01  7.61061536980097375e-01  4.94172847497767465e-01
4.606195e+00 -5.80128988379819521e-01  6.42953470634202495e-01  6.44353841097365376e-01
4.619469e+00 -5.96864270264858887e-01  5.00800046015515532e-01  7.86743190233299861e-01
4.632743e+00 -6.22933123191602212e-01  3.37463420348654730e-01  9.25773928710722172e-01
4.646018e+00 -6.62845035157790363e-01  1.59186372099645923e-01  1.06058186391567855e+00
4.659292e+00 -7.13531245843447737e-01 -2.31646538263479383e-02  1.18434397854717055e+00
4.672566e+00 -7.65211322126717608e-01 -1.93957522971091839e-01  1.28536985989442343e+00
4.685841e+00 -8.03391681564068927e-01 -3.33775558084095536e-01  1.34961879936724949e+00
4.699115e+00 -8.11569151014976287e-01 -4.21557293088357821e-01  1.36402027086662425e+00
4.712389e+00 -7.74344344964271403e-01 -4.37882278441726280e-01  1.31981371810596682e+00
4.725664e+00 -6.80716169065319288e-01 -3.69113889482841073e-01  1.21512137571975876e+00
4.738938e+00 -5.27202446459869134e-01 -2.11643092271722150e-01  1.05613735180506274e+00
4.752212e+00 -3.20166280893786181e-01  2.49360312121350708e-02  8.56634883077504683e-01
4.765487e+00 -7.65454351359967367e-02  3.16950210919418607e-01  6.35889760340005772e-01
4.778761e+00  1.77674676874726822e-01  6.28861259220175550e-01  4.15484074562558259e-01
4.792035e+00  4.11357689528596360e-01  9.18521977004967960e-01  2.15690150575475942e-01
4.805310e+00  5.93821070683460461e-01  1.14449229757047499e+00  5.21899731961343663e-02
4.818584e+00  7.00825102334799999e-01  1.27375463555149060e+00 -6.62254177757689438e-02
4.831858e+00  7.19385168549876219e-01  1.28796830442534871e+00 -1.38555768168806520e-01
4.845133e+00  6.50144678837790035e-01  1.18672673800620965e+00 -1.70952505365257940e-01
4.858407e+00  5.06746524708866164e-01  9.87016318904171297e-01 -1.74709891728200811e-01
4.871681e+00  3.12470540313120715e-01  7.19027119629317202e-01 -1.63358642325162146e-01
4.884956e+00  9.51002377047725084e-02  4.19407770188834461e-01 -1.49575999411004495e-01
4.898230e+00 -1.18617999055628157e-01  1.23750757773322492e-01 -1.42712279825782135e-01
4.911504e+00 -3.07520624151388755e-01 -1.39684692579448155e-01 -1.47572620647002939e-01
4.924779e+00 -4.58502962505853928e-01 -3.53399341449982085e-01 -1.64671613056424748e-01
4.938053e+00 -5.66499854951382775e-01 -5.10583979759541617e-01 -1.91622354018092245e-01
4.951327e+00 -6.32370415375736461e-01 -6.12156850485801041e-01 -2.24873890974395280e-01
4.964602e+00 -6.59819017032174271e-01 -6.62568649598056836e-01 -2.60922841202004652e-01
4.977876e+00 -6.52801195137344359e-01 -6.66418009416559709e-01 -2.96496996393006973e-01
4.991150e+00 -6.14554802984172532e-01 -6.27395366903621854e-01 -3.27889825165624871e-01
5.004425e+00 -5.48534691209598080e-01 -5.49817435481821604e-01 -3.50250336297662501e-01
5.017699e+00 -4.60490753572233069e-01 -4.41585091467657842e-01 -3.57810256268753568e-01
5.030973e+00 -3.60230437100662548e-01 -3.16489450436684527e-01 -3.45579448145259094e-01
5.044248e+00 -2.61625448703732277e-01 -1.93896735221463112e-01 -3.12138615804362474e-01
5.057522e+00 -1.80182207654006166e-01 -9.49885366338024256e-02 -2.62282465054844427e-01
5.070796e+00 -1.28649487109648825e-01 -3.64371976362561217e-02 -2.07940341690251024e-01
5.084071e+00 -1.12154382198364155e-01 -2.38729113833045410e-02 -1.66290979484569335e-01
5.097345e+00 -1.24794647987974613e-01 -4.80286427440390351e-02 -1.55130053660916672e-01
5.110619e+00 -1.49302955161846607e-01 -8.57127644174682513e-02 -1.86821679999076701e-01
5.123894e+00 -1.60470207249073515e-01 -1.05998793948707093e-01 -2.62961270146956694e-01
5.137168e+00 -1.31798773188596008e-01 -7.99418858794494619e-02 -3.71820335176089312e-01
5.150442e+00 -4.37312846483592435e-02  9.40275143555269546e-03 -4.89760006580128748e-01
5.163717e+00  1.08904033957481106e-01  1.60223040615857126e-01 -5.86469899678127571e-01
5.176991e+00  3.12642531893882691e-01  3.50998160033339224e-01 -6.32634694505059381e-01
5.190265e+00  5.36040739873882455e-01  5.45897954535059182e-01 -6.07877263388981404e-01
5.203540e+00  7.35610329993223844e-01  7.04864350562622310e-01 -5.06760435999388914e-01
5.216814e+00  8.65746973092088257e-01  7.95094765327884478e-01 -3.41192263719798161e-01
5.230088e+00  8.89967366226049772e-01  8.00213054810119506e-01 -1.38555980635431175e-01
5.243363e+00  7.90173296758905130e-01  7.24275662697702383e-01  6.40013471456626487e-02
5.256637e+00  5.71197609849236398e-01  5.89570191701957347e-01  2.27711190395744084e-01
5.269912e+00  2.59420295410977664e-01  4.29249817635773245e-01  3.20738025585592501e-01
5.283186e+00 -1.03807986349044465e-01  2.77468004434824167e-01  3.25039441196368128e-01
5.296460e+00 -4.71612715351203915e-01  1.60289031687349509e-01  2.39890738092261635e-01
5.309735e+00 -8.00975159164303951e-01  9.00952575162516922e-02  8.13310090652005074e-02
5.323009e+00 -1.05960697567575468e+00  6.47711680818683078e-02 -1.22136691232537009e-01
5.336283e+00 -1.22914165502751294e+00  7.12118748353993969e-02 -3.36320300364807812e-01
5.349558e+00 -1.30484848668352837e+00  9.13448054866634745e-02 -5.28782751472155921e-01
5.362832e+00 -1.29300678510984479e+00  1.08329189755252547e-01 -6.75140455809586260e-01
5.376106e+00 -1.20730995825665310e+00  1.10988677245463935e-01 -7.62870697355280125e-01
5.389381e+00 -1.06533633639018799e+00  9.55393428812594675e-02 -7.92043633001984326e-01
5.402655e+00 -8.85592767952975590e-01  6.47926688749042717e-02 -7.73206717799860388e-01
5.415929e+00 -6.85254034971727655e-01  2.57781042442451341e-02 -7.23296944671623532e-01
5.429204e+00 -4.78616865512030309e-01 -1.30733128613445843e-02 -6.60803111680139832e-01
5.442478e+00 -2.76347215915680788e-01 -4.43254981374259019e-02 -6.01405081569802769e-01
5.455752e+00 -8.56017754964073369e-02 -6.31297778540859666e-02 -5.55023195154904392e-01
5.469027e+00  8.90830537435717967e-02 -6.79989278366829319e-02 -5.24726639106568693e-01
5.482301e+00  2.44548676797245373e-01 -6.08726575250905094e-02 -5.07420489361254390e-01
5.495575e+00  3.78035158588241049e-01 -4.65276561775840800e-02 -4.95805397672348658e-01
5.508850e+00  4.86980079174602898e-01 -3.13339646596706295e-02 -4.80889379164453845e-01
5.522124e+00  5.69695698283955942e-01 -2.14648923350656308e-02 -4.54358976461766151e-01
5.535398e+00  6.26512753276903478e-01 -2.09281565031378021e-02 -4.10330415550198502e-01
5.548673e+00  6.60668245958315414e-01 -3.00418014048460386e-02 -3.46284391153621862e-01
5.561947e+00  6.78288852089797722e-01 -4.50188610709145037e-02 -2.63224344455184667e-01
5.575221e+00  6.87235665772543691e-01 -5.90360220445084252e-02 -1.65224837214157316e-01
5.588496e+00  6.95098124402825146e-01 -6.46195085796850976e-02 -5.85637093296928757e-02
5.601770e+00  7.06995328799888800e-01 -5.66219861101057084e-02  4.93841979680192805e-02
5.615044e+00  7.23922251724571586e-01 -3.47538904870393905e-02  1.51319894241566444e-01
5.628319e+00  7.42188980909462837e-01 -4.72342540420934466e-03  2.41073191856230912e-01
5.641593e+00  7.54164384422950973e-01  2.25063666576973201e-02  3.14346252925121639e-01
5.654867e+00  7.50178430804650631e-01  3.32134611605275909e-02  3.69008425675443341e-01
5.668142e+00  7.21140462402899196e-01  1.44877384041397494e-02  4.04918822249648258e-01
5.681416e+00  6.61235590895998926e-01 -4.21035668421231996e-02  4.23399909174904221e-01
5.694690e+00  5.70001441368912509e-01 -1.37742132798673839e-01  4.26597089986177791e-01
5.707965e+00  4.53194520620319785e-01 -2.65220163506666440e-01  4.16975731976180430e-01
5.721239e+00  3.22133973677638519e-01 -4.09781627388810243e-01  3.97110127251488032e-01
5.734513e+00  1.91608688965191981e-01 -5.51820705306849013e-01  3.69746843898735411e-01
5.747788e+00  7.68412848306596480e-02 -6.70861138485818520e-01  3.37960222558360279e-01
5.761062e+00 -9.71513245198926852e-03 -7.49888039312159416e-01  3.05149892421165192e-01
5.774336e+00 -6.09157923332949089e-02 -7.78953715183599127e-01  2.74707838668066751e-01
5.787611e+00 -7.61594952198090813e-02 -7.57111440508529077e-01  2.49380306974706423e-01
5.800885e+00 -6.10552862947882080e-02 -6.92155453658379938e-01  2.30570876535379388e-01
5.814159e+00 -2.56867427008293965e-02 -5.98263034731462251e-01  2.17950339755070888e-01
5.827434e+00  1.80037860775452696e-02 -4.92250016075598540e-01  2.09670277393067039e-01
5.840708e+00  5.89990091375849832e-02 -3.89544357434447541e-01  2.03228078190888839e-01
5.853982e+00  8.94550172142467293e-02 -3.01006172950753326e-01  1.96710105069995672e-01
5.867257e+00  1.05897815543602003e-01 -2.31373513649734353e-01  1.89906056401010492e-01
5.880531e+00  1.09164196337957681e-01 -1.79538883328407617e-01  1.84771086596822426e-01
5.893805e+00  1.03240458522439196e-01 -1.40292239050433531e-01  1.84943902058583742e-01
5.907080e+00  9.34555845088178849e-02 -1.06804109400770078e-01  1.94418953274664269e-01
5.920354e+00  8.46356151924838040e-02 -7.30529863799089935e-02  2.15847416132834924e-01
5.933628e+00  7.97636540799621790e-02 -3.55759854523908930e-02  2.49132451884110484e-01
5.946903e+00  7.94373769725236489e-02  5.78777582041919373e-03  2.90897633908956066e-01
5.960177e+00  8.20854693019825443e-02  4.82075907363435016e-02  3.35077021182563051e-01
5.973451e+00  8.46502116361874113e-02  8.70476026017662774e-02  3.74445443245589371e-01
5.986726e+00  8.33785475650316160e-02  1.17577637390719941e-01  4.02563957917846549e-01
6.000000e+00  7.44935443400416841e-02  1.36719560029436887e-01  4.15495884454977482e-01
6.013274e+00  5.47338857021489877e-02  1.44273538900668907e-01  4.12780301474061306e-01
6.026549e+00  2.18962249976897422e-02  1.43151274664842121e-01  3.97445541945436354e-01
6.039823e+00 -2.45071793936135797e-02  1.38433053222109720e-01  3.75160789850595144e-01
6.053097e+00 -8.25371151912137335e-02  1.35512681240800237e-01  3.52838989093794964e-01
6.066372e+00 -1.47324772967396656e-01  1.38016377948318975e-01  3.37076347618462502e-01
6.079646e+00 -2.11118363588064240e-01  1.46345192429173931e-01  3.32774512475831452e-01
6.092920e+00 -2.64100380095511622e-01  1.57459829032549820e-01  3.42200120858868251e-01
6.106195e+00 -2.95931325892114350e-01  1.65978274347062110e-01  3.64631609986498684e-01
6.119469e+00 -2.97704394145012929e-01  1.66066579694891775e-01  3.96630293295392677e-01
6.132743e+00 -2.63852717764654021e-01  1.53291676052301096e-01  4.32847807655571404e-01
6.146018e+00 -1.93578651647792810e-01  1.25731656940615305e-01  4.67161749293812434e-01
6.159292e+00 -9.15110625880511813e-02  8.40986035854996566e-02  4.93855991756818158e-01
6.172566e+00  3.25556127128124179e-02  3.11272581923346357e-02  5.08568680761608549e-01
6.185841e+00  1.64870878649163166e-01 -2.92649296052545811e-02  5.08821509604008626e-01
6.199115e+00  2.89793690853958452e-01 -9.26271987017920351e-02  4.94080083338468035e-01
6.212389e+00  3.92432469004345141e-01 -1.54305165374897385e-01  4.65421520434814551e-01
6.225664e+00  4.61339296283405920e-01 -2.09581219430797744e-01  4.24962410049085859e-01
6.238938e+00  4.90574893452304761e-01 -2.53829948604595790e-01  3.75220554619725755e-01
6.252212e+00  4.80532257180668554e-01 -2.82794025359867085e-01  3.18564027715272868e-01
6.265487e+00  4.37266556651891791e-01 -2.92945650782487577e-01  2.56860063322861376e-01
6.278761e+00  3.70595446997795452e-01 -2.81839335042958772e-01  1.91382008913298846e-01
6.292035e+00  2.91648863278664294e-01 -2.48402465984695453e-01  1.22965649253198875e-01
6.305310e+00  2.10642314163100502e-01 -1.93175257535428135e-01  5.23342019972088957e-02
6.318584e+00  1.35397059227281319e-01 -1.18518052159614792e-01 -1.95441421472288442e-02
6.331858e+00  7.07186447236161225e-02 -2.87372270018242219e-02 -9.12136262964099859e-02
6.345133e+00  1.84302223210625025e-02  6.99985808122319669e-02 -1.60703687847121829e-01
6.358407e+00 -2.22129951932855431e-02  1.70093882955164810e-01 -2.25726905623459345e-01
6.371681e+00 -5.38774104547008817e-02  2.63370587157233660e-01 -2.84020005597185432e-01
6.384956e+00 -8.02851706340436816e-02  3.42229794565893308e-01 -3.33697686578132480e-01
6.398230e+00 -1.05145049214804415e-01  4.00898454789575864e-01 -3.73504920693069953e-01
6.411504e+00 -1.31044645626476802e-01  4.36453946572511964e-01 -4.02917230041077379e-01
6.424779e+00 -1.58623459669652134e-01  4.49337508263395635e-01 -4.22109990245087108e-01
6.438053e+00 -1.86352034975501180e-01  4.43171107793944641e-01 -4.31858910898465564e-01
6.451327e+00 -2.11051792369101099e-01  4.23858240964627042e-01 -4.33431246820054294e-01
6.464602e+00 -2.28998568928082236e-01  3.98142721932316035e-01 -4.28495294199337851e-01
6.477876e+00 -2.37221680408581270e-01  3.71972228819175466e-01 -4.19040050445499690e-01
6.491150e+00 -2.34553515027719151e-01  3.49105158804813076e-01 -4.07277253617603197e-01
6.504425e+00 -2.22105790710913548e-01  3.30360284777017843e-01 -3.95500412600064355e-01
6.517699e+00 -2.03063804482070093e-01  3.13731044091196343e-01 -3.85893929595836627e-01
6.530973e+00 -1.81899762762567363e-01  2.95321395369008699e-01 -3.80309155918144681e-01
6.544248e+00 -1.63250897193230438e-01  2.70802894306094055e-01 -3.80044089995564549e-01
6.557522e+00 -1.50773389897032734e-01  2.36939241792907540e-01 -3.85673317853925945e-01
6.570796e+00 -1.46274053376011737e-01  1.92727707932073306e-01 -3.96971133845295587e-01
6.584071e+00 -1.49342620561296380e-01  1.39853558345576584e-01 -4.12954040451051496e-01
6.597345e+00 -1.57568471321204745e-01  8.23784458956893367e-02 -4.32043606622210086e-01
6.610619e+00 -1.67259088136931217e-01  2.58045339689972689e-02 -4.52323221396528530e-01
6.623894e+00 -1.74438179160043866e-01 -2.41923906289091897e-02 -4.71839354292690805e-01
6.637168e+00 -1.75840282503016920e-01 -6.30162344287984039e-02 -4.88886102530926625e-01
6.650442e+00 -1.69651634658072925e-01 -8.80898708845177236e-02 -5.02215122160107330e-01
6.663717e+00 -1.55847101614671135e-01 -9.92904624353356108e-02 -5.11131394760357960e-01
6.676991e+00 -1.36092506209734482e-01 -9.88297138445023426e-02 -5.15464247019870592e-01
6.690265e+00 -1.13282801662171112e-01 -9.06578684424431819e-02 -5.15433903913679381e-01
6.703540e+00 -9.08541008468181366e-02 -7.95633867134527967e-02 -5.11456475812108180e-01
6.716814e+00 -7.20407512794159349e-02 -7.01842953326202168e-02 -5.03938935109811470e-01
6.730088e+00 -5.92459304014734886e-02 -6.61436120889089124e-02 -4.93111371077259886e-01
6.743363e+00 -5.36524424885573975e-02 -6.94772791414211971e-02 -4.78931267831013807e-01
6.756637e+00 -5.51284494780551887e-02 -8.04482297585459305e-02 -4.61078282641095349e-01
6.769912e+00 -6.24069246078442982e-02 -9.77479348709096169e-02 -4.39040461335805543e-01
6.783186e+00 -7.34646824001511239e-02 -1.18996637197397975e-01 -4.12274132718523256e-01
6.796460e+00 -8.60044427414538432e-02 -1.41391563124915048e-01 -3.80400605235166500e-01
6.809735e+00 -9.79383088044294692e-02 -1.62340689190774046e-01 -3.43387851985723747e-01
6.823009e+00 -1.07769575635586187e-01 -1.79957609760394932e-01 -3.01661761637462777e-01
6.836283e+00 -1.14779418503746386e-01 -1.93353890655087929e-01 -2.56104644222913347e-01
6.849558e+00 -1.18969405065791289e-01 -2.02715232244492560e-01 -2.07928693840086498e-01
6.862832e+00 -1.20796465449024157e-01 -2.09170591026648839e-01 -1.58451620679561089e-01
6.876106e+00 -1.20829231737636766e-01 -2.14471062923885819e-01 -1.08836405019597293e-01
6.889381e+00 -1.19494676528743571e-01 -2.20514964064869340e-01 -5.98724215323780395e-02
6.902655e+00 -1.17034345913595780e-01 -2.28799320908951276e-01 -1.18638725238656897e-02
6.915929e+00 -1.13669361497738736e-01 -2.39925602131275117e-01  3.53426930203635109e-02
6.929204e+00 -1.09852388706173407e-01 -2.53301906469203364e-01  8.22039215354878755e-02
6.942478e+00 -1.06435937087205418e-01 -2.67141887657756150e-01  1.29247271348080089e-01
6.955752e+00 -1.04635421644631035e-01 -2.78772157191603809e-01  1.76827097121877386e-01
6.969027e+00 -1.05777296145140740e-01 -2.85163841307923049e-01  2.24930766120044978e-01
6.982301e+00 -1.10928589547308512e-01 -2.83544614510771897e-01  2.73075606269341131e-01
6.995575e+00 -1.20546823115368990e-01 -2.71946215235763122e-01  3.20311709966574099e-01
7.008850e+00 -1.34258015752944132e-01 -2.49588535469404016e-01  3.65324256688652094e-01
7.022124e+00 -1.50803912759807396e-01 -2.17062803723490405e-01  4.06614406021817254e-01
7.035398e+00 -1.68149871840065468e-01 -1.76318372588943589e-01  4.42726096965361304e-01
7.048673e+00 -1.83734107151108217e-01 -1.30464993966885962e-01  4.72474982426393741e-01
7.061947e+00 -1.94844025271712934e-01 -8.33921828404822901e-02  4.95130003909984129e-01
7.075221e+00 -1.99084124099334792e-01 -3.92148501434896879e-02  5.10506388686976620e-01
7.088496e+00 -1.94840667632933173e-01 -1.60273543182585122e-03  5.18954387158122921e-01
7.101770e+00 -1.81594723077961040e-01  2.68743021678665706e-02  5.21261435053735789e-01
7.115044e+00 -1.59952326073100753e-01  4.52038858342477326e-02  5.18508042898969235e-01
7.128319e+00 -1.31369536027116596e-01  5.40396611377931893e-02  5.11916865118536735e-01
7.141593e+00 -9.76954577248882183e-02  5.54227234291967547e-02  5.02715365314538531e-01
7.154867e+00 -6.07413085521944507e-02  5.22204996821864706e-02  4.92013927602036105e-01
7.168142e+00 -2.20468621365070040e-02  4.74780408463441536e-02  4.80698386872118300e-01
7.181416e+00  1.71169243227957159e-02  4.38670246154956589e-02  4.69347621119251823e-01
7.194690e+00  5.56053994971777016e-02  4.33279218494308296e-02  4.58197417562743681e-01
7.207965e+00  9.22658750799020544e-02  4.69013603253871647e-02  4.47166387389082487e-01
7.221239e+00  1.25910793519800002e-01  5.46993924322193223e-02  4.35938895387904868e-01
7.234513e+00  1.55402169461438339e-01  6.59846406484672354e-02  4.24079108789355896e-01
7.247788e+00  1.79783011828127864e-01  7.93612964696159551e-02  4.11144153302191617e-01
7.261062e+00  1.98388769212823390e-01  9.30852708636153992e-02  3.96774195316508427e-01
7.274336e+00  2.10915336606613657e-01  1.05457813042324627e-01  3.80751599259129325e-01
7.287611e+00  2.17459952345241153e-01  1.15211197338821597e-01  3.63028182977456648e-01
7.300885e+00  2.18551868175755337e-01  1.21774837871161501e-01  3.43717846480202149e-01
7.314159e+00  2.15156552214466168e-01  1.25345671516712165e-01  3.23050783327354540e-01
7.327434e+00  2.08608387806344608e-01  1.26756511923351189e-01  3.01293655642990599e-01
7.340708e+00  2.00437899893199101e-01  1.27199450259870367e-01  2.78655444029416111e-01
7.353982e+00  1.92111642523365239e-01  1.27890840935027977e-01  2.55209891786752519e-01
7.367257e+00  1.84760639979468094e-01  1.29761091362793068e-01  2.30862478411399646e-01
7.380531e+00  1.78993296158872356e-01  1.33234143889859630e-01  2.05372881048450751e-01
7.393805e+00  1.74854877620525317e-01  1.38140989455897339e-01  1.78423065250495588e-01
7.407080e+00  1.71931625826733769e-01  1.43787710187693013e-01  1.49708002073711322e-01
7.420354e+00  1.69545120968451479e-01  1.49164669244692488e-01  1.19025038079518308e-01
7.433628e+00  1.66967522809086694e-01  1.53241764747800491e-01  8.63451559315794176e-02
7.446903e+00  1.63604957514199373e-01  1.55262079875020859e-01  5.18571889843526604e-02
7.460177e+00  1.59120431820442554e-01  1.54943055825768755e-01  1.59797756116410519e-02
7.473451e+00  1.53482630696675282e-01  1.52526878743432820e-01 -2.06634477976951197e-02
7.486726e+00  1.46936491243562450e-01  1.48676789301011469e-01 -5.73075215511022612e-02
7.500000e+00  1.39906936050524705e-01  1.44267703464901281e-01 -9.31431582357603038e-02
7.513274e+00  1.32867570513155175e-01  1.40144554201641208e-01 -1.27429684761280165e-01
7.526549e+00  1.26216830304425931e-01  1.36914672129663267e-01 -1.59596702397418716e-01
7.539823e+00  1.20193947010758875e-01  1.34815031689653586e-01 -1.89306858264246619e-01
7.553097e+00  1.14842880907414485e-01  1.33669306886856187e-01 -2.16463967449542632e-01
7.566372e+00  1.10013927191822611e-01  1.32932431005325646e-01 -2.41169498039042751e-01
7.579646e+00  1.05392535722345151e-01  1.31809767991808491e-01 -2.63645889089428542e-01
7.592920e+00  1.00554082245903745e-01  1.29427177362052143e-01 -2.84149626100164365e-01
7.606195e+00  9.50436835564552884e-02  1.25015846581040979e-01 -3.02891331101947603e-01
7.619469e+00  8.84675250606961477e-02  1.18069743383490688e-01 -3.19972540123562077e-01
7.632743e+00  8.05706743016594562e-02  1.08441041538256872e-01 -3.35346615634575684e-01
7.646018e+00  7.12805650690917642e-02  9.63572331011850886e-02 -3.48813428435931938e-01
7.659292e+00  6.07126243541601315e-02  8.23640241474434820e-02 -3.60055963324623973e-01
7.672566e+00  4.91470503991004101e-02  6.72127906817360510e-02 -3.68715371606942399e-01
7.685841e+00  3.69824838301331463e-02  5.17181688203207368e-02 -3.74482921542056257e-01
7.699115e+00  2.46645419143449833e-02  3.66138024469359405e-02 -3.77176016684464932e-01
7.712389e+00  1.25938023787220445e-02  2.24347952580712245e-02 -3.76772148593990386e-01
7.725664e+00  1.03872503152882155e-03  9.45079624861114818e-03 -3.73396831158454956e-01
7.738938e+00 -9.90768791847626736e-03 -2.33880507942576957e-03 -3.67283700127925494e-01
7.752212e+00 -2.03030011859967226e-02 -1.31529177768038193e-02 -3.58731358168061010e-01
7.765487e+00 -3.02741294162666673e-02 -2.33396674763548667e-02 -3.48070193169747411e-01
7.778761e+00 -3.99207874106383837e-02 -3.32759526849002937e-02 -3.35636918176696053e-01
7.792035e+00 -4.92429358858031407e-02 -4.32785419576247818e-02 -3.21750494072823634e-01
7.805310e+00 -5.81070710975303273e-02 -5.35422576934757311e-02 -3.06691591661171936e-01
7.818584e+00 -6.62468365539868459e-02 -6.41128074103497342e-02 -2.90695340050446394e-01
7.831858e+00 -7.32943530913704039e-02 -7.48933062720886639e-02 -2.73961606056509877e-01
7.845133e+00 -7.88479843722121737e-02 -8.56751655299135412e-02 -2.56672017471261393e-01
7.858407e+00 -8.25772059368951317e-02 -9.61790906839926213e-02 -2.38995033481517238e-01
7.871681e+00 -8.43401434145441137e-02 -1.06093432202395366e-01 -2.21071065444426257e-01
7.884956e+00 -8.42659459573637942e-02 -1.15104996689856395e-01 -2.02990427986347699e-01
7.898230e+00 -8.27594406120744225e-02 -1.22926217813571534e-01 -1.84786392858316884e-01
7.911504e+00 -8.04210587065056076e-02 -1.29324298899673867e-01 -1.66452732986109742e-01
7.924779e+00 -7.79148025990482052e-02 -1.34151283207704169e-01 -1.47971989292537104e-01
7.938053e+00 -7.58331887130674481e-02 -1.37366406219411291e-01 -1.29330872457223217e-01
7.951327e+00 -7.45954328774175446e-02 -1.39040729624591297e-01 -1.10513396068746814e-01
7.964602e+00 -7.43923990434644383e-02 -1.39339612587661504e-01 -9.14862913546311968e-02
7.977876e+00 -7.51796758732726778e-02 -1.38486227669284007e-01 -7.22004039970262079e-02
7.991150e+00 -7.67189102027097947e-02 -1.36713795134864868e-01 -5.26172511087997785e-02
8.004425e+00 -7.86616317811843074e-02 -1.34215831079395748e-01 -3.27467039510683025e-02
8.017699e+00 -8.06518684865580593e-02 -1.31106606203817339e-01 -1.26718128603251177e-02
8.030973e+00 -8.24071552418200043e-02 -1.27406798636003460e-01  7.45257222750519976e-03
8.044248e+00 -8.37434252558446474e-02 -1.23064731972717972e-01  2.74221859490336936e-02
8.057522e+00 -8.45428559749809433e-02 -1.18008784465500310e-01  4.70129573631523634e-02
8.070796e+00 -8.47023472195511662e-02 -1.12208936749912225e-01  6.60093345226244743e-02
8.084071e+00 -8.41109514814579184e-02 -1.05718429696538066e-01  8.42304001500344401e-02
8.097345e+00 -8.26762203436717663e-02 -9.86783939900808260e-02  1.01552270067350223e-01
8.110619e+00 -8.03754393145629659e-02 -9.12915678377772682e-02  1.17918884109791927e-01
8.123894e+00 -7.72854711271719480e-02 -8.37869861962335788e-02  1.33331713584634359e-01
8.137168e+00 -7.35627230327553228e-02 -7.63938962484227296e-02  1.47818297546710054e-01
8.150442e+00 -6.93855537158009350e-02 -6.93258839339912780e-02  1.61393577443331576e-01
8.163717e+00 -6.48986791105058275e-02 -6.27622159433166710e-02  1.74033296163586149e-01
8.176991e+00 -6.01908774727650947e-02 -5.68159697893842186e-02  1.85669683518202178e-01
8.190265e+00 -5.53051526669837631e-02 -5.14954509497609209e-02  1.96204690432587703e-01
8.203540e+00 -5.02561687480931815e-02 -4.66808353348852276e-02  2.05527726068033767e-01
8.216814e+00 -4.50343641970820940e-02 -4.21374928825282227e-02  2.13528157084693138e-01
8.230088e+00 -3.96014032357362780e-02 -3.75703092594468144e-02  2.20102434389869372e-01
8.243363e+00 -3.38993860564487173e-02 -3.27015311109993961e-02  2.25161684967006032e-01
8.256637e+00 -2.78871043798947019e-02 -2.73430035462305342e-02  2.28643116559288179e-01
8.269912e+00 -2.15890847408601698e-02 -2.14385234608387189e-02  2.30522089026662630e-01
8.283186e+00 -1.51247637961790388e-02 -1.50673721939026603e-02  2.30818194327257198e-01
8.296460e+00 -8.69495924860338477e-03 -8.41441552124089394e-03  2.29590470454752005e-01
8.309735e+00 -2.53228841846309116e-03 -1.71842833605485314e-03  2.26922157138725100e-01
8.323009e+00  3.15596187421515045e-03  4.78987024862490007e-03  2.22901098432844919e-01
8.336283e+00  8.22789020241542456e-03  1.09484384628868985e-02  2.17605145756017415e-01
8.349558e+00  1.26264906846038118e-02  1.67079364507055107e-02  2.11101175205462260e-01
8.362832e+00  1.63892018463219040e-02  2.21420192227612007e-02  2.03460960802938406e-01
8.376106e+00  1.96512074181078474e-02  2.74141837806430970e-02  1.94787815645769857e-01
8.389381e+00  2.26300208636215638e-02  3.27089368119783258e-02  1.85239132310251131e-01
8.402655e+00  2.55770533434128249e-02  3.81538308948344979e-02  1.75028380528179206e-01
8.415929e+00  2.87024153446523364e-02  4.37657583354651783e-02  1.64398382599609511e-01
8.429204e+00  3.21046274009534338e-02  4.94428481421612803e-02  1.53571679806101452e-01
8.442478e+00  3.57423338921516801e-02  5.49993431729223145e-02  1.42695496986777692e-01
8.455752e+00  3.94629913828391035e-02  6.02204536555731931e-02  1.31801765637642371e-01
8.469027e+00  4.30705700281497905e-02  6.49093557756288408e-02  1.20796957624546966e-01
8.482301e+00  4.63953729942999105e-02  6.89103822800677807e-02  1.09487266584931769e-01
8.495575e+00  4.93343643037080434e-02  7.21110561829251401e-02  9.76356645180216504e-02
8.508850e+00  5.18503568871105935e-02  7.44371245814658550e-02  8.50388794634496098e-02
8.522124e+00  5.39380161656023704e-02  7.58528893964263845e-02  7.16048906461421580e-02
8.535398e+00  5.55762458132411860e-02  7.63688213515718167e-02  5.74079412780492543e-02
8.548673e+00  5.66901838994998616e-02  7.60494260380501635e-02  4.27021496142375584e-02
8.561947e+00  5.71434954261833550e-02  7.50134371961662383e-02  2.78874459568709022e-02
8.575221e+00  5.67722425118977400e-02  7.34244596817989759e-02  1.34373822405913779e-02
8.588496e+00  5.54548393322045752e-02  7.14752767045829657e-02 -1.90874783061778671e-04
8.601770e+00  5.31937667427383534e-02  6.93679260817385845e-02 -1.26420063164510259e-02
8.615044e+00  5.01733949359587442e-02  6.72878350162484651e-02 -2.37252419789691707e-02
8.628319e+00  4.67609907938091734e-02  6.53709590468684459e-02 -3.34420302442887188e-02
8.641593e+00  4.34354552822933185e-02  6.36704006395094058e-02 -4.19722619879236911e-02
8.654867e+00  4.06560406332665200e-02  6.21372755372659735e-02 -4.96202654974482807e-02
8.668142e+00  3.87116715581244386e-02  6.06295497415599433e-02 -5.67330176988455476e-02
8.681416e+00  3.76080581622766710e-02  5.89494836134487124e-02 -6.36141722759258899e-02
8.694690e+00  3.70435892864695027e-02  5.68948836299544014e-02 -7.04611198748276851e-02
8.707965e+00  3.64930380547845157e-02  5.43042040817275709e-02 -7.73440946204074498e-02
8.721239e+00  3.53725536973114318e-02  5.10840451664250836e-02 -8.42289597675436597e-02
8.734513e+00  3.32244952346285871e-02  4.72210706493451995e-02 -9.10270880671441573e-02
8.747788e+00  2.98556170233284512e-02  4.27858608095615101e-02 -9.76460076745519351e-02
8.761062e+00  2.53869936452423527e-02  3.79298292389159339e-02 -1.04017243838927853e-01
8.774336e+00  2.02114434884891371e-02  3.28678352379669914e-02 -1.10090317268497426e-01
8.787611e+00  1.48829420660961040e-02  2.78402912780380644e-02 -1.15798449417954127e-01
8.800885e+00  9.97365490001152731e-03  2.30604084735896546e-02 -1.21015973852489356e-01
8.814159e+00  5.93447986875833035e-03  1.86649431603164544e-02 -1.25533907214201657e-01
8.827434e+00  2.99286609734274005e-03  1.46888030813273705e-02 -1.29075092883502662e-01
8.840708e+00  1.11553986898970444e-03  1.10725697271143158e-02 -1.31354194543672476e-01
8.853982e+00  4.70897384441622120e-05  7.69688502402007813e-03 -1.32165805592538932e-01
8.867257e+00 -5.91365765230240231e-04  4.42940835999447793e-03 -1.31466200648754111e-01
8.880531e+00 -1.18349380108516075e-03  1.16991648179112979e-03 -1.29411230907799657e-01
8.893805e+00 -2.02372499133823564e-03 -2.11783111637755790e-03 -1.26327988691269294e-01
8.907080e+00 -3.27270836900914143e-03 -5.39582965408143093e-03 -1.22624976671794214e-01
8.920354e+00 -4.95849910365967882e-03 -8.56752425247951990e-03 -1.18672122656674678e-01
8.933628e+00 -7.00381933771214264e-03 -1.15157474551105567e-02 -1.14695503327777587e-01
8.946903e+00 -9.26303679652106665e-03 -1.41484369113601439e-02 -1.10726095754153181e-01
8.960177e+00 -1.15637752250355250e-02 -1.64324600476781109e-02 -1.06620436599595761e-01
8.973451e+00 -1.37513779889680814e-02 -1.84020851274584278e-02 -1.02143164632123723e-01
8.986726e+00 -1.57261272464687824e-02 -2.01420777050094583e-02 -9.70783047744715605e-02
9.000000e+00 -1.74565211228639890e-02 -2.17567771828553157e-02 -9.13266951243211222e-02
