# Author: SW4
# Scenario: test
# Date: UTC  12/15/2017:16:24:06.000
# Bandwith (Hz): 1.234000e+00
# Station: sta10
# Target location (WGS84 longitude, latitude) (deg): -1.177406e+02 3.718865e+01
# Actual location (WGS84 longitude, latitude) (deg): -1.177406e+02 3.718865e+01
# Distance from target to actual location (m): 0.000000e+00
# nColumns: 4
# Column 1: Time (s)
# Column 2: X displacement (m)
# Column 3: Y displacement (m)
# Column 4: Z displacement (m)
0.000000e+00  0.00000000000000000e+00  0.00000000000000000e+00  0.00000000000000000e+00
1.267606e-02  0.00000000000000000e+00  0.00000000000000000e+00  0.00000000000000000e+00
2.535211e-02  0.00000000000000000e+00  0.00000000000000000e+00  0.00000000000000000e+00
3.802817e-02  0.00000000000000000e+00  0.00000000000000000e+00  0.00000000000000000e+00
5.070423e-02  0.00000000000000000e+00  0.00000000000000000e+00  0.00000000000000000e+00
6.338028e-02  0.00000000000000000e+00  0.00000000000000000e+00  0.00000000000000000e+00
7.605634e-02  0.00000000000000000e+00  0.00000000000000000e+00  0.00000000000000000e+00
8.873239e-02 -1.05515907901006130e-133 3.82759580255869316e-134 -5.42486019447695743e-133
1.014085e-01 1.32217813900532532e-120 -1.02712684964358644e-120 -3.50265491212305561e-119
1.140845e-01 5.20904908252194873e-118 -2.41107139405503265e-116 -9.51205351179737120e-115
1.267606e-01 -2.93877461413332909e-112 -7.94454483460902867e-113 -7.62094452142343386e-112
1.394366e-01 -3.39919200619998943e-110 -4.87547377699824813e-109 -1.35866737558351325e-109
1.521127e-01 -2.67319587213886832e-106 -1.72671310297351463e-107 -2.51123501826970107e-106
1.647887e-01 1.01849198406820143e-104 -5.97557574968234764e-104 -1.10335805326358622e-103
1.774648e-01 -6.64233256330146282e-102 8.47617662652087481e-102 -1.67325722334359624e-101
1.901408e-01  1.06628063265622026e-99 -7.77866329701432949e-100 4.29067346683158058e-100
2.028169e-01 -6.23550031664335740e-98  1.15799820829283377e-97 -2.71459131707154258e-98
2.154930e-01  4.51780642527033915e-96 -8.91756803031950440e-96  4.16131714461257477e-96
2.281690e-01 -2.50482303872376401e-94  5.25412997086855338e-94 -3.32174039585972393e-94
2.408451e-01  9.08964174554424374e-93 -2.49227787016358853e-92  1.81899879442373657e-92
2.535211e-01 -1.37767348056397469e-91  9.07216597027561729e-91 -8.17674887868709870e-91
2.661972e-01 -7.83466739263633129e-90 -2.18118351774347103e-89  3.22373683045858338e-89
2.788732e-01  7.94627539681512121e-88  1.01370748120400757e-88 -1.11856548354515340e-87
2.915493e-01 -4.11270431542737644e-86  2.09352731072777347e-86  3.42508388294538649e-86
3.042254e-01  1.56347515592478382e-84 -1.28607389419772473e-84 -9.48868234661584050e-85
3.169014e-01 -4.77370304206254317e-83  4.89005326523536402e-83  2.39490731548256496e-83
3.295775e-01  1.21599147369520536e-81 -1.42753031764656565e-81 -5.54070946553508682e-82
3.422535e-01 -2.63507207025152321e-80  3.40672770870923330e-80  1.17277987846749902e-80
3.549296e-01  4.91308601704348167e-79 -6.82272847957148987e-79 -2.25575686330820623e-79
3.676056e-01 -7.93529449528417051e-78  1.15992801908864331e-77  3.90778815472843825e-78
3.802817e-01  1.11436702207010355e-76 -1.67816372028079769e-76 -6.04031863613606027e-77
3.929577e-01 -1.36213821132532454e-75  2.05350019219287233e-75  8.25070781704050304e-76
4.056338e-01  1.44656574577228355e-74 -2.08452385281294874e-74 -9.85225686110895528e-75
4.183099e-01 -1.32649103087693301e-73  1.67147486335665865e-73  1.01318030233072188e-73
4.309859e-01  1.03539431267193105e-72 -9.06181349860499706e-73 -8.75402931122816715e-73
4.436620e-01 -6.64743045651430973e-72  5.30337481893346027e-73  6.03834305297691475e-72
4.563380e-01  3.17374610298842430e-71  5.85310420435658165e-71 -2.87209047010691230e-71
4.690141e-01 -6.24898949558135904e-71 -8.32714077627625503e-70  2.53592979313595322e-71
4.816901e-01 -8.09053201057115951e-70  7.17488475725763458e-69  1.21478862041012282e-69
4.943662e-01  1.31452451426964694e-68 -4.17083359717044360e-68 -1.54118874734415549e-68
5.070423e-01 -1.22712158197067498e-67  1.27469191681304135e-67  1.17038871978901683e-67
5.197183e-01  8.66573761772235713e-67  4.13849435493364035e-67 -6.20290829445355323e-67
5.323944e-01 -4.67568342081252508e-66 -8.57217707080577241e-66  2.10850701434812880e-66
5.450704e-01  1.64792522443220161e-65  6.09671215087985016e-65 -1.51290639068129779e-66
5.577465e-01 -2.72200271868952444e-67 -2.33424888125733444e-64 -3.51087300066397217e-65
5.704225e-01 -5.11314911266344316e-64  4.91241700993519226e-65  2.78320901217160842e-64
5.830986e-01  4.24261794228829388e-63  5.83242682002455631e-63 -1.31741007895227224e-63
5.957746e-01 -1.90331897513156518e-62 -4.08732103074160639e-62  4.95952293115111268e-63
6.084507e-01  3.15903716738675747e-62  1.28180529780196628e-61 -1.68070858202723015e-62
6.211268e-01  2.25394539488542999e-61  9.98471834907523457e-62  3.43505591735493518e-62
6.338028e-01 -2.07797527612959933e-60 -3.12922714944141490e-60  2.20187210321056916e-61
6.464789e-01  7.61297476150578240e-60  1.49188529840770530e-59 -3.10618768470149034e-60
6.591549e-01 -2.79359471272576277e-60 -2.04582428183434369e-59  1.76339395361989270e-59
6.718310e-01 -1.18761236141428843e-58 -1.49462251613305816e-58 -4.04801060412951850e-59
6.845070e-01  6.15830614003286393e-58  9.94837101876322409e-58 -1.54973819722685808e-58
6.971831e-01 -9.40202411778118916e-58 -2.03862721409029662e-57  1.68672442392936486e-57
7.098592e-01 -4.99265295217769917e-57 -5.65944481947027920e-57 -5.59094178637008196e-57
7.225352e-01  3.28413948397329838e-56  4.84150174994048478e-56 -3.52736558222683778e-57
7.352113e-01 -5.83646596293904697e-56 -1.03331732655877067e-55  1.07649814721885819e-55
7.478873e-01 -1.96308042141191720e-55 -2.19846779983396806e-55 -3.84284530020014237e-55
7.605634e-01  1.32548919054053051e-54  1.84827656978931858e-54 -1.20520902065932689e-55
7.732394e-01 -2.02373822943530296e-54 -3.27956513291086670e-54  5.86705476138132286e-54
7.859155e-01 -7.35879499207638182e-54 -8.53673386781768107e-54 -1.83170321535694458e-53
7.985915e-01  3.90815221168579127e-53  5.17457995414505181e-53 -1.85209773672684786e-53
8.112676e-01 -4.31241210269503995e-53 -6.51496023700001976e-53  2.94795792777439103e-52
8.239437e-01 -1.55987742317096274e-52 -1.69187292565168362e-52 -6.39215138084725083e-52
8.366197e-01  6.31753992996521706e-52  7.30458703064944748e-52 -1.92937970444874748e-51
8.492958e-01 -1.88908502344576884e-51 -2.48423804982469756e-51  1.38726441938108015e-50
8.619718e-01  7.59603173564327494e-51  1.14869525158274175e-50 -1.44783093522804046e-50
8.746479e-01  9.99345658553756588e-51  7.00189329751382524e-51 -1.51039139279979637e-49
8.873239e-01 -2.76839658125543133e-49 -3.60049419430335297e-49  6.59832776993721416e-49
9.000000e-01  6.63574883991729117e-49  9.50538736824795049e-49  5.58577285499171274e-49
9.126761e-01  3.85086490502995120e-48  4.64955446982697053e-48 -1.26525740179154234e-47
9.253521e-01 -1.53253522341337595e-47 -2.05903773444122224e-47  1.27141927063400022e-47
9.380282e-01 -5.31389374918130890e-47 -5.72374518704041296e-47  2.25282219294606425e-46
9.507042e-01  7.59603350580169128e-47  9.99380050043478627e-47 -2.15794417021055570e-46
9.633803e-01  1.80608083675364563e-45  1.96169736754208892e-45 -5.56978544858466599e-45
9.760563e-01  5.66815901743417554e-45  7.42996304700946630e-45 -3.56041479518310427e-45
9.887324e-01 -7.42349336950454240e-44 -8.40022410516460985e-44  1.75478122972400114e-43
1.001408e+00 -2.98678454971794764e-43 -3.86089691927198635e-43  3.54190474212227438e-43
1.014085e+00  2.43562765417394842e-42  2.79147253783292669e-42 -5.34967744343826899e-42
1.026761e+00  1.13293940829221722e-41  1.43834354038174011e-41 -1.65375610094527517e-41
1.039437e+00 -6.30040941901544848e-41 -7.18449121261393242e-41  1.40708927028441663e-40
1.052113e+00 -3.82070652589929824e-40 -4.76273530597021383e-40  6.26791375345503669e-40
1.064789e+00  1.22911438507842659e-39  1.36522867302569455e-39 -2.98795835363586060e-39
1.077465e+00  1.14411279013943850e-38  1.40363704128447612e-38 -2.02999715645782257e-38
1.090141e+00 -1.31704147681668794e-38 -1.28349954184789578e-38  4.32755936696643291e-38
1.102817e+00 -2.93702124399164773e-37 -3.55248364531314960e-37  5.55557046734330478e-37
1.115493e+00 -2.10469620208573964e-37 -3.22773188395545313e-37 -2.77108480099751739e-38
1.128169e+00  6.14704520001865776e-36  7.32268466461832266e-36 -1.24345596900204086e-35
1.140845e+00  1.65429510987651513e-35  2.12288220253069736e-35 -2.36268783799099106e-35
1.153521e+00 -9.44064481146508542e-35 -1.09723199804692806e-34  2.11272546931024485e-34
1.166197e+00 -5.34965385453149354e-34 -6.62426635937026472e-34  9.25916165111787958e-34
1.178873e+00  6.65925561787656529e-34  6.91245059654939078e-34 -2.09221139015505129e-33
1.191549e+00  1.16519278687767416e-32  1.41452657234078228e-32 -2.23093267624516624e-32
1.204225e+00  1.51715321782850495e-32  2.04860437926856406e-32 -1.40121331346958130e-32
1.216901e+00 -1.70504165627873870e-31 -2.02582390602029449e-31  3.62974849108544578e-31
1.229577e+00 -6.84311229921680686e-31 -8.55472998063808313e-31  1.14178737395166089e-30
1.242254e+00  1.11058702916361722e-30  1.22192550662401447e-30 -3.16733711598991962e-30
1.254930e+00  1.39683550045792288e-29  1.70568690697571440e-29 -2.67340313908961658e-29
1.267606e+00  1.95576270602254958e-29  2.58988267677836619e-29 -2.10677096431009049e-29
1.280282e+00 -1.60079771758754322e-28 -1.90699385584512295e-28  3.50821056225191539e-28
1.292958e+00 -7.28937204603008220e-28 -9.07271204882372958e-28  1.27637866482604237e-27
1.305634e+00  2.61432266943300959e-28  2.11396284659924540e-28 -1.46969469570704998e-27
1.318310e+00  1.08894742842656148e-26  1.32615996490715677e-26 -2.19550969977155795e-26
1.330986e+00  2.77635563327381942e-26  3.52281219600198513e-26 -4.33126267147886805e-26
1.343662e+00 -6.19742913450623642e-26 -7.18551245407102963e-26  1.61850340085268171e-25
1.356338e+00 -5.35966796300160852e-25 -6.61213619866251866e-25  1.02938492742394823e-24
1.369014e+00 -8.31036233992954009e-25 -1.07905891877443320e-24  1.07129923036092773e-24
1.381690e+00  3.92517265952979921e-24  4.70357183910009321e-24 -9.12069654126293674e-24
1.394366e+00  2.15941372304525514e-23  2.68798782937554754e-23 -4.02412573075546863e-23
1.407042e+00  2.18415093862400349e-23  2.90873614123078128e-23 -2.05213287619479348e-23
1.419718e+00 -1.69152803034585523e-22 -2.05589516761183053e-22  3.77660454933892005e-22
1.432394e+00 -7.58225160170973556e-22 -9.49653579668083263e-22  1.39573056101121345e-21
1.445070e+00 -6.28968239752333342e-22 -8.46345535306343612e-22  4.83916984513392492e-22
1.457746e+00  5.60146987387967584e-21  6.86199393851319091e-21 -1.24338234689482060e-20
1.470423e+00  2.38100525062171805e-20  2.99421685096313945e-20 -4.41234862203749352e-20
1.483099e+00  2.29794881900102194e-20  3.04387393333607350e-20 -2.36739949854365605e-20
1.495775e+00 -1.43479840940273723e-19 -1.76442734187719434e-19  3.25958214941519295e-19
1.508451e+00 -6.60530845096906217e-19 -8.32987271867184311e-19  1.25239383511218633e-18
1.521127e+00 -8.87782813863139145e-19 -1.15488621928735665e-18  1.23628369115352810e-18
1.533803e+00  2.61030396158018115e-18  3.20160131558488853e-18 -6.36281232612479573e-18
1.546479e+00  1.54153945869773652e-17  1.94848649734096655e-17 -3.02368621164502353e-17
1.559155e+00  2.90006592272794982e-17  3.74067326977394030e-17 -4.76469713230943398e-17
1.571831e+00 -2.26312800976344743e-17 -2.66121112286790879e-17  7.29795911500225711e-17
1.584507e+00 -2.79347539687883872e-16 -3.53475327832900268e-16  5.71839007670771643e-16
1.597183e+00 -7.16039641822270033e-16 -9.21908672385354715e-16  1.28672845742388260e-15
1.609859e+00 -3.46291895494752365e-16 -4.85805941149709195e-16  1.74753798449477656e-16
1.622535e+00  3.56150100933332320e-15  4.47859693532627642e-15 -7.72645652867586183e-15
1.635211e+00  1.27774641369407099e-14  1.64277198021030585e-14 -2.40985347241346518e-14
1.647887e+00  1.54869842443880347e-14  2.06415415358631861e-14 -2.31346795151922572e-14
1.660563e+00 -3.33391614500753308e-14 -4.04450989023911157e-14  7.96868753661908858e-14
1.673239e+00 -1.89255017116416559e-13 -2.40082997932266763e-13  3.64407919801611585e-13
1.685915e+00 -3.18473363843704294e-13 -4.14376997876631843e-13  5.03029095985077164e-13
1.698592e+00  3.93124807476541426e-13  4.65235265110671715e-13 -1.11532000690472228e-12
1.711268e+00  3.70564599507421274e-12  4.63874311283056272e-12 -7.51344789031104614e-12
1.723944e+00  9.75603134712170101e-12  1.22855012211600616e-11 -1.72538097999730107e-11
1.736620e+00  5.56555361629831393e-12  6.84468664062046340e-12 -1.44806447626926680e-12
1.749296e+00 -6.06210291174224102e-11 -7.76734326928972417e-11  1.42544068837829531e-10
1.761972e+00 -2.97898727787392988e-10 -3.79551457717457952e-10  6.08315178252911785e-10
1.774648e+00 -7.64221063937755194e-10 -9.66958661956824330e-10  1.41731360550364688e-09
1.787324e+00 -8.92978965720676862e-10 -1.09434897874452828e-09  1.21767230252366901e-09
1.800000e+00  2.11544151897534618e-09  2.87125689120441992e-09 -5.85274748692527316e-09
1.812676e+00  1.60537580114794090e-08  2.09702053481862744e-08 -3.50159839459026284e-08
1.825352e+00  5.44864383182884155e-08  7.04538742757539943e-08 -1.10187329348032903e-07
1.838028e+00  1.22196891278765287e-07  1.56325131758343003e-07 -2.29912142311826908e-07
1.850704e+00  1.50376968998228792e-07  1.85904669853103910e-07 -2.30707522821798132e-07
1.863380e+00 -1.81043840717363841e-07 -2.64070823434211088e-07  5.68815522951634147e-07
1.876056e+00 -1.78878645653578828e-06 -2.39743795796111903e-06  4.02373706452348997e-06
1.888732e+00 -6.58347083525200408e-06 -8.70613232351386016e-06  1.38191635468128478e-05
1.901408e+00 -1.71940103118013887e-05 -2.25624779664454227e-05  3.45576966143190054e-05
1.914085e+00 -3.38051012600638299e-05 -4.39339627611111169e-05  6.46942033013475051e-05
1.926761e+00 -4.30524644965197325e-05 -5.44541302282904290e-05  7.31027360385307621e-05
1.939437e+00  1.03260661122468152e-05  2.06284818332187467e-05 -5.91921789604909424e-05
1.952113e+00  2.82846377343677960e-04  3.92166006483027764e-04 -6.59005114080042447e-04
1.964789e+00  1.13767653869786475e-03  1.54894138798043865e-03 -2.47143875095015564e-03
1.977465e+00  3.30325157827589212e-03  4.47185666326317850e-03 -6.97328994031654135e-03
1.990141e+00  8.06836351131699422e-03  1.08990346837797222e-02 -1.67544085139846796e-02
2.002817e+00  1.74537338108708799e-02  2.35625335311079667e-02 -3.58473557139102408e-02
2.015493e+00  3.42450671891785727e-02  4.62430479747271347e-02 -6.97790953878762166e-02
2.028169e+00  6.17306874897516691e-02  8.34310635897652642e-02 -1.25038181161799156e-01
2.040845e+00  1.02999206505915708e-01  1.39396558670391524e-01 -2.07676220644133880e-01
2.053521e+00  1.59761338565579253e-01  2.16611784781589711e-01 -3.20974141073413488e-01
2.066197e+00  2.30877404838076478e-01  3.13761553446856245e-01 -4.62526356904089941e-01
2.078873e+00  3.11047202006442147e-01  4.23946801663855011e-01 -6.21632724391904090e-01
2.091549e+00  3.90324840379320082e-01  5.33971343518156005e-01 -7.78297086160857909e-01
2.104225e+00  4.55091117167291170e-01  6.25573711049165815e-01 -9.05090706931990341e-01
2.116901e+00  4.90733394547223423e-01  6.78964502486505639e-01 -9.72416637491971936e-01
2.129577e+00  4.85590386671233665e-01  6.78104507220991359e-01 -9.56371994494162769e-01
2.142254e+00  4.34973430728008592e-01  6.16148676267559314e-01 -8.46924263200514393e-01
2.154930e+00  3.43676970642349922e-01  4.98923181439241803e-01 -6.53260958819512183e-01
2.167606e+00  2.25678391525588079e-01  3.44661369234883552e-01 -4.03620939455884231e-01
2.180282e+00  1.00735064228576573e-01  1.79559113730080044e-01 -1.38799698111340325e-01
2.192958e+00 -1.10744865944091084e-02  3.05103344070393780e-02  9.88387710597933983e-02
2.205634e+00 -9.48206261896176739e-02 -8.22527649343103157e-02  2.76888005750440980e-01
2.218310e+00 -1.44088096198146887e-01 -1.49760700322507961e-01  3.80601430535817131e-01
2.230986e+00 -1.61085326327942424e-01 -1.74563949535896462e-01  4.14084437524223026e-01
2.243662e+00 -1.53850261491455587e-01 -1.67077203252483125e-01  3.95241896793352254e-01
2.256338e+00 -1.32123263997929952e-01 -1.40093113322379142e-01  3.47406864508682189e-01
2.269014e+00 -1.03752987536093744e-01 -1.03968271068448179e-01  2.91550914238738024e-01
2.281690e+00 -7.28371593362428099e-02 -6.41085065356437334e-02  2.41911175286977864e-01
2.294366e+00 -3.97266671809591715e-02 -2.09414456651931223e-02  2.05619904539745685e-01
2.307042e+00 -2.24502612992564252e-03  2.84835318820441594e-02  1.84917450754977453e-01
2.319718e+00  4.26499782312327810e-02  8.82994285558307279e-02  1.79804383556658287e-01
2.332394e+00  9.72006993448890078e-02  1.61609289921487903e-01  1.89605830256037250e-01
2.345070e+00  1.61304596135912054e-01  2.48412542117224855e-01  2.13139275137326056e-01
2.357746e+00  2.31242275333570113e-01  3.43866414295433520e-01  2.48123348818861583e-01
2.370423e+00  2.99105437766679916e-01  4.37459210758427974e-01  2.90718944478637054e-01
2.383099e+00  3.53494615449254868e-01  5.13878707473789942e-01  3.35780425381558945e-01
2.395775e+00  3.81773300573838237e-01  5.55986821160502909e-01  3.77874228204011287e-01
2.408451e+00  3.73506161584458651e-01  5.49424313784942608e-01  4.12669017766509716e-01
2.421127e+00  3.24034486532913502e-01  4.87451108230258445e-01  4.38037507171197327e-01
2.433803e+00  2.36859609616360683e-01  3.74231296235190636e-01  4.54214703398769792e-01
2.446479e+00  1.23810471194757327e-01  2.25166010592027843e-01  4.62706445335570760e-01
2.459155e+00  2.75155392367121537e-03  6.39163180619321952e-02  4.64285857527306556e-01
2.471831e+00 -1.06502834541695041e-01 -8.30172061591723381e-02  4.57064662661113064e-01
2.484507e+00 -1.86765817142074964e-01 -1.92424266591986637e-01  4.35852897618328128e-01
2.497183e+00 -2.27150999278977750e-01 -2.49348288530774564e-01  3.93554801013655586e-01
2.509859e+00 -2.24893375154821606e-01 -2.49598461959046447e-01  3.24332038979426307e-01
2.522535e+00 -1.85091450982155820e-01 -1.99491123816412180e-01  2.27226033708066877e-01
2.535211e+00 -1.18774392187803571e-01 -1.13348053525350642e-01  1.08476633803057346e-01
2.547887e+00 -4.00115668644778141e-02 -9.69834736777699588e-03 -1.87833376806252339e-02
2.560563e+00  3.71973151511166486e-02  9.28440405664836960e-02 -1.37620260092460006e-01
2.573239e+00  1.01616666441082512e-01  1.79189682812271239e-01 -2.32050264191478312e-01
2.585915e+00  1.46540969180862457e-01  2.40181605834802275e-01 -2.91560937716876356e-01
2.598592e+00  1.70303178947216444e-01  2.73342808056828479e-01 -3.13672409174030553e-01
2.611268e+00  1.75520324156128615e-01  2.81930260140191791e-01 -3.03764844041088611e-01
2.623944e+00  1.67472787739702256e-01  2.72807723515884226e-01 -2.72627150992086675e-01
2.636620e+00  1.52280427028303300e-01  2.54022550614199982e-01 -2.33035212494326821e-01
2.649296e+00  1.35486125980924105e-01  2.32912559719498286e-01 -1.96764364575189699e-01
2.661972e+00  1.21315661498838268e-01  2.15111909802581047e-01 -1.72850946529254590e-01
2.674648e+00  1.12488908469187660e-01  2.04291150319938636e-01 -1.67074092566147275e-01
2.687324e+00  1.10261218077646841e-01  2.02199299509551234e-01 -1.82033453520133642e-01
2.700000e+00  1.14447511136599109e-01  2.08675710008831478e-01 -2.17132340726919587e-01
2.712676e+00  1.23399597083761040e-01  2.21595643491601435e-01 -2.68181156118871722e-01
2.725352e+00  1.34081701192677344e-01  2.36949487943545978e-01 -3.26905327386843747e-01
2.738028e+00  1.42415070480662903e-01  2.49288845538458981e-01 -3.81020980116662189e-01
2.750704e+00  1.43956053794920186e-01  2.52627261076609821e-01 -4.15511923733114963e-01
2.763380e+00  1.34813645858717024e-01  2.41669827781801017e-01 -4.15300094172691592e-01
2.776056e+00  1.12579532845663979e-01  2.13068113407720666e-01 -3.68837324158506730e-01
2.788732e+00  7.69877924365009181e-02  1.66321454950660225e-01 -2.71559234992985954e-01
2.801408e+00  3.00734359009522494e-02  1.04012367053922111e-01 -1.27934108761030951e-01
2.814085e+00 -2.42392717633753106e-02  3.12769428559818291e-02  4.88153605677910177e-02
2.826761e+00 -8.09683078248865096e-02 -4.52948564770545986e-02  2.39414788949644602e-01
2.839437e+00 -1.35004583268353517e-01 -1.18900775632596656e-01  4.22803770400581758e-01
2.852113e+00 -1.81808422224745803e-01 -1.83457305587749780e-01  5.80485971001233780e-01
2.864789e+00 -2.17709125358602235e-01 -2.33994640683089616e-01  6.99547010319452101e-01
2.877465e+00 -2.39901458602293033e-01 -2.66640687806660392e-01  7.73635793982596187e-01
2.890141e+00 -2.46405167979243916e-01 -2.78561230767452928e-01  8.02168148847534290e-01
2.902817e+00 -2.36217951934664605e-01 -2.68180178693507965e-01  7.88695716335535701e-01
2.915493e+00 -2.09669204057912062e-01 -2.35695048747931513e-01  7.39452819586278398e-01
2.928169e+00 -1.68731533999888578e-01 -1.83546951000760711e-01  6.62596640067775078e-01
2.940845e+00 -1.16959446438770889e-01 -1.16371604357694378e-01  5.67959795074611251e-01
2.953521e+00 -5.88822446673625682e-02 -4.01759871684411254e-02  4.66683007642923309e-01
2.966197e+00  1.00533875451051477e-03  3.90600696007874990e-02  3.70147489459009327e-01
2.978873e+00  5.92342913656116882e-02  1.16753309243966846e-01  2.88126814398267761e-01
2.991549e+00  1.13854456245341157e-01  1.90369359733311982e-01  2.26709246437153344e-01
3.004225e+00  1.64157074793379432e-01  2.58986543459343355e-01  1.86907559349924479e-01
3.016901e+00  2.09728537550967570e-01  3.21960309061575578e-01  1.64718665998119879e-01
3.029577e+00  2.49296718665843381e-01  3.77384225218913849e-01  1.52758631509772314e-01
3.042254e+00  2.80002458926301823e-01  4.21224007998609262e-01  1.42817868824434729e-01
3.054930e+00  2.97612990313804060e-01  4.47743488709910598e-01  1.28219218154320108e-01
3.067606e+00  2.97802030066453893e-01  4.51244609186316925e-01  1.05022909593458447e-01
3.080282e+00  2.78084968254784237e-01  4.28474165618407121e-01  7.18337540400828117e-02
3.092958e+00  2.39551127931757202e-01  3.80628750842205210e-01  2.87895309914874067e-02
3.105634e+00  1.87437437652140215e-01  3.13944701825893291e-01 -2.32834847087996337e-02
3.118310e+00  1.29987803851160710e-01  2.38409053885370592e-01 -8.28328405769163251e-02
3.130986e+00  7.58459318160359941e-02  1.64947307818249206e-01 -1.46701796781636806e-01
3.143662e+00  3.10701231022656350e-02  1.02161054537540860e-01 -2.09178363618846563e-01
3.156338e+00 -2.75558177453234278e-03  5.39567573861016725e-02 -2.61945372996050807e-01
3.169014e+00 -2.82399674394712939e-02  1.90819509279158972e-02 -2.95456846910929161e-01
3.181690e+00 -4.97493603298565026e-02 -7.19758971687039627e-03 -3.01454789650820787e-01
3.194366e+00 -7.00530244010851288e-02 -2.99386595064848535e-02 -2.75673367485412601e-01
3.207042e+00 -8.78894852103244001e-02 -5.11593647594983381e-02 -2.19633783205576111e-01
3.219718e+00 -9.78496864402846611e-02 -6.76752416488794473e-02 -1.40835667704139716e-01
3.232394e+00 -9.26880525545787509e-02 -7.11499744623717567e-02 -5.12970075353692476e-02
3.245070e+00 -6.68236063732675217e-02 -5.06605995068567308e-02  3.50910032017762719e-02
3.257746e+00 -1.92200650944166877e-02  2.76940970503297169e-03  1.05724539086081662e-01
3.270423e+00  4.56440593496933653e-02  9.10137630260782621e-02  1.52307642296037021e-01
3.283099e+00  1.18810791158984963e-01  2.04966726168831853e-01  1.73105262111989483e-01
3.295775e+00  1.88960010097701997e-01  3.23901369679420126e-01  1.73777520431822347e-01
3.308451e+00  2.44481741624179350e-01  4.19287722426094689e-01  1.66235897849314695e-01
3.321127e+00  2.74972629881647668e-01  4.62739525188135548e-01  1.65408173311914458e-01
3.333803e+00  2.72416796700974906e-01  4.35814169450196465e-01  1.84612027907914061e-01
3.346479e+00  2.32611753313551745e-01  3.37963220307412993e-01  2.31054452290190615e-01
3.359155e+00  1.56979840135009180e-01  1.88968534390373089e-01  3.03236423199941096e-01
3.371831e+00  5.41383253147355234e-02  2.40542343278152826e-02  3.91410163918882503e-01
3.384507e+00 -5.98600500743920183e-02 -1.17107017061918395e-01  4.80917687880390021e-01
3.397183e+00 -1.63438596584759427e-01 -2.03507715135746087e-01  5.56934409462418900e-01
3.409859e+00 -2.33500455678597757e-01 -2.22989896591692549e-01  6.08600284591702678e-01
3.422535e+00 -2.50498060366471986e-01 -1.85677254353069560e-01  6.31032206764877257e-01
3.435211e+00 -2.03052451304494397e-01 -1.19716680059474709e-01  6.24912502904924727e-01
3.447887e+00 -9.08197847642456813e-02 -6.14724957484594076e-02  5.94492471926107324e-01
3.460563e+00  7.49919968594465469e-02 -4.41611703971878308e-02  5.45316998011534437e-01
3.473239e+00  2.73302594172984192e-01 -8.88711173314160052e-02  4.82647450129592925e-01
3.485915e+00  4.76448005907124772e-01 -2.00331918444671186e-01  4.10812870430524613e-01
3.498592e+00  6.54436502294684086e-01 -3.67675475490370218e-01  3.33103012409918742e-01
3.511268e+00  7.79634800953025731e-01 -5.68782616169346222e-01  2.51676819641412530e-01
3.523944e+00  8.31343826743854653e-01 -7.76164355912305037e-01  1.67265521484030649e-01
3.536620e+00  7.99543475274198556e-01 -9.62602033003458701e-01  7.88897308762734062e-02
3.549296e+00  6.86928772878148464e-01 -1.10549021892103605e+00 -1.59581447080559997e-02
3.561972e+00  5.08517679958514934e-01 -1.18950872215445558e+00 -1.20350279568151114e-01
3.574648e+00  2.88693026881589709e-01 -1.20767702255308262e+00 -2.36275678924141419e-01
3.587324e+00  5.63355580097094771e-02 -1.16106961910356543e+00 -3.62844952133151821e-01
3.600000e+00 -1.60696144447104616e-01 -1.05762253584791543e+00 -4.95096924375825642e-01
3.612676e+00 -3.40388381078541802e-01 -9.10553016273083493e-01 -6.24019523006129062e-01
3.625352e+00 -4.69745260842807821e-01 -7.36839091398295065e-01 -7.37967124201996061e-01
3.638028e+00 -5.45954783525725351e-01 -5.55901582253000237e-01 -8.25123684129336676e-01
3.650704e+00 -5.75655280131920355e-01 -3.88234131483373046e-01 -8.76250477650625248e-01
3.663380e+00 -5.72625308283647660e-01 -2.53531027288225408e-01 -8.86828097285290107e-01
3.676056e+00 -5.54314946558527755e-01 -1.68092559962673777e-01 -8.57894464584387006e-01
3.688732e+00 -5.37794157823635155e-01 -1.41874576500435723e-01 -7.95320470556605152e-01
3.701408e+00 -5.35932889002929680e-01 -1.76119515751070127e-01 -7.07805740163632846e-01
3.714085e+00 -5.54754106706639494e-01 -2.62624973005553264e-01 -6.04342556466580749e-01
3.726761e+00 -5.92681734603931476e-01 -3.85196138488182072e-01 -4.92117470642110755e-01
3.739437e+00 -6.41804268090447771e-01 -5.22926202480004654e-01 -3.75681238975258236e-01
3.752113e+00 -6.90542534711874767e-01 -6.54166951763541116e-01 -2.57715661484028691e-01
3.764789e+00 -7.26641874097960994e-01 -7.59848806042676572e-01 -1.41019341397236986e-01
3.777465e+00 -7.39474571015315552e-01 -8.25293044545153842e-01 -3.07199973108329277e-02
3.790141e+00 -7.21188607932880754e-01 -8.40522790837514133e-01  6.44902462938445054e-02
3.802817e+00 -6.66930653596814471e-01 -7.99806788069822971e-01  1.32956541862539274e-01
3.815493e+00 -5.74789674926771244e-01 -7.01358958078383887e-01  1.62581924671383299e-01
3.828169e+00 -4.46029976109461324e-01 -5.47713884046117094e-01  1.44488802290823476e-01
3.840845e+00 -2.85709222830067444e-01 -3.46603324939080248e-01  7.65015645417203571e-02
3.853521e+00 -1.03249414068959433e-01 -1.11613362680865899e-01 -3.48582929160755686e-02
3.866197e+00  8.77014450713564098e-02  1.38186601646631796e-01 -1.74648391869234615e-01
3.878873e+00  2.70570415573317735e-01  3.80072009021122870e-01 -3.22058645349718564e-01
3.891549e+00  4.28266176306117796e-01  5.90775417099785094e-01 -4.54535720449797120e-01
3.904225e+00  5.46121849649934377e-01  7.50199912436204985e-01 -5.52355886901941595e-01
3.916901e+00  6.14552434316801621e-01  8.44825141747092889e-01 -6.02470676378476067e-01
3.929577e+00  6.30689991142856399e-01  8.69963382842409483e-01 -6.00707181659061007e-01
3.942254e+00  5.98581973600652240e-01  8.30283288312643197e-01 -5.51863538324298131e-01
3.954930e+00  5.27936528597782950e-01  7.38393411632736418e-01 -4.67786941087873165e-01
3.967606e+00  4.31760443492398893e-01  6.11741133916446800e-01 -3.64042996430552268e-01
3.980282e+00  3.23512877822048128e-01  4.68590606951985456e-01 -2.56153112560053686e-01
3.992958e+00  2.14549229121986901e-01  3.24242453655112617e-01 -1.56464441325247477e-01
4.005634e+00  1.12578919787424819e-01  1.88708821592864229e-01 -7.24607596897391681e-02
4.018310e+00  2.15470573802852179e-02  6.65961651874441424e-02 -6.78605326177346337e-03
4.030986e+00 -5.71759528141227852e-02 -4.09329999661801891e-02  4.13652563067973336e-02
4.043662e+00 -1.22945581597410161e-01 -1.33171028257319884e-01  7.42796346735775520e-02
4.056338e+00 -1.74252631647594192e-01 -2.07384985183849790e-01  9.40503295695356567e-02
4.069014e+00 -2.08149490226918643e-01 -2.58135831365003343e-01  1.01792669402942751e-01
4.081690e+00 -2.20935349025295491e-01 -2.78802636279812666e-01  9.78690778830306751e-02
4.094366e+00 -2.09744154904119823e-01 -2.64630538990584363e-01  8.28086591677095751e-02
4.107042e+00 -1.74304996782270821e-01 -2.15868855162119816e-01  5.83816065986406743e-02
4.119718e+00 -1.18142145345725993e-01 -1.39495901637073427e-01  2.83092424863978336e-02
4.132394e+00 -4.87724974322988475e-02 -4.86389719599510384e-02 -1.72071445144772136e-03
4.145070e+00  2.31680841394229405e-02  4.02192305027500169e-02 -2.48098522886893089e-02
4.157746e+00  8.56572851983900957e-02  1.11244381859453040e-01 -3.42008989420000756e-02
4.170423e+00  1.27520484970085474e-01  1.52991860309154154e-01 -2.48436253191040082e-02
4.183099e+00  1.40739948090984335e-01  1.60553128973040166e-01  5.31846845112014712e-03
4.195775e+00  1.22363983689076389e-01  1.35445689639123651e-01  5.47786531324724810e-02
4.208451e+00  7.55387416311941451e-02  8.35043075717439159e-02  1.18798538413104171e-01
4.221127e+00  9.30824632155850817e-03  1.18186880024008754e-02  1.90450789304604184e-01
4.233803e+00 -6.28867779167674723e-02 -7.39113558648650942e-02  2.61879371397294558e-01
4.246479e+00 -1.25708303353126133e-01 -1.70504597114347373e-01  3.25243395416076775e-01
4.259155e+00 -1.64815938999072709e-01 -2.76554554205366510e-01  3.73086220738079566e-01
4.271831e+00 -1.69470268848994771e-01 -3.90326913735855041e-01  3.98309588911455237e-01
4.284507e+00 -1.34315819048399954e-01 -5.07416993041378661e-01  3.94254405424020904e-01
4.297183e+00 -6.01143080483839201e-02 -6.19371278728359620e-01  3.55373194633239575e-01
4.309859e+00  4.65174787520349423e-02 -7.14039756078669763e-01  2.78612174139015512e-01
4.322535e+00  1.74153042346872955e-01 -7.77692719398281551e-01  1.65114127898787183e-01
4.335211e+00  3.08149162225927697e-01 -7.98232374990888838e-01  2.15062230758349925e-02
4.347887e+00  4.32590019807817472e-01 -7.68423942548957628e-01 -1.39947229670483203e-01
4.360563e+00  5.32404403222478173e-01 -6.88076477670552134e-01 -3.02673779527829756e-01
4.373239e+00  5.95441029586970205e-01 -5.64471026229034667e-01 -4.48409624321621791e-01
4.385915e+00  6.14221304784039690e-01 -4.10907130014902033e-01 -5.60450808876289952e-01
4.398592e+00  5.87053535862458453e-01 -2.43825120898939152e-01 -6.26681204540094572e-01
4.411268e+00  5.18239125992227434e-01 -7.93827600985118897e-02 -6.41607638917652157e-01
4.423944e+00  4.17245925273527163e-01  6.95064213309409817e-02 -6.06937405943832720e-01
4.436620e+00  2.96941655687282091e-01  1.94871318647505593e-01 -5.30633266321272834e-01
4.449296e+00  1.71213971596188452e-01  2.93787133765950392e-01 -4.24760894971956404e-01
4.461972e+00  5.24804990556076364e-02  3.67116212635823891e-01 -3.02716194321146714e-01
4.474648e+00 -5.03540220365757407e-02  4.17550820651564458e-01 -1.76528467778461540e-01
4.487324e+00 -1.33039341911116021e-01  4.47760852680132715e-01 -5.48599783925983880e-02
4.500000e+00 -1.96007190692038369e-01  4.59260608331678755e-01  5.79094861108848391e-02
4.512676e+00 -2.43378494634542503e-01  4.52214007689458186e-01  1.61436815348898449e-01
4.525352e+00 -2.81310353012694525e-01  4.26003082986704529e-01  2.58226433345961848e-01
4.538028e+00 -3.16171967207661331e-01  3.80167371251065145e-01  3.51910580456769873e-01
4.550704e+00 -3.52990122963737885e-01  3.15337765854735941e-01  4.45473778685195554e-01
4.563380e+00 -3.94418059063551485e-01  2.33956604046634958e-01  5.39841283501361291e-01
4.576056e+00 -4.40260830436952078e-01  1.40744715529352526e-01  6.33122179582028988e-01
4.588732e+00 -4.87450074115758802e-01  4.29270504794158902e-02  7.20635106543922710e-01
4.601408e+00 -5.30358386523015923e-01 -4.98485928087539429e-02  7.95675375008153551e-01
4.614085e+00 -5.61440085747805351e-01 -1.26072177605505431e-01  8.50827955497819421e-01
4.626761e+00 -5.72271399821303040e-01 -1.73589970127815851e-01  8.79517391416133942e-01
4.639437e+00 -5.55032663380850333e-01 -1.81497363316539539e-01  8.77441062018648577e-01
4.652113e+00 -5.04301871241660371e-01 -1.42437910380250027e-01  8.43572236226272754e-01
4.664789e+00 -4.18794743021393634e-01 -5.47693497189637307e-02  7.80532807983041699e-01
4.677465e+00 -3.02535504429467805e-01  7.60556002597047309e-02  6.94284624084565039e-01
4.690141e+00 -1.64990768059964654e-01  2.37426802857657854e-01  5.93227839066555296e-01
4.702817e+00 -1.99597912986103285e-02  4.11044257837716531e-01  4.86895158422927521e-01
4.715493e+00  1.16610675948557313e-01  5.75713108990727029e-01  3.84486426554506378e-01
4.728169e+00  2.29384881530953599e-01  7.10892034392720973e-01  2.93507231317015116e-01
4.740845e+00  3.06302841645711477e-01  8.00202090432078350e-01  2.18762501148640098e-01
4.753521e+00  3.40530634736946891e-01  8.34094534934922138e-01  1.61902366905042200e-01
4.766197e+00  3.31289902636899170e-01  8.11078826880023418e-01  1.21610173285904857e-01
4.778873e+00  2.83457104688439820e-01  7.37276212689354615e-01  9.43675559055371371e-02
4.791549e+00  2.06119076780640703e-01  6.24498754099157782e-01  7.55690480279321286e-02
4.804225e+00  1.10505129880928338e-01  4.87438909470996107e-01  6.06545861121369906e-02
4.816901e+00  7.84214886913964758e-03  3.40769184422073934e-01  4.59411705577096804e-02
4.829577e+00 -9.23382153690007895e-02  1.96912556624328966e-01  2.89764367590535123e-02
4.842254e+00 -1.83085097300045962e-01  6.49527462411384343e-02  8.45220650119179670e-03
4.854930e+00 -2.60042863258145851e-01 -4.92898545599432802e-02 -1.60974158390666255e-02
4.867606e+00 -3.20838988992302176e-01 -1.42412181197385607e-01 -4.45299112287908805e-02
4.880282e+00 -3.64287881505802325e-01 -2.12434155134563457e-01 -7.60823113587668354e-02
4.892958e+00 -3.89850238938808380e-01 -2.58218463539202747e-01 -1.09151751025240537e-01
4.905634e+00 -3.97585893971560855e-01 -2.79561473129317728e-01 -1.41111283126177406e-01
4.918310e+00 -3.88539071519344859e-01 -2.77810192438530779e-01 -1.68469398987749042e-01
4.930986e+00 -3.65245754954285518e-01 -2.56548382827340882e-01 -1.87553448327530153e-01
4.943662e+00 -3.31967343128538483e-01 -2.21810651508722284e-01 -1.95627411074089042e-01
4.956338e+00 -2.94359731039848860e-01 -1.81457053574227645e-01 -1.92080335529528023e-01
4.969014e+00 -2.58520162936584474e-01 -1.43692563469065032e-01 -1.79191749306373743e-01
4.981690e+00 -2.29608636839595398e-01 -1.15097817840432770e-01 -1.62073020487237374e-01
4.994366e+00 -2.10421957261008929e-01 -9.87956127458145678e-02 -1.47665892792994830e-01
5.007042e+00 -2.00359072153495521e-01 -9.34091450675304663e-02 -1.43027148623385808e-01
5.019718e+00 -1.95153127165732881e-01 -9.32567861722045921e-02 -1.53392785714826785e-01
5.032394e+00 -1.87579769073617536e-01 -8.98460256846631972e-02 -1.80595168225989949e-01
5.045070e+00 -1.69111940271607614e-01 -7.43069043628527548e-02 -2.22289503220103879e-01
5.057746e+00 -1.32218400198400643e-01 -4.00854146327770527e-02 -2.72198175592793135e-01
5.070423e+00 -7.27598408170243016e-02  1.48946556986419808e-02 -3.21303787350360803e-01
5.083099e+00  8.19049002851479982e-03  8.72611918374474882e-02 -3.59700033068706959e-01
5.095775e+00  1.03706005945296206e-01  1.68737689016285219e-01 -3.78686203960786283e-01
5.108451e+00  2.01862748902779027e-01  2.48081818236452867e-01 -3.72666257366596088e-01
5.121127e+00  2.87970721647145211e-01  3.13880009258369896e-01 -3.40466537815532599e-01
5.133803e+00  3.47619840656145096e-01  3.57393506508032088e-01 -2.85797683196671648e-01
5.146479e+00  3.69710993940372545e-01  3.74628620311406757e-01 -2.16743361935106404e-01
5.159155e+00  3.48655668290614451e-01  3.67043788060143483e-01 -1.44347758064624992e-01
5.171831e+00  2.85217258940099805e-01  3.40738842458739311e-01 -8.05682835720624158e-02
5.184507e+00  1.85913806973972584e-01  3.04452239665949587e-01 -3.60155621534824361e-02
5.197183e+00  6.13278657311820130e-02  2.67049816260260697e-01 -1.79698762149191546e-02
5.209859e+00 -7.60788128093294463e-02  2.35297452574859456e-01 -2.91099535770659237e-02
5.222535e+00 -2.14034568465243602e-01  2.12541218857928066e-01 -6.72205676786009065e-02
5.235211e+00 -3.41984918827112794e-01  1.98553955599690052e-01 -1.25905147647819071e-01
5.247887e+00 -4.51922922611698530e-01  1.90400203572129723e-01 -1.96089239514607744e-01
5.260563e+00 -5.38602807233053427e-01  1.83876657873137839e-01 -2.67928849791804147e-01
5.273239e+00 -5.99336869248687454e-01  1.74993955033429766e-01 -3.32676416892683735e-01
5.285915e+00 -6.33576817916091550e-01  1.61074098227937973e-01 -3.84110886675726071e-01
5.298592e+00 -6.42415615847713894e-01  1.41262218349532953e-01 -4.19278880540687626e-01
5.311268e+00 -6.28081521758213079e-01  1.16477816721732685e-01 -4.38475884453031040e-01
5.323944e+00 -5.93471073162161300e-01  8.89727973601219108e-02 -4.44572727080889629e-01
5.336620e+00 -5.41774216227113858e-01  6.16961719278731752e-02 -4.41923981521620490e-01
5.349296e+00 -4.76246044568138349e-01  3.76219457595772175e-02 -4.35155861028926505e-01
5.361972e+00 -4.00146530119249055e-01  1.91375912251339347e-02 -4.28114405818298682e-01
5.374648e+00 -3.16805325334641064e-01  7.56029515554615394e-03 -4.23172434964950106e-01
5.387324e+00 -2.29707143482205084e-01  2.85159056055883913e-03 -4.20975613098999557e-01
5.400000e+00 -1.42475023375241927e-01  3.60840971455529897e-03 -4.20592624274793658e-01
5.412676e+00 -5.86715390414229016e-02  7.38181080729413165e-03 -4.19954000084552304e-01
5.425352e+00  1.85755222236812720e-02  1.12971777238031600e-02 -4.16432707748673969e-01
5.438028e+00  8.70258814722633250e-02  1.28429593566166886e-02 -4.07431284630815627e-01
5.450704e+00  1.45705709033532360e-01  1.06077805549939647e-02 -3.90875961595479049e-01
5.463380e+00  1.95062946086977773e-01  4.72635992735065489e-03 -3.65558116773199715e-01
5.476056e+00  2.36806179183724375e-01 -3.13569502940224494e-03 -3.31297350869764806e-01
5.488732e+00  2.73425205927070425e-01 -1.02887101618992591e-02 -2.88927761198301547e-01
5.501408e+00  3.07488400498102221e-01 -1.38900109597718882e-02 -2.40132294032675081e-01
5.514085e+00  3.40886518359872104e-01 -1.19330971070210137e-02 -1.87169970615010645e-01
5.526761e+00  3.74221811849762498e-01 -4.06788493110237653e-03 -1.32553743309619249e-01
5.539437e+00  4.06514717040121931e-01  7.98977119939343894e-03 -7.87382481965824138e-02
5.552113e+00  4.35322944785710819e-01  2.05898428977703135e-02 -2.78660216420648886e-02
5.564789e+00  4.57260011276829859e-01  2.88101828764650326e-02  1.83987066777334986e-02
5.577465e+00  4.68793310588792478e-01  2.75024925078383477e-02  5.89420137487427706e-02
5.590141e+00  4.67126820883803029e-01  1.24771367780098907e-02  9.31911414092415902e-02
5.602817e+00  4.50950748558774872e-01 -1.84582854617656236e-02  1.21050410224997768e-01
5.615493e+00  4.20874950566542061e-01 -6.48625861746220667e-02  1.42812587640130051e-01
5.628169e+00  3.79444170759620669e-01 -1.23588176128424765e-01  1.59069749618288625e-01
5.640845e+00  3.30737887195096891e-01 -1.89293781022600444e-01  1.70632904687563897e-01
5.653521e+00  2.79657866256594001e-01 -2.55417568737327627e-01  1.78453564182450730e-01
5.666197e+00  2.31076602664243569e-01 -3.15372859704695030e-01  1.83531911257977631e-01
5.678873e+00  1.89042358867948845e-01 -3.63683053696906233e-01  1.86802281194921010e-01
5.691549e+00  1.56208167461564962e-01 -3.96806083548626898e-01  1.89007220687376021e-01
5.704225e+00  1.33584333186409610e-01 -4.13497071430076468e-01  1.90595343382689686e-01
5.716901e+00  1.20628255581657753e-01 -4.14685931463396440e-01  1.91689333912141546e-01
5.729577e+00  1.15606833126430594e-01 -4.02964561254051223e-01  1.92157876137013822e-01
5.742254e+00  1.16115405300967631e-01 -3.81854172834008576e-01  1.91789333028045988e-01
5.754930e+00  1.19621974252951027e-01 -3.55042470023207768e-01  1.90519300262357860e-01
5.767606e+00  1.23923779181283097e-01 -3.25749412833253926e-01  1.88630824603020331e-01
5.780282e+00  1.27444193722182492e-01 -2.96319838184946172e-01  1.86843114965930590e-01
5.792958e+00  1.29346121669137309e-01 -2.68074056388428184e-01  1.86236598012233745e-01
5.805634e+00  1.29480002022130891e-01 -2.41392020371245575e-01  1.88019244578107231e-01
5.818310e+00  1.28211749809205328e-01 -2.15970624545280931e-01  1.93199421235045632e-01
5.830986e+00  1.26185532105778153e-01 -1.91173813199141202e-01  2.02269248939955265e-01
5.843662e+00  1.24071777009101367e-01 -1.66386859637195600e-01  2.15003968310294002e-01
5.856338e+00  1.22340369775931948e-01 -1.41290104957856155e-01  2.30446588084437992e-01
5.869014e+00  1.21089503833364129e-01 -1.15987384012854827e-01  2.47086929353858537e-01
5.881690e+00  1.19954657257799482e-01 -9.09639513609287048e-02  2.63183347699927628e-01
5.894366e+00  1.18117399951938790e-01 -6.69038127176889291e-02  2.77135959731026560e-01
5.907042e+00  1.14423931156435510e-01 -4.44477883633952395e-02  2.87812990094556131e-01
5.919718e+00  1.07603980403777930e-01 -2.39960577292238353e-02  2.94754703338067803e-01
5.932394e+00  9.65555646598428158e-02 -5.63765713963990979e-03  2.98220128964309328e-01
5.945070e+00  8.06398551978017575e-02  1.07703114213283414e-02  2.99084249801731539e-01
5.957746e+00  5.99229980004166579e-02  2.54219224870817460e-02  2.98625091105213680e-01
5.970423e+00  3.53125596321650220e-02  3.83730701762008825e-02  2.98256049729792916e-01
5.983099e+00  8.55990415814089460e-03  4.94326041603899077e-02  2.99259436643890708e-01
5.995775e+00 -1.78757677682764050e-02  5.81762928579634894e-02  3.02566939618952702e-01
6.008451e+00 -4.10891098223696086e-02  6.40637565205425946e-02  3.08617062348147009e-01
6.021127e+00 -5.80929414000163069e-02  6.65949146622120680e-02  3.17302719103746522e-01
6.033803e+00 -6.62500332332653513e-02  6.54378271155135471e-02  3.28006832154419670e-01
6.046479e+00 -6.37171090419300229e-02  6.04881995467989042e-02  3.39711670795836029e-01
6.059155e+00 -4.98216707905242903e-02  5.18602132801743720e-02  3.51159014758611610e-01
6.071831e+00 -2.52800423478988755e-02  3.98377872416192449e-02  3.61032711768252024e-01
6.084507e+00  7.81808728771864192e-03  2.48238341802907506e-02  3.68133010016503615e-01
6.097183e+00  4.62825710431045007e-02  7.31513756496213370e-03  3.71513898159487765e-01
6.109859e+00  8.63068845157810849e-02 -1.20867373946564032e-02  3.70561636879328471e-01
6.122535e+00  1.24055940763957831e-01 -3.26348377972818515e-02  3.65005013146208535e-01
6.135211e+00  1.56224523002704285e-01 -5.33863480387088210e-02  3.54863680210499355e-01
6.147887e+00  1.80452008360795529e-01 -7.31695709502450109e-02  3.40356143093595687e-01
6.160563e+00  1.95530348295304385e-01 -9.05955597358385212e-02  3.21798369072563428e-01
6.173239e+00  2.01401117445599548e-01 -1.04133312304803688e-01  2.99523676140726558e-01
6.185915e+00  1.98980824951300789e-01 -1.12251033229477590e-01  2.73844162788107082e-01
6.198592e+00  1.89873075879113506e-01 -1.13606343784097355e-01  2.45057233545057651e-01
6.211268e+00  1.76027231635701276e-01 -1.07253399647600611e-01  2.13484069144962124e-01
6.223944e+00  1.59396750847069724e-01 -9.28280812423983442e-02  1.79516800978255564e-01
6.236620e+00  1.41644367563791562e-01 -7.06732533804299429e-02  1.43651227803472448e-01
6.249296e+00  1.23935758100138266e-01 -4.18732904089291827e-02  1.06490822095346771e-01
6.261972e+00  1.06852232657389704e-01 -8.17855517400489090e-03  6.87208787154146850e-02
6.274648e+00  9.04326611157115906e-02  2.81834145810826442e-02  3.10631652570731304e-02
6.287324e+00  7.43284089339607823e-02  6.47903781235057430e-02 -5.77355052311115564e-03
6.300000e+00  5.80294987541128404e-02  9.93556880369114714e-02 -4.11343972307880029e-02
6.312676e+00  4.11039113858362448e-02  1.30040873510273547e-01 -7.44456435108199616e-02
6.325352e+00  2.33908180269477850e-02  1.55681137008818526e-01 -1.05231554208822575e-01
6.338028e+00  5.10194201558844453e-03  1.75871594874507653e-01 -1.33128981038981575e-01
6.350704e+00 -1.31912209954737417e-02  1.90897390758898833e-01 -1.57906504026350536e-01
6.363380e+00 -3.06776256218594945e-02  2.01531427214529379e-01 -1.79488539655982993e-01
6.376056e+00 -4.64998289645957921e-02  2.08755067800271560e-01 -1.97977350307901256e-01
6.388732e+00 -5.99664040046566857e-02  2.13471973379262603e-01 -2.13661347326215889e-01
6.401408e+00 -7.07246313235568996e-02  2.16281625810206435e-01 -2.26999103219969911e-01
6.414085e+00 -7.88457778142432342e-02  2.17360255381198242e-01 -2.38575181046689039e-01
6.426761e+00 -8.48014183240521219e-02  2.16469385157389893e-01 -2.49032938885947686e-01
6.439437e+00 -8.93412885327045936e-02  2.13081958230146806e-01 -2.58996453826979833e-01
6.452113e+00 -9.33095712193720978e-02  2.06588126460584443e-01 -2.68996262551565779e-01
6.464789e+00 -9.74496979989366852e-02  1.96524074925734510e-01 -2.79411687588411062e-01
6.477465e+00 -1.02245404831379935e-01  1.82763804634931581e-01 -2.90437672458083218e-01
6.490141e+00 -1.07831145536980436e-01  1.65626614720265741e-01 -3.02078870207353689e-01
6.502817e+00 -1.13985219640970636e-01  1.45877714893617838e-01 -3.14169802478062254e-01
6.515493e+00 -1.20200129917411760e-01  1.24627819220383074e-01 -3.26416747101385962e-01
6.528169e+00 -1.25809410503229108e-01  1.03160601760127396e-01 -3.38453966040121124e-01
6.540845e+00 -1.30140174465472047e-01  8.27290036129994799e-02 -3.49904306496534645e-01
6.553521e+00 -1.32657690348262358e-01  6.43628717098464198e-02 -3.60432748728213515e-01
6.566197e+00 -1.33072811285089271e-01  4.87242265265843827e-02 -3.69782233189540732e-01
6.578873e+00 -1.31393637351708448e-01  3.60346265113557149e-02 -3.77785154463932404e-01
6.591549e+00 -1.27916628703775737e-01  2.60834722677623261e-02 -3.84350283471328935e-01
6.604225e+00 -1.23165468901905481e-01  1.83094956227013127e-02 -3.89431092989460714e-01
6.616901e+00 -1.17794579294545607e-01  1.19331011364536745e-02 -3.92985854479980856e-01
6.629577e+00 -1.12477788965306399e-01  6.10844209684066695e-03 -3.94941416045595683e-01
6.642254e+00 -1.07803015592620274e-01  6.46813833364658276e-05 -3.95170727439949576e-01
6.654930e+00 -1.04191293016512018e-01 -6.78567837343237341e-03 -3.93490154070523956e-01
6.667606e+00 -1.01852883688875753e-01 -1.47829678794700412e-02 -3.89677915882114867e-01
6.680282e+00 -1.00785603805298926e-01 -2.40035865764568548e-02 -3.83509781893483392e-01
6.692958e+00 -1.00811486788071489e-01 -3.42865827786656141e-02 -3.74803273351971389e-01
6.705634e+00 -1.01638908733570135e-01 -4.52965453487371023e-02 -3.63458964686483144e-01
6.718310e+00 -1.02932504917576551e-01 -5.66122612844230794e-02 -3.49487795501418341e-01
6.730986e+00 -1.04374711186849184e-01 -6.78246302415530938e-02 -3.33016673683365072e-01
6.743662e+00 -1.05708329380518218e-01 -7.86230957321495671e-02 -3.14270859601112673e-01
6.756338e+00 -1.06757228429109646e-01 -8.88512722598789884e-02 -2.93538363158587445e-01
6.769014e+00 -1.07429725855147692e-01 -9.85188529653447109e-02 -2.71125706098979069e-01
6.781690e+00 -1.07712115557972776e-01 -1.07767999389655436e-01 -2.47315155856976943e-01
6.794366e+00 -1.07658317121013411e-01 -1.16805510516616265e-01 -2.22331785806919202e-01
6.807042e+00 -1.07379265534735424e-01 -1.25819780530246811e-01 -1.96325387708393445e-01
6.819718e+00 -1.07032825045987712e-01 -1.34902168010668316e-01 -1.69369117501735916e-01
6.832394e+00 -1.06812162122505355e-01 -1.43989818273900089e-01 -1.41475009311090694e-01
6.845070e+00 -1.06930005160751920e-01 -1.52841121877574038e-01 -1.12624822125555205e-01
6.857746e+00 -1.07596739587335025e-01 -1.61046911733007808e-01 -8.28117122181909332e-02
6.870423e+00 -1.08990558946101962e-01 -1.68075167544121662e-01 -5.20848694974106463e-02
6.883099e+00 -1.11221051206462682e-01 -1.73342925089467026e-01 -2.05869341846884844e-02
6.895775e+00 -1.14293291917880235e-01 -1.76303207289146752e-01  1.14260767915269866e-02
6.908451e+00 -1.18082972818483525e-01 -1.76531677135208148e-01  4.35888316202884402e-02
6.921127e+00 -1.22332853588850002e-01 -1.73798608092140067e-01  7.54541766248513907e-02
6.933803e+00 -1.26676271153776249e-01 -1.68112856707001629e-01  1.06536910865957721e-01
6.946479e+00 -1.30683613052019393e-01 -1.59728783541375208e-01  1.36363219411061803e-01
6.959155e+00 -1.33918194778614857e-01 -1.49115847686524861e-01  1.64515021976331000e-01
6.971831e+00 -1.35985894006367097e-01 -1.36897054673348423e-01  1.90661739747440967e-01
6.984507e+00 -1.36567298673431425e-01 -1.23766328208068779e-01  2.14576988730590640e-01
6.997183e+00 -1.35428781431966877e-01 -1.10399634977956254e-01  2.36141265236518016e-01
7.009859e+00 -1.32417661532150371e-01 -9.73751889791376474e-02  2.55333341589600360e-01
7.022535e+00 -1.27451142025643754e-01 -8.51135351366829329e-02  2.72214090720720947e-01
7.035211e+00 -1.20506550214382613e-01 -7.38452932099122605e-02  2.86906243950581341e-01
7.047887e+00 -1.11616413965834105e-01 -6.36104721215803026e-02  2.99572506997047461e-01
7.060563e+00 -1.00868897174973396e-01 -5.42859486889023524e-02  3.10394149726114010e-01
7.073239e+00 -8.84111782491901754e-02 -4.56337876090095948e-02  3.19551763043504744e-01
7.085915e+00 -7.44524242626508626e-02 -3.73621865583769405e-02  3.27208636814020792e-01
7.098592e+00 -5.92644594370418387e-02 -2.91878058145484363e-02  3.33496916506554164e-01
7.111268e+00 -4.31783960528427865e-02 -2.08882174802837543e-02  3.38507186084259559e-01
7.123944e+00 -2.65749588783374645e-02 -1.23377139392114483e-02  3.42282215774963983e-01
7.136620e+00 -9.86774321473568583e-03 -3.52198817253771999e-03  3.44816374837038753e-01
7.149296e+00  6.51995316680479588e-03  5.47016893890531382e-03  3.46063036597656359e-01
7.161972e+00  2.21837111542277400e-02  1.44736748191924350e-02  3.45950843088640492e-01
7.174648e+00  3.67690745228308954e-02  2.32849635790812054e-02  3.44406736056118934e-01
7.187324e+00  5.00004452541606692e-02  3.17037538734615057e-02  3.41380751170465513e-01
7.200000e+00  6.17035633144067883e-02  3.95703265250152356e-02  3.36865141853172290e-01
7.212676e+00  7.18174489284867656e-02  4.67909324713542338e-02  3.30900902438587885e-01
7.225352e+00  8.03917816563738258e-02  5.33486047444552830e-02  3.23569448755071709e-01
7.238028e+00  8.75687656938527043e-02  5.92983415622469895e-02  3.14972940185989481e-01
7.250704e+00  9.35523726023734237e-02  6.47469617672441350e-02  3.05210643270514004e-01
7.263380e+00  9.85704684025078132e-02  6.98226687960272624e-02  2.94359539625265287e-01
7.276056e+00  1.02838063329860105e-01  7.46418539147519211e-02  2.82464142179069566e-01
7.288732e+00  1.06530234120647965e-01  7.92804699601070001e-02  2.69535680155987833e-01
7.301408e+00  1.09769040001735971e-01  8.37578391329520944e-02  2.55558231948813552e-01
7.314085e+00  1.12623962064905575e-01  8.80377429838707232e-02  2.40499302290129113e-01
7.326761e+00  1.15122079575321556e-01  9.20448739720409748e-02  2.24323573995293762e-01
7.339437e+00  1.17261927088005938e-01  9.56907600105720429e-02  2.07009633719206054e-01
7.352113e+00  1.19026149288475852e-01  9.89016620412171005e-02  1.88568192131843226e-01
7.364789e+00  1.20391585807658338e-01  1.01640087026916473e-01  1.69057709484593394e-01
7.377465e+00  1.21336865961058540e-01  1.03914588470024119e-01  1.48592503501108170e-01
7.390141e+00  1.21847760553214987e-01  1.05777064321261466e-01  1.27339831300006617e-01
7.402817e+00  1.21920765089076386e-01  1.07308965675761037e-01  1.05505858466164532e-01
7.415493e+00  1.21564394629421743e-01  1.08600047837934824e-01  8.33149112078250681e-02
7.428169e+00  1.20797641477310008e-01  1.09725339129955829e-01  6.09882859705175723e-02
7.440845e+00  1.19646785986697327e-01  1.10725419146943643e-01  3.87273451152982257e-02
7.453521e+00  1.18141670108759117e-01  1.11593993014433623e-01  1.67034706692501464e-02
7.466197e+00  1.16311521044741670e-01  1.12275482915847477e-01 -4.94498054739670248e-03
7.478873e+00  1.14180722007194660e-01  1.12672330208993587e-01 -2.61106862709492363e-02
7.491549e+00  1.11764578743345083e-01  1.12659482110717329e-01 -4.67118576972862173e-02
7.504225e+00  1.09065209286704698e-01  1.12103048903761784e-01 -6.66839603905291650e-02
7.516901e+00  1.06069656349898553e-01  1.10879557042752694e-01 -8.59704478545721962e-02
7.529577e+00  1.02752020685311113e-01  1.08892890375686641e-01 -1.04514432887290565e-01
7.542254e+00  9.90789136801807774e-02  1.06087422848248097e-01 -1.22252375713262168e-01
7.554930e+00  9.50168160259574901e-02  1.02455545428601608e-01 -1.39111074792559686e-01
7.567606e+00  9.05393012437234884e-02  9.80380051639903743e-02 -1.55008283695432847e-01
7.580282e+00  8.56315168700078760e-02  9.29170971525235256e-02 -1.69855348357691283e-01
7.592958e+00  8.02918403227327743e-02  8.72033618150659801e-02 -1.83560810312362349e-01
7.605634e+00  7.45323678170908832e-02  8.10178855991684488e-02 -1.96034893387838693e-01
7.618310e+00  6.83785404468789382e-02  7.44747799450014292e-02 -2.07194049232348937e-01
7.630986e+00  6.18682330236542469e-02  6.76676949295701713e-02 -2.16965127509526845e-01
7.643662e+00  5.50510780790225002e-02  6.06621766349044189e-02 -2.25289620578066396e-01
7.656338e+00  4.79874994013873568e-02  5.34950747713740724e-02 -2.32127613922317511e-01
7.669014e+00  4.07476154718463060e-02  4.61798889249286706e-02 -2.37461148444368775e-01
7.681690e+00  3.34112940367186778e-02  3.87148401911879408e-02 -2.41297648875146153e-01
7.694366e+00  2.60685293996845494e-02  3.10922219139744931e-02 -2.43672871965285920e-01
7.707042e+00  1.88182473511487765e-02  2.33083323392446577e-02 -2.44651560948720620e-01
7.719718e+00  1.17647675462135212e-02  1.53720608863426658e-02 -2.44324641328038689e-01
7.732394e+00  5.01105000740355213e-03  7.31158639442221463e-03 -2.42802333056623104e-01
7.745070e+00 -1.35092429895367853e-03 -8.20919386958710333e-04 -2.40203562990851383e-01
7.757746e+00 -7.24964079178067218e-03 -8.94889432502811964e-03 -2.36644257006957737e-01
7.770423e+00 -1.26410300888042098e-02 -1.69762905073169226e-02 -2.32227522681979048e-01
7.783099e+00 -1.75120812990362737e-02 -2.47962644291527291e-02 -2.27037245842194008e-01
7.795775e+00 -2.18801679641485551e-02 -3.23029062343299506e-02 -2.21135483809174693e-01
7.808451e+00 -2.57886143803158566e-02 -3.94041272451722546e-02 -2.14562916757519456e-01
7.821127e+00 -2.93000535086288989e-02 -4.60315145538482823e-02 -2.07340963595779637e-01
7.833803e+00 -3.24878014389042499e-02 -5.21451647784867273e-02 -1.99475105958758003e-01
7.846479e+00 -3.54259980456012591e-02 -5.77333705654608439e-02 -1.90959687186480515e-01
7.859155e+00 -3.81805481021082888e-02 -6.28063707696245865e-02 -1.81784181035623910e-01
7.871831e+00 -4.08018767070230312e-02 -6.73858656293594011e-02 -1.71940709669392011e-01
7.884507e+00 -4.33204728818811224e-02 -7.14942196254385043e-02 -1.61431811460730518e-01
7.897183e+00 -4.57464478379981526e-02 -7.51453920811694653e-02 -1.50276751776273171e-01
7.909859e+00 -4.80720234991176762e-02 -7.83393257895732276e-02 -1.38515525504842557e-01
7.922535e+00 -5.02752699399512878e-02 -8.10618544331254964e-02 -1.26210327718929649e-01
7.935211e+00 -5.23249329753717601e-02 -8.32891022701860162e-02 -1.13444087715170450e-01
7.947887e+00 -5.41855364689201383e-02 -8.49940594181792242e-02 -1.00316408250851058e-01
7.960563e+00 -5.58219113940496697e-02 -8.61542459705810920e-02 -8.69374669330820055e-02
7.973239e+00 -5.72037899575079251e-02 -8.67585446536478649e-02 -7.34197453570886310e-02
7.985915e+00 -5.83096989233020807e-02 -8.68116263964333196e-02 -5.98687190542287959e-02
7.998592e+00 -5.91283047613921225e-02 -8.63365662023274777e-02 -4.63750529513550294e-02
8.011268e+00 -5.96575425157060621e-02 -8.53755541060924328e-02 -3.30097574914176919e-02
8.023944e+00 -5.99022728883951555e-02 -8.39879223104498251e-02 -1.98231205189721982e-02
8.036620e+00 -5.98706347828466892e-02 -8.22458626271820731e-02 -6.84799955831681077e-03
8.049296e+00 -5.95709499030801642e-02 -8.02275347128795085e-02  5.89429745610090330e-03
8.061972e+00 -5.90104926473605795e-02 -7.80075927309030887e-02  1.83879932727490335e-02
8.074648e+00 -5.81949167145227181e-02 -7.56476830669652739e-02  3.06168583969890565e-02
8.087324e+00 -5.71278903334195010e-02 -7.31890882944023630e-02  4.25583300645966112e-02
8.100000e+00 -5.58114180474781549e-02 -7.06488144437786014e-02  5.41787104822790272e-02
8.112676e+00 -5.42461754962006854e-02 -6.80211787082631858e-02  6.54293595897782881e-02
8.125352e+00 -5.24321015781297958e-02 -6.52844503064955589e-02  7.62446413324049527e-02
8.138028e+00 -5.03704732066435276e-02 -6.24097135528292532e-02  8.65441371268150933e-02
8.150704e+00 -4.80667320909217086e-02 -5.93706635298809141e-02  9.62392577587695142e-02
8.163380e+00 -4.55328018957218486e-02 -5.61522151644001516e-02  1.05241955477579516e-01
8.176056e+00 -4.27889177540219587e-02 -5.27545104824420144e-02  1.13473891711920280e-01
8.188732e+00 -3.98644180012894395e-02 -4.91923321137884978e-02  1.20873745215535969e-01
8.201408e+00 -3.67966830065235423e-02 -4.54910239233834793e-02  1.27400147196377073e-01
8.214085e+00 -3.36287072912158438e-02 -4.16787975386587115e-02  1.33031099695986921e-01
8.226761e+00 -3.04056202969372330e-02 -3.77785761384433483e-02  1.37762020062099394e-01
8.239437e+00 -2.71698701320289490e-02 -3.38033359712297116e-02  1.41602991238694437e-01
8.252113e+00 -2.39559102156720674e-02 -2.97549801074283131e-02  1.44576363891568638e-01
8.264789e+00 -2.07859998035893230e-02 -2.56270061184108097e-02  1.46715696470973739e-01
8.277465e+00 -1.76681959985141267e-02 -2.14111863429309948e-02  1.48064563868642918e-01
8.290141e+00 -1.45971466447319519e-02 -1.71043889661275060e-02  1.48674133465220765e-01
8.302817e+00 -1.15577709642218380e-02 -1.27129003011842139e-02  1.48599824060346941e-01
8.315493e+00 -8.53083977291769525e-03 -8.25486092285089394e-03  1.47896389088363361e-01
8.328169e+00 -5.49862544730344172e-03 -3.75970163263540874e-03  1.46611464734692304e-01
8.340845e+00 -2.44925143125882200e-03  7.35246746970621696e-04  1.44779595992985621e-01
8.353521e+00  6.20436151937288089e-04  5.18782608792066596e-03  1.42417980291858731e-01
8.366197e+00  3.70352158910574637e-03  9.55357786077018489e-03  1.39524769833339640e-01
8.378873e+00  6.78329795117391804e-03  1.37883206367193350e-02  1.36081658017830787e-01
8.391549e+00  9.83414834133748347e-03  1.78491359537026224e-02  1.32060864799759536e-01
8.404225e+00  1.28222898318228178e-02  2.16949226974719606e-02  1.27435051165190716e-01
8.416901e+00  1.57072042143463139e-02  2.52884900942417397e-02  1.22189126344556379e-01
8.429577e+00  1.84437526014125976e-02  2.85988246154189121e-02  1.16331821353925668e-01
8.442254e+00  2.09844475375317897e-02  3.16037078926290071e-02  1.09903834848081333e-01
8.454930e+00  2.32833736288998658e-02  3.42933047506960020e-02  1.02980786837771329e-01
8.467606e+00  2.53022621533587518e-02  3.66716337956963789e-02  9.56698122899484610e-02
8.480282e+00  2.70164620622086460e-02  3.87550768432580600e-02  8.80989822462541344e-02
8.492958e+00  2.84198568137637372e-02  4.05695728614119677e-02  8.04014883074840175e-02
8.505634e+00  2.95279875928470652e-02  4.21452876322939846e-02  7.26981858587008312e-02
8.518310e+00  3.03761172580936240e-02  4.35098536860005422e-02  6.50818133155096068e-02
8.530986e+00  3.10118232195624802e-02  4.46838862908653239e-02  5.76067721398949295e-02
8.543662e+00  3.14854948239427709e-02  4.56778687058440880e-02  5.02873550509113226e-02
8.556338e+00  3.18399401395164164e-02  4.64899407490715136e-02  4.31039899250702657e-02
8.569014e+00  3.21008181856929850e-02  4.71072824404686896e-02  3.60153880992187120e-02
8.581690e+00  3.22725669922861169e-02  4.75092849282921434e-02  2.89736781942339754e-02
8.594366e+00  3.23402320417462280e-02  4.76706324118021385e-02  2.19382254871240863e-02
8.607042e+00  3.22744034632050023e-02  4.75668942620295146e-02  1.48848385139291380e-02
8.619718e+00  3.20397203825005319e-02  4.71809271701718533e-02  7.80959013799600258e-03
8.632394e+00  3.16053005262912495e-02  4.65067527570341421e-02  7.27631316869304084e-04
8.645070e+00  3.09520199096640566e-02  4.55528032125994201e-02 -6.33131737740998905e-03
8.657746e+00  3.00764879552108538e-02  4.43433510036754033e-02 -1.33278028708540518e-02
8.670423e+00  2.89929937754598160e-02  4.29148239637696730e-02 -2.02158300323541477e-02
8.683099e+00  2.77308893479862768e-02  4.13102499241169777e-02 -2.69441312246157805e-02
8.695775e+00  2.63286950599645950e-02  3.95736263317369302e-02 -3.34561403893518169e-02
8.708451e+00  2.48290502196004056e-02  3.77425462183313548e-02 -3.96903896164722061e-02
8.721127e+00  2.32734763431769812e-02  3.58431351981782984e-02 -4.55832806280440095e-02
8.733803e+00  2.16968626857039389e-02  3.38898309001414572e-02 -5.10747005152779182e-02
8.746479e+00  2.01252832466207870e-02  3.18866478017221650e-02 -5.61153724046891053e-02
8.759155e+00  1.85759538335055971e-02  2.98309656976892511e-02 -6.06738027084722173e-02
8.771831e+00  1.70570211715666623e-02  2.77203444392800334e-02 -6.47401900769310479e-02
8.784507e+00  1.55694866396401347e-02  2.55568077072874135e-02 -6.83254042704639214e-02
8.797183e+00  1.41104287319152068e-02  2.33484382732492939e-02 -7.14548825358746753e-02
8.809859e+00  1.26742392346753611e-02  2.11106020446275196e-02 -7.41591435926145376e-02
8.822535e+00  1.12536174563920462e-02  1.88634794665667634e-02 -7.64638982770567133e-02
8.835211e+00  9.84115232525774146e-03  1.66275138353256628e-02 -7.83829037249604427e-02
8.847887e+00  8.42907179903513125e-03  1.44214906150986165e-02 -7.99158717256339413e-02
8.860563e+00  7.00893734931679058e-03  1.22602570076062057e-02 -8.10519601596712547e-02
8.873239e+00  5.57331698423480307e-03  1.01519134761400894e-02 -8.17771426913561222e-02
8.885915e+00  4.11713304139992887e-03  8.09872002089939182e-03 -8.20826001446715303e-02
8.898592e+00  2.63884251717319204e-03  6.09802156516249354e-03 -8.19711777532745461e-02
8.911268e+00  1.14284759993907737e-03  4.14137130157117735e-03 -8.14593918986858678e-02
8.923944e+00 -3.59515286167999212e-04  2.21681817714729787e-03 -8.05745008038006305e-02
8.936620e+00 -1.85132755397558637e-03  3.11561294204898962e-04 -7.93483834552082545e-02
8.949296e+00 -3.31192442042819958e-03 -1.58815948937535037e-03 -7.78103679949171123e-02
8.961972e+00 -4.72017766069578008e-03 -3.49450176227746176e-03 -7.59815682458610392e-02
8.974648e+00 -6.05926596568999529e-03 -5.41430017990005962e-03 -7.38732793362810169e-02
8.987324e+00 -7.31999336696110160e-03 -7.34885190405707052e-03 -7.14894040504272660e-02
9.000000e+00 -8.50235032419260732e-03 -9.29217652605662976e-03 -6.88313269941434741e-02
