# Author: SW4
# Scenario: test
# Date: UTC  11/27/2017:22:39:46.000
# Bandwith (Hz): 1.234000e+00
# Station: sta1
# Target location (WGS84 longitude, latitude) (deg): -1.222500e+02 3.785000e+01
# Actual location (WGS84 longitude, latitude) (deg): -1.222496e+02 3.785025e+01
# Distance from target to actual location (m): 4.725299e+01
# nColumns: 4
# Column 1: Time (s)
# Column 2: X displacement (m)
# Column 3: Y displacement (m)
# Column 4: Z displacement (m)
0.000000e+00  0.00000000000000000e+00  0.00000000000000000e+00  0.00000000000000000e+00
9.063444e-03  0.00000000000000000e+00  0.00000000000000000e+00  0.00000000000000000e+00
1.812689e-02  0.00000000000000000e+00  0.00000000000000000e+00  0.00000000000000000e+00
2.719033e-02  0.00000000000000000e+00  0.00000000000000000e+00  0.00000000000000000e+00
3.625378e-02  0.00000000000000000e+00  0.00000000000000000e+00  0.00000000000000000e+00
4.531722e-02  0.00000000000000000e+00  0.00000000000000000e+00  0.00000000000000000e+00
5.438066e-02  0.00000000000000000e+00  0.00000000000000000e+00  0.00000000000000000e+00
6.344411e-02  0.00000000000000000e+00  0.00000000000000000e+00  0.00000000000000000e+00
7.250755e-02 -1.27155690142550936e-47  5.66895039781058162e-47  3.19732055689879444e-46
8.157100e-02  1.94174174040142258e-45 -7.59948299085445127e-45 -4.98008809202883892e-44
9.063444e-02 -3.95556597550484658e-44  3.48838999461942474e-45  9.14239184106917664e-43
9.969789e-02 -2.55076366287737453e-42  1.02416853788429926e-41  7.26740096630080835e-41
1.087613e-01  1.95911687504443163e-41  4.30600408945814593e-42 -3.81807807378129710e-40
1.178248e-01  7.51202577776735688e-40 -2.52938106704649079e-39 -2.12023581834532362e-38
1.268882e-01  1.62243346407348757e-39 -1.39102554764246640e-38 -7.88249677834303561e-38
1.359517e-01 -6.14281714057942060e-38  1.83456757964477243e-37  1.51039237073296937e-36
1.450151e-01 -4.79741922043046613e-37  2.22360501660762761e-36  1.42878630494588096e-35
1.540785e-01  2.44636569998252894e-37  3.77524383607526285e-36  6.35389579624459319e-36
1.631420e-01  1.93473540008865506e-35 -7.29728515042442067e-35 -5.14572957602273922e-34
1.722054e-01  8.89045581965283751e-35 -5.56651074316672685e-34 -2.75146186470159201e-33
1.812689e-01 -7.82499204168063595e-35 -1.08498513213022850e-33  5.99114648493011722e-34
1.903323e-01 -2.34488478793762944e-33  6.83610922376867342e-33  6.59758322350579951e-32
1.993958e-01 -8.87423715864009739e-33  5.31579864939544910e-32  2.84745268928829533e-31
2.084592e-01  2.64923136423460031e-33  1.28942822749450742e-31  8.10632486150813819e-32
2.175227e-01  1.52344984839383604e-31 -2.02233471771930684e-31 -4.14795188680259809e-30
2.265861e-01  6.11622045974597028e-31 -2.40566543149623655e-30 -1.86532108359342560e-29
2.356495e-01  6.20249004614019083e-31 -6.70207838463418411e-30 -2.47865552347249551e-29
2.447130e-01 -4.35857528915423932e-30  1.37113113541710420e-30  1.09082042641762443e-28
2.537764e-01 -2.28846113989768823e-29  7.20192768208714258e-29  6.63357424942015124e-28
2.628399e-01 -4.44290940419275690e-29  2.38057407768728242e-28  1.45742249867404139e-27
2.719033e-01  3.25123169175511833e-29  1.78830810090845904e-28 -2.62250807043036897e-28
2.809668e-01  4.44760696784426696e-28 -1.36681799340938664e-27 -1.18549674254730691e-26
2.900302e-01  1.21236710055580457e-27 -5.80681269698998705e-27 -3.79518825355250189e-26
2.990937e-01  9.28802618460750319e-28 -8.14026242260388219e-27 -4.89580816759363934e-26
3.081571e-01 -4.27193175731708076e-27  1.63270346321216799e-26  6.56691859485204309e-26
3.172205e-01 -1.67644261174216236e-26  1.04102871466723377e-25  4.82801448166860639e-25
3.262840e-01 -2.45751665545026801e-26  1.84007126773268663e-25  1.27002936745090394e-24
3.353474e-01 -6.03640725852227024e-28 -2.41437117351034885e-25  2.10810717619815411e-24
3.444109e-01  1.79431310046337446e-26 -2.27382992902243812e-24  1.83704517301589268e-24
3.534743e-01 -2.28120814702157858e-25 -5.94146203554850042e-24 -4.64089530855788162e-24
3.625378e-01 -8.96768142785047851e-25 -3.12632887751953399e-24 -3.98726959503841602e-23
3.716012e-01  4.72151137303976493e-25  3.59128415400070566e-23 -1.69177174200815099e-22
3.806647e-01  1.49738104090708011e-23  1.63226145285403536e-22 -4.70265712122809754e-22
3.897281e-01  6.37257998085221373e-23  3.66694302430054999e-22 -6.87343589895832247e-22
3.987915e-01  1.37580008963938443e-22  2.49487754498425589e-22  8.72564185432410917e-22
4.078550e-01  4.03345520777160271e-23 -1.60096008892876915e-21  9.02010656051133288e-21
4.169184e-01 -9.11997717788860793e-22 -7.95924400127886341e-21  3.05452377303482643e-20
4.259819e-01 -3.98180292492390117e-21 -2.04510013006568767e-20  5.96737611110518431e-20
4.350453e-01 -9.50172831573086649e-21 -2.83658605473100781e-20  3.31908468061206321e-20
4.441088e-01 -1.09202282147435764e-20  1.77159115598744306e-20 -2.45099116521739900e-19
4.531722e-01  1.79788632797587090e-20  2.39314609255718846e-19 -1.12477297277642101e-18
4.622356e-01  1.35999490193756698e-19  8.08009110691577470e-19 -2.78772467649994865e-18
4.712991e-01  4.12399749656528011e-19  1.69239737147055588e-18 -4.05082286915705774e-18
4.803625e-01  7.81813286970814344e-19  1.87621376582875475e-18  1.39635056490228763e-19
4.894260e-01  6.45756861232814530e-19 -2.13164114250147125e-18  2.15381117199890867e-17
4.984894e-01 -1.80823029204199374e-18 -1.77215590967810486e-17  7.66932641977764306e-17
5.075529e-01 -1.00660278667121775e-17 -5.41414065522361333e-17  1.68144059239504650e-16
5.166163e-01 -2.77015954430060958e-17 -1.09070655744442769e-16  2.30523989225084053e-16
5.256798e-01 -5.08761305038961884e-17 -1.32186300020896442e-16  3.21992336262406421e-17
5.347432e-01 -4.99094686645573571e-17  3.95278301486225848e-17 -9.26403047658407480e-16
5.438066e-01  6.04287146460053001e-17  7.45107826976739676e-16 -3.35257393382685068e-15
5.528701e-01  4.42872532922678500e-16  2.44640681076213551e-15 -7.57446503579191173e-15
5.619335e-01  1.28953694918956789e-15  5.30560756430078238e-15 -1.18896773283388578e-14
5.709970e-01  2.57857340952815960e-15  8.02383328436235137e-15 -9.47234300825019357e-15
5.800604e-01  3.47303478625917769e-15  5.69500061260615379e-15  1.54676487657971146e-14
5.891239e-01  1.30507073223350227e-15 -1.28007264062198810e-14  8.88889774294592736e-14
5.981873e-01 -9.46680817818806226e-15 -6.54453022963357899e-14  2.37501385919810826e-13
6.072508e-01 -3.69655416525538445e-14 -1.70216676323846509e-13  4.55524518365402561e-13
6.163142e-01 -8.74607788768749865e-14 -3.21851553081598791e-13  6.33138357549863670e-13
6.253776e-01 -1.52789630238063052e-13 -4.43266462813395344e-13  4.43982662023384443e-13
6.344411e-01 -1.86510878441955357e-13 -3.11914540917595782e-13 -7.72819635490812548e-13
6.435045e-01 -7.15694162823342985e-14  5.12358426770369216e-13 -4.02462220077430924e-12
6.525680e-01  4.03833277893266120e-13  2.68370851436003438e-12 -1.03486263273431696e-11
6.616314e-01  1.52321890509641002e-12  6.85548261621580162e-12 -1.98358471879962067e-11
6.706949e-01  3.50878993112123871e-12  1.30749537554854433e-11 -2.96547916144120220e-11
6.797583e-01  6.20747503935797335e-12  1.96419106103252051e-11 -3.09837213432160886e-11
6.888218e-01  8.56149801213564217e-12  2.14754860157368994e-11 -5.46842170961081525e-12
6.978852e-01  7.93978250553686687e-12  8.44259756336682409e-12  7.68704183209290017e-11
7.069486e-01 -3.97013169411566425e-13 -3.52886419075280121e-11  2.54535325925359600e-10
7.160121e-01 -2.31802152370992759e-11 -1.29166655359806964e-10  5.60695843765640699e-10
7.250755e-01 -6.76638543221535326e-11 -2.89430172563926891e-10  9.92303724163159494e-10
7.341390e-01 -1.38152509179234300e-10 -5.16032395274973389e-10  1.45786525066762346e-09
7.432024e-01 -2.30348793330855397e-10 -7.73566141032008645e-10  1.70573418620154559e-09
7.522659e-01 -3.24316391698263133e-10 -9.69486159159156623e-10  1.24571413830042371e-09
7.613293e-01 -3.78168967663427159e-10 -9.36595360791074036e-10 -7.09287511657801584e-10
7.703927e-01 -3.25766516258278030e-10 -4.29566123928134091e-10 -5.24269271554664770e-09
7.794562e-01 -8.19855579120881241e-11  8.54803390703175269e-10 -1.36333071697644913e-08
7.885196e-01  4.42198194676655002e-10  3.22854391487091212e-09 -2.71276291513676504e-08
7.975831e-01  1.31577805056226752e-09  6.93907623609928981e-09 -4.65962061670606278e-08
8.066465e-01  2.56033586248077260e-09  1.20878199836580090e-08 -7.21394946441378517e-08
8.157100e-01  4.12860863542195113e-09  1.85672273837893575e-08 -1.02764193991089606e-07
8.247734e-01  5.89966002214601294e-09  2.60446151315916727e-08 -1.36280622902984959e-07
8.338369e-01  7.69795780662142393e-09  3.40109752008299315e-08 -1.69547527101410393e-07
8.429003e-01  9.33549018220928854e-09  4.18909532212207422e-08 -1.99098561088903967e-07
8.519637e-01  1.06654478091815232e-08  4.91831287622802654e-08 -2.22038717119788537e-07
8.610272e-01  1.16276162347233646e-08  5.55794644939070754e-08 -2.36947434697185351e-07
8.700906e-01  1.22646334961363535e-08  6.10116059200985789e-08 -2.44439433377732323e-07
8.791541e-01  1.26975404493778929e-08  6.55957071496125509e-08 -2.47080158167741115e-07
8.882175e-01  1.30666552901427250e-08  6.94911287230862565e-08 -2.48552389079465371e-07
8.972810e-01  1.34624955786560081e-08  7.27340781230846602e-08 -2.52274923065092986e-07
9.063444e-01  1.38812358114431002e-08  7.51315690862071213e-08 -2.59964517998200939e-07
9.154079e-01  1.42323156855544414e-08  7.62861028377644862e-08 -2.70761357147970591e-07
9.244713e-01  1.44021664919584518e-08  7.57663960270907859e-08 -2.81401064775453118e-07
9.335347e-01  1.43472256811955131e-08  7.33651392586890867e-08 -2.87518049876886345e-07
9.425982e-01  1.41676215762583680e-08  6.93270395163923709e-08 -2.85647577309519039e-07
9.516616e-01  1.41146534056388188e-08  6.44233906880722121e-08 -2.75093325162890208e-07
9.607251e-01  1.45141011917837847e-08  5.98060281282021377e-08 -2.58767693223113431e-07
9.697885e-01  1.56315705125837872e-08  5.66741473621585111e-08 -2.42483310738573900e-07
9.788520e-01  1.75421756411618661e-08  5.58851347698512953e-08 -2.32855602318637770e-07
9.879154e-01  2.00724066130343381e-08  5.76827001399030602e-08 -2.34664106274319220e-07
9.969789e-01  2.28495944542450777e-08  6.16727103793846866e-08 -2.48861224165630000e-07
1.006042e+00  2.54388120241743236e-08  6.70627116724471552e-08 -2.72193478452752631e-07
1.015106e+00  2.74993493087719501e-08  7.30498484486524147e-08 -2.98669172804885304e-07
1.024169e+00  2.88826016058944460e-08  7.91635926296275772e-08 -3.22204855135857145e-07
1.033233e+00  2.96289120794361976e-08  8.53912482637238667e-08 -3.39176021495639598e-07
1.042296e+00  2.98822028531749559e-08  9.20300241718591389e-08 -3.49631445898085571e-07
1.051360e+00  2.97893007401994470e-08  9.93596042759712525e-08 -3.56624479613407941e-07
1.060423e+00  2.94532427741768080e-08  1.07329415823369604e-07 -3.64117231440352492e-07
1.069486e+00  2.89637091978690111e-08  1.15444765339090669e-07 -3.74672767252084084e-07
1.078550e+00  2.84647623332324170e-08  1.22917421482271106e-07 -3.88221853978900747e-07
1.087613e+00  2.81867259673767956e-08  1.28986952367551128e-07 -4.02512686747861243e-07
1.096677e+00  2.83934272745028529e-08  1.33216195737319958e-07 -4.14814266560841330e-07
1.105740e+00  2.92644187057358087e-08  1.35584670317174081e-07 -4.23681316103993360e-07
1.114804e+00  3.07940874121839493e-08  1.36338835365322820e-07 -4.29596760730335665e-07
1.123867e+00  3.27936507731084280e-08  1.35722772772662234e-07 -4.34109918560610802e-07
1.132931e+00  3.50148404522615176e-08  1.33795824590515702e-07 -4.38176670990038593e-07
1.141994e+00  3.73179823061180426e-08  1.30481129562560036e-07 -4.41035903308618623e-07
1.151057e+00  3.97551666627224765e-08  1.25814025283783595e-07 -4.40632114439426228e-07
1.160121e+00  4.24816566645149883e-08  1.20189856692311818e-07 -4.35457382540474190e-07
1.169184e+00  4.55294347429203786e-08  1.14375459386048687e-07 -4.26491497303645092e-07
1.178248e+00  4.85947141464346597e-08  1.09194455174833292e-07 -4.17573189750005562e-07
1.187311e+00  5.10134562622960156e-08  1.05042109017439145e-07 -4.13449177027813616e-07
1.196375e+00  5.19917320095148209e-08  1.01560963402667833e-07 -4.16447807646294066e-07
1.205438e+00  5.09821606163325698e-08  9.77669096408597334e-08 -4.24051418700892921e-07
1.214502e+00  4.79762332717373251e-08  9.26460110398780148e-08 -4.29497896922995675e-07
1.223565e+00  4.35133967276629708e-08  8.59022521419812357e-08 -4.25729648925543354e-07
1.232628e+00  3.83866272289331948e-08  7.83632103201362537e-08 -4.10553070377036070e-07
1.241692e+00  3.32338934827230185e-08  7.17015234946921816e-08 -3.89489401839399036e-07
1.250755e+00  2.82924932948336214e-08  6.75522582776887845e-08 -3.73740620740570894e-07
1.259819e+00  2.34828798986004458e-08  6.65412024816983379e-08 -3.73724109564003205e-07
1.268882e+00  1.87473628347318239e-08  6.78775875689863270e-08 -3.91915211759191895e-07
1.277946e+00  1.43695326579286235e-08  6.98638178235020484e-08 -4.19917428778778243e-07
1.287009e+00  1.09978268133344770e-08  7.10855269168012576e-08 -4.42520911871974670e-07
1.296073e+00  9.30867619484085320e-09  7.15451807967721174e-08 -4.47009003282832573e-07
1.305136e+00  9.52535556133725238e-09  7.29541718832734017e-08 -4.32001736297768081e-07
1.314199e+00  1.11478742100772779e-08  7.78880162960558234e-08 -4.09625200409347149e-07
1.323263e+00  1.31289836837532308e-08  8.82525038774151058e-08 -3.98634530367827325e-07
1.332326e+00  1.44231300940587798e-08  1.04013074858056231e-07 -4.12152070858913418e-07
1.341390e+00  1.45583379300322386e-08  1.23034396665475083e-07 -4.47894543561867538e-07
1.350453e+00  1.38449888273071600e-08  1.42187273849841721e-07 -4.87933672940497721e-07
1.359517e+00  1.30800021978320996e-08  1.59042093266162762e-07 -5.09170743989917871e-07
1.368580e+00  1.29615487779649398e-08  1.73051434274477207e-07 -4.98410404554152682e-07
1.377644e+00  1.36395720248101617e-08  1.85437884555482750e-07 -4.62184641880539903e-07
1.386707e+00  1.47334192656000018e-08  1.97861396653197485e-07 -4.24239168976813739e-07
1.395770e+00  1.58134756850070389e-08  2.10771272937041245e-07 -4.11446665142631210e-07
1.404834e+00  1.70099766216863171e-08  2.22578689219303931e-07 -4.36765233789415257e-07
1.413897e+00  1.93199543306321861e-08  2.30246223113459134e-07 -4.90298109867930745e-07
1.422961e+00  2.43949994368335197e-08  2.30941005924775558e-07 -5.44595355307294584e-07
1.432024e+00  3.39487684511366040e-08  2.23683212739246264e-07 -5.71145218864636138e-07
1.441088e+00  4.91653740554542518e-08  2.09924309061699022e-07 -5.57649720391372113e-07
1.450151e+00  7.04533864962557584e-08  1.92697124625383266e-07 -5.15138049530922590e-07
1.459215e+00  9.76205191369058823e-08  1.74903148559422985e-07 -4.70607006659214080e-07
1.468278e+00  1.30250829552533046e-07  1.57825486333397847e-07 -4.50196005338793229e-07
1.477341e+00  1.67958635883207608e-07  1.40759457009553010e-07 -4.63699032986408975e-07
1.486405e+00  2.10327638686819669e-07  1.21910437321558808e-07 -4.99843621604077971e-07
1.495468e+00  2.56597373333923530e-07  9.99329703248301565e-08 -5.34502956419460514e-07
1.504532e+00  3.05339887684391842e-07  7.51593196463928887e-08 -5.45908858577025931e-07
1.513595e+00  3.54363988193398499e-07  4.98342745212486731e-08 -5.27197397878919704e-07
1.522659e+00  4.00928011267538760e-07  2.72976555623623293e-08 -4.89148350672137961e-07
1.531722e+00  4.42167577642175375e-07  1.06257724226762207e-08 -4.52506576688964146e-07
1.540785e+00  4.75566167055835494e-07  1.45576779042939743e-09 -4.35350958451673885e-07
1.549849e+00  4.99330045607665529e-07 -4.69947854957481442e-10 -4.43104157527349196e-07
1.558912e+00  5.12608913501096443e-07  3.08522106714356443e-09 -4.66380381279025124e-07
1.567976e+00  5.15559171728549346e-07  9.80633998122090347e-09 -4.87047719107780967e-07
1.577039e+00  5.09264453671535717e-07  1.78425183448599766e-08 -4.88589948930516971e-07
1.586103e+00  4.95542610544227927e-07  2.63976118841685766e-08 -4.65092227600972757e-07
1.595166e+00  4.76703771479013644e-07  3.56475602138323505e-08 -4.24308831390487708e-07
1.604230e+00  4.55354114258475286e-07  4.60968800551633720e-08 -3.83404415544720092e-07
1.613293e+00  4.34312314709647174e-07  5.78069712556094006e-08 -3.59632148576628645e-07
1.622356e+00  4.16607460890078282e-07  7.00213643933830903e-08 -3.60860671270767226e-07
1.631420e+00  4.05421182256987771e-07  8.14780565462000124e-08 -3.81176805000797197e-07
1.640483e+00  4.03820826182400344e-07  9.12343687970816605e-08 -4.04281496209618094e-07
1.649547e+00  4.14248936368454778e-07  9.94255446507452841e-08 -4.13020262049371935e-07
1.658610e+00  4.37921381776762326e-07  1.07344456125643413e-07 -3.99527353948524076e-07
1.667674e+00  4.74404255841932104e-07  1.16652386908611821e-07 -3.69717677930585278e-07
1.676737e+00  5.21587165007397602e-07  1.28156102259199995e-07 -3.39178328722370046e-07
1.685801e+00  5.76073073459310736e-07  1.40964411281567568e-07 -3.23068209797048642e-07
1.694864e+00  6.33801255414299350e-07  1.52653405838087615e-07 -3.26707775361037173e-07
1.703927e+00  6.90652270190593090e-07  1.60411088384126366e-07 -3.43100093931936739e-07
1.712991e+00  7.42882557918003883e-07  1.62459022735504635e-07 -3.58762677574023681e-07
1.722054e+00  7.87399746366917204e-07  1.58858644239919977e-07 -3.63397911007314584e-07
1.731118e+00  8.21977444830138609e-07  1.51250233070425687e-07 -3.56404581903749462e-07
1.740181e+00  8.45463135240156067e-07  1.41813739786615313e-07 -3.45900136896102953e-07
1.749245e+00  8.57924144452023360e-07  1.32227294849351797e-07 -3.41670090226779225e-07
1.758308e+00  8.60626800743081236e-07  1.23285006491976221e-07 -3.47820670028540453e-07
1.767372e+00  8.55808459033649238e-07  1.15250343588688550e-07 -3.60607560823803215e-07
1.776435e+00  8.46318504097542141e-07  1.08452626641410596e-07 -3.72445843701743435e-07
1.785498e+00  8.35256652134238054e-07  1.03524700430454209e-07 -3.78237367753542647e-07
1.794562e+00  8.25674255073629911e-07  1.01076081213913248e-07 -3.78755544331734598e-07
1.803625e+00  8.20297306984751268e-07  1.01133350698760328e-07 -3.78747961315829511e-07
1.812689e+00  8.21202841312287499e-07  1.02904012692600679e-07 -3.81948460709803843e-07
1.821752e+00  8.29481757248414813e-07  1.05162723642622034e-07 -3.87511742016778690e-07
1.830816e+00  8.45058114441788628e-07  1.07054031909670379e-07 -3.90781128744080352e-07
1.839879e+00  8.66848081598350146e-07  1.08770247887643753e-07 -3.87431455516768349e-07
1.848943e+00  8.93261105157113419e-07  1.11645163743615201e-07 -3.77284208991201362e-07
1.858006e+00  9.22784158484263139e-07  1.17603884098122297e-07 -3.64628949879409884e-07
1.867069e+00  9.54270801969304246e-07  1.28299730477794428e-07 -3.54948152228402969e-07
1.876133e+00  9.86723787305133677e-07  1.44387223912420234e-07 -3.50786610032768281e-07
1.885196e+00  1.01872968305494182e-06  1.65216330924216622e-07 -3.49896933861809776e-07
1.894260e+00  1.04800445389070165e-06  1.88980883202148108e-07 -3.46781601458087352e-07
1.903323e+00  1.07148920765699534e-06  2.13198908488967913e-07 -3.36286009663688832e-07
1.912387e+00  1.08607850316512771e-06  2.35369744988184205e-07 -3.16876787612069033e-07
1.921450e+00  1.08961894687755284e-06  2.53645132188787995e-07 -2.91963054568278629e-07
1.930514e+00  1.08161240071213409e-06  2.67308250788862199e-07 -2.68946637340257595e-07
1.939577e+00  1.06324697095607210e-06  2.76843732943972977e-07 -2.56490712385601510e-07
1.948640e+00  1.03681457106944970e-06  2.83518002074742920e-07 -2.60745030613210587e-07
1.957704e+00  1.00493237673921034e-06  2.88666490958382763e-07 -2.81668603648098440e-07
1.966767e+00  9.70020035674806553e-07  2.93111948003123998e-07 -3.11325118977726896e-07
1.975831e+00  9.34208300196350945e-07  2.97084934453948477e-07 -3.36132409814963734e-07
1.984894e+00  8.99509436657449244e-07  3.00647867504796300e-07 -3.43374558700170776e-07
1.993958e+00  8.67928226416061830e-07  3.04193214978895739e-07 -3.29142339111145714e-07
2.003021e+00  8.41315386803246542e-07  3.08467933383244955e-07 -3.02518984698641727e-07
2.012085e+00  8.21023319698916370e-07  3.13935702697594991e-07 -2.81881058179917534e-07
2.021148e+00  8.07596885218907230e-07  3.19892884392134665e-07 -2.84012890180330523e-07
2.030211e+00  8.00701804954580716e-07  3.24113307019976624e-07 -3.12369550609771918e-07
2.039275e+00  7.99319734237991722e-07  3.23555741526109927e-07 -3.52779727374082706e-07
2.048338e+00  8.02079289799714254e-07  3.15929628217688074e-07 -3.80792037022911329e-07
2.057402e+00  8.07557889637851946e-07  3.01207650580902429e-07 -3.76937463751433733e-07
2.066465e+00  8.14467149061271870e-07  2.82058452685927461e-07 -3.40041525244455395e-07
2.075529e+00  8.21727814928800953e-07  2.62793449011294235e-07 -2.89255260642137102e-07
2.084592e+00  8.28471258382771347e-07  2.47369768544387046e-07 -2.52820872855233546e-07
2.093656e+00  8.33979496486450524e-07  2.37601436575362036e-07 -2.50687475443975207e-07
2.102719e+00  8.37558612137403393e-07  2.32579637255340109e-07 -2.82371587869211333e-07
2.111782e+00  8.38375769145126574e-07  2.29518562162002282e-07 -3.27819218171661393e-07
2.120846e+00  8.35353826419388334e-07  2.25389589027670978e-07 -3.60191445402182995e-07
2.129909e+00  8.27240937866884381e-07  2.18348278871220231e-07 -3.61844242780600363e-07
2.138973e+00  8.12909311898225587e-07  2.08260472245920854e-07 -3.33480419917894907e-07
2.148036e+00  7.91810391449860664e-07  1.96291694535916657e-07 -2.91793756586564665e-07
2.157100e+00  7.64400515281943815e-07  1.84048137789215036e-07 -2.58536827318118379e-07
2.166163e+00  7.32325778421541912e-07  1.72848317107561536e-07 -2.48496913478217868e-07
2.175227e+00  6.98237838515565109e-07  1.63426051292639266e-07 -2.63004247329470683e-07
2.184290e+00  6.65263089708021868e-07  1.56014901892358735e-07 -2.91085723819336285e-07
2.193353e+00  6.36294240483878917e-07  1.50594445495154899e-07 -3.15974231328087239e-07
2.202417e+00  6.13351784344469489e-07  1.47121150339163426e-07 -3.22962308439384242e-07
2.211480e+00  5.97240910734934528e-07  1.45677932239884370e-07 -3.05417573313015548e-07
2.220544e+00  5.87614518021774924e-07  1.46522152072573507e-07 -2.67360468935752909e-07
2.229607e+00  5.83390084385004346e-07  1.49994274399418970e-07 -2.22030019480091048e-07
2.238671e+00  5.83326860447972764e-07  1.56269359918350567e-07 -1.86560972521967037e-07
2.247734e+00  5.86516308566463754e-07  1.65046107279047142e-07 -1.74171016980401842e-07
2.256798e+00  5.92598971576801404e-07  1.75393599488211596e-07 -1.87066534030147643e-07
2.265861e+00  6.01660310553259596e-07  1.85963695967983047e-07 -2.14137549508422937e-07
2.274924e+00  6.13898943489033667e-07  1.95564696060252974e-07 -2.35826546219624187e-07
2.283988e+00  6.29233168829077736e-07  2.03801348930888181e-07 -2.34501795346328917e-07
2.293051e+00  6.46998743101868632e-07  2.11350578528693219e-07 -2.04714175387642897e-07
2.302115e+00  6.65830727570633091e-07  2.19612298297546465e-07 -1.56961016653691354e-07
2.311178e+00  6.83765041134956117e-07  2.29871644667665953e-07 -1.12152203324821855e-07
2.320242e+00  6.98556545338602046e-07  2.42460137762623820e-07 -8.97894696691528435e-08
2.329305e+00  7.08165988730007007e-07  2.56444497850187556e-07 -9.69591679226829406e-08
2.338369e+00  7.11297029659905892e-07  2.70055847758849400e-07 -1.24706185061435499e-07
2.347432e+00  7.07793745660904650e-07  2.81611714098065361e-07 -1.53597909438529005e-07
2.356495e+00  6.98707356369154090e-07  2.90392779935289033e-07 -1.64659121966524475e-07
2.365559e+00  6.85957075598031532e-07  2.96997825502016229e-07 -1.49103319519410927e-07
2.374622e+00  6.71708743407543143e-07  3.03040554805836908e-07 -1.11821194225215084e-07
2.383686e+00  6.57757696842935043e-07  3.10419053639816292e-07 -6.77763002586069150e-08
2.392749e+00  6.45207589299656415e-07  3.20553309863438951e-07 -3.42305206960726408e-08
2.401813e+00  6.34559521465857264e-07  3.33900694620531171e-07 -2.29958378373100485e-08
2.410876e+00  6.26071525423334752e-07  3.49853510942489537e-07 -3.58005415541161494e-08
2.419940e+00  6.20085884207986969e-07  3.66964007023227101e-07 -6.39283079372214457e-08
2.429003e+00  6.17061950513909210e-07  3.83393883252215387e-07 -9.18415868920375711e-08
2.438066e+00  6.17267866204612358e-07  3.97485563446867100e-07 -1.03623949364960771e-07
2.447130e+00  6.20331520510222477e-07  4.08316401591580847e-07 -9.01803543591589016e-08
2.456193e+00  6.24969767952658451e-07  4.16029379056289969e-07 -5.41914202892946272e-08
2.465257e+00  6.29134434161359578e-07  4.21736573090308085e-07 -9.81712488502627524e-09
2.474320e+00  6.30586090944007938e-07  4.26953524087145575e-07  2.38661417577624397e-08
2.483384e+00  6.27662508880829339e-07  4.32798183864843229e-07  3.31105668773132420e-08
2.492447e+00  6.19877991719602327e-07  4.39392363437350971e-07  1.78209654456219358e-08
2.501511e+00  6.08040428341008743e-07  4.45848449298489405e-07 -7.49890853096373653e-09
2.510574e+00  5.93788382343208571e-07  4.50889600181937927e-07 -2.16085656050078100e-08
2.519637e+00  5.78738511337463225e-07  4.53738188862798695e-07 -8.96943828572809028e-09
2.528701e+00  5.63656415594852999e-07  4.54706704393867920e-07  3.08587399423036577e-08
2.537764e+00  5.48093094528330164e-07  4.55100062960128209e-07  8.29069906145283252e-08
2.546828e+00  5.30716856746996352e-07  4.56485023476104704e-07  1.25850636215547236e-07
2.555891e+00  5.10202561132498586e-07  4.59796409456455492e-07  1.44645072929305554e-07
2.564955e+00  4.86216223429397720e-07  4.64846054266304369e-07  1.38809274042972678e-07
2.574018e+00  4.59957769784214765e-07  4.70521291182407200e-07  1.21579889745246985e-07
2.583082e+00  4.33965082724754756e-07  4.75510272245157681e-07  1.11231528100482322e-07
2.592145e+00  4.11299976892450751e-07  4.79079693680042967e-07  1.20550070897641624e-07
2.601208e+00  3.94565081923389913e-07  4.81445135332768111e-07  1.50779358809840265e-07
2.610272e+00  3.85230763526655683e-07  4.83566824142710601e-07  1.92693269190092153e-07
2.619335e+00  3.83487177824657439e-07  4.86552848974837706e-07  2.32816787018929738e-07
2.628399e+00  3.88492517519657339e-07  4.91038414759361489e-07  2.60401202577436596e-07
2.637462e+00  3.98719726433363415e-07  4.96859003001074779e-07  2.71562407583890384e-07
2.646526e+00  4.12204230141649204e-07  5.03131262724305395e-07  2.69585290782863989e-07
2.655589e+00  4.26729379733441575e-07  5.08644683756544392e-07  2.62531396436821711e-07
2.664653e+00  4.40116579029275819e-07  5.12350643671050691e-07  2.59806986961727899e-07
2.673716e+00  4.50686039999426826e-07  5.13730317990423152e-07  2.68775063949994341e-07
2.682779e+00  4.57718710045509417e-07  5.12896099890162519e-07  2.92030975559679023e-07
2.691843e+00  4.61614648080929963e-07  5.10396495313004729e-07  3.26108111675599438e-07
2.700906e+00  4.63566837822039045e-07  5.06823097996909173e-07  3.62530422130240792e-07
2.709970e+00  4.64883914632262583e-07  5.02419019986882438e-07  3.91420872356018675e-07
2.719033e+00  4.66352701285008793e-07  4.96904209055548822e-07  4.06336841575251626e-07
2.728097e+00  4.68013197701200367e-07  4.89630155862902696e-07  4.07766775397213036e-07
2.737160e+00  4.69425142475179602e-07  4.79991753320810451e-07  4.03046014410721981e-07
2.746224e+00  4.70161083118391840e-07  4.67866759067839573e-07  4.02468166983948406e-07
2.755287e+00  4.70130817490665739e-07  4.53834932965138859e-07  4.13779808917727146e-07
2.764350e+00  4.69515959318758447e-07  4.39071415683311403e-07  4.38292630599431453e-07
2.773414e+00  4.68421103982702306e-07  4.25013485546903771e-07  4.70748314370730097e-07
2.782477e+00  4.66571259052911861e-07  4.13016043769696001e-07  5.02658513010041928e-07
2.791541e+00  4.63345202428891522e-07  4.04157721740825371e-07  5.26856746003016492e-07
2.800604e+00  4.58181973140283480e-07  3.99194545271808200e-07  5.40698525711581487e-07
2.809668e+00  4.51128446295952324e-07  3.98532730221363497e-07  5.46617997721413349e-07
2.818731e+00  4.43188178316937595e-07  4.02120169157073348e-07  5.50413139826578764e-07
2.827795e+00  4.36229925801554083e-07  4.09310386652679412e-07  5.58537725021911131e-07
2.836858e+00  4.32436402776901846e-07  4.18882331402249423e-07  5.75576535015938037e-07
2.845921e+00  4.33499325577242363e-07  4.29359785545197457e-07  6.02555181778531917e-07
2.854985e+00  4.39906879843893771e-07  4.39561917461254034e-07  6.36426964704308783e-07
2.864048e+00  4.50674620476688519e-07  4.49089673582050745e-07  6.71027705681708137e-07
2.873112e+00  4.63714365189353441e-07  4.58410876674567763e-07  6.99534555658348547e-07
2.882175e+00  4.76737896765463685e-07  4.68423759565688345e-07  7.17719638694736007e-07
2.891239e+00  4.88268677823817186e-07  4.79725738287623927e-07  7.26447311758214167e-07
2.900302e+00  4.98188276745541336e-07  4.92044456186966345e-07  7.31761132096758757e-07
2.909366e+00  5.07442908116879122e-07  5.04219648470681271e-07  7.42017976173369896e-07
2.918429e+00  5.17041590215234328e-07  5.14782888118709870e-07  7.63355767701478830e-07
2.927492e+00  5.26991121185112459e-07  5.22791108194940537e-07  7.96078637651300360e-07
2.936556e+00  5.35941465872416183e-07  5.28394073014087203e-07  8.34247935032901429e-07
2.945619e+00  5.41882518938414946e-07  5.32776847769742231e-07  8.68899575436680423e-07
2.954683e+00  5.43482691121165695e-07  5.37511309667004760e-07  8.93049319585474293e-07
2.963746e+00  5.41133986921527413e-07  5.43720743040650431e-07  9.05511694903997836e-07
2.972810e+00  5.36907897055143065e-07  5.51574322020539030e-07  9.11301804350687463e-07
2.981873e+00  5.33390135392853617e-07  5.60418219158552269e-07  9.18496714794994542e-07
2.990937e+00  5.32202116659378529e-07  5.69452307619579731e-07  9.33527002635278468e-07
3.000000e+00  5.33277312432883081e-07  5.78519997665417924e-07  9.57675023565055767e-07
3.009063e+00  5.35405171856821479e-07  5.88498233765696401e-07  9.86696672597703729e-07
3.018127e+00  5.37588825370934214e-07  6.01004490520456883e-07  1.01359761375931490e-06
3.027190e+00  5.40135652588811957e-07  6.17547760562670270e-07  1.03283101260165442e-06
3.036254e+00  5.44612778325396623e-07  6.38604402709532178e-07  1.04349130685911805e-06
3.045317e+00  5.52691213336573744e-07  6.63183772586965627e-07  1.04974354126469267e-06
3.054381e+00  5.64768625963630403e-07  6.89194617207802128e-07  1.05831929350192260e-06
3.063444e+00  5.79420284928036092e-07  7.14459163318618313e-07  1.07455550172769479e-06
3.072508e+00  5.94070947174342799e-07  7.37814295495629077e-07  1.09926867299913092e-06
3.081571e+00  6.06348919335080327e-07  7.59645410403078921e-07  1.12828068145606390e-06
3.090634e+00  6.15117770530710110e-07  7.81503734389965759e-07  1.15487006841586205e-06
3.099698e+00  6.20518396081535873e-07  8.05001535706565217e-07  1.17367669947622411e-06
3.108761e+00  6.23174928072061246e-07  8.30633978655852156e-07  1.18369416047555647e-06
3.117825e+00  6.23338652019832167e-07  8.57246580573599183e-07  1.18854500543980388e-06
3.126888e+00  6.20690470576566849e-07  8.82490200995170904e-07  1.19394698583778715e-06
3.135952e+00  6.14898619090077190e-07  9.04007207329554195e-07  1.20405873035899548e-06
3.145015e+00  6.06388094818315288e-07  9.20650783367578216e-07  1.21906521716319216e-06
3.154079e+00  5.96638271485579586e-07  9.33035082450809883e-07  1.23547559835832656e-06
3.163142e+00  5.87748267121858255e-07  9.43140933375839805e-07  1.24877003099789495e-06
3.172205e+00  5.81597852823372151e-07  9.53272777684234777e-07  1.25650406652753962e-06
3.181269e+00  5.79198995279664927e-07  9.65008872771729886e-07  1.25977520842175470e-06
3.190332e+00  5.80611621390373146e-07  9.78709583731070302e-07  1.26215481569319319e-06
3.199396e+00  5.85334181304517596e-07  9.93740937718267701e-07  1.26692011525813828e-06
3.208459e+00  5.92778027677939318e-07  1.00913037845086217e-06  1.27451742944302899e-06
3.217523e+00  6.02497842206624326e-07  1.02417966030011138e-06  1.28198037949254526e-06
3.226586e+00  6.14144975344058073e-07  1.03869312400660066e-06  1.28472989011400022e-06
3.235650e+00  6.27337189767296785e-07  1.05279018990343009e-06  1.27966059818702150e-06
3.244713e+00  6.41619983200992860e-07  1.06652522771148926e-06  1.26758941419129040e-06
3.253776e+00  6.56512709132521508e-07  1.07959298425439869e-06  1.25345499176998200e-06
3.262840e+00  6.71508011864100443e-07  1.09127790799506153e-06  1.24391451352471011e-06
3.271903e+00  6.85954349927594222e-07  1.10064112058648114e-06  1.24350986852369468e-06
3.280967e+00  6.98919551204519785e-07  1.10684049085211902e-06  1.25155328536665352e-06
3.290030e+00  7.09219146081227620e-07  1.10946475058823236e-06  1.26172337862853256e-06
3.299094e+00  7.15694330964831363e-07  1.10878179606404894e-06  1.26500603350648857e-06
3.308157e+00  7.17624140720536014e-07  1.10581568844978277e-06  1.25466413248345755e-06
3.317221e+00  7.15036054220239110e-07  1.10219256366921175e-06  1.23046168846005753e-06
3.326284e+00  7.08741572206691303e-07  1.09976979475659455e-06  1.19941867194431804e-06
3.335347e+00  7.00102737824397743e-07  1.10017618210553212e-06  1.17218340497231920e-06
3.344411e+00  6.90674469715277437e-07  1.10446809506003977e-06  1.15679464389462014e-06
3.353474e+00  6.81871340210054107e-07  1.11306500221390957e-06  1.15350771887426155e-06
3.362538e+00  6.74721401735979618e-07  1.12596602832089939e-06  1.15407580935935850e-06
3.371601e+00  6.69709509311071790e-07  1.14307165139979816e-06  1.14631462586583829e-06
3.380665e+00  6.66731337158663321e-07  1.16437778716500183e-06  1.12141860276747803e-06
3.389728e+00  6.65214380028030827e-07  1.18992428645965793e-06  1.07953878384383473e-06
3.398792e+00  6.64417034077498966e-07  1.21957819173125256e-06  1.03000387962624584e-06
3.407855e+00  6.63786934113957310e-07  1.25285339517781332e-06  9.85849485922062902e-07
3.416918e+00  6.63162995584354030e-07  1.28891553544223885e-06  9.55934914107358722e-07
3.425982e+00  6.62671730856188811e-07  1.32674669506200686e-06  9.39502042719743759e-07
3.435045e+00  6.62391472331264723e-07  1.36530687206537170e-06  9.26523808007174697e-07
3.444109e+00  6.62067058289266536e-07  1.40355187887751674e-06  9.03592135366980911e-07
3.453172e+00  6.61153620615663479e-07  1.44032698369573883e-06  8.61731088060550101e-07
3.462236e+00  6.59214697780883409e-07  1.47430080802276886e-06  8.01475332820651638e-07
3.471299e+00  6.56384363238342898e-07  1.50409202367018612e-06  7.32344775291285487e-07
3.480363e+00  6.53496234136091056e-07  1.52857185186972912e-06  6.67219368608722132e-07
3.489426e+00  6.51704657421224189e-07  1.54714751431096566e-06  6.14985993823695442e-07
3.498489e+00  6.51822840436512713e-07  1.55981388328976335e-06  5.75608060800969344e-07
3.507553e+00  6.53860764164256601e-07  1.56693518587176803e-06  5.40221372851606770e-07
3.516616e+00  6.57134922152446736e-07  1.56894403779031022e-06  4.96031278276631702e-07
3.525680e+00  6.60901159903718051e-07  1.56622297618337506e-06  4.33256539154618660e-07
3.534743e+00  6.65043957721693232e-07  1.55928337801851899e-06  3.50387630104939000e-07
3.543807e+00  6.70268164785352209e-07  1.54909284201295071e-06  2.54993436933116858e-07
3.552870e+00  6.77569643067113888e-07  1.53724390229643198e-06  1.59676437762051670e-07
3.561934e+00  6.87284812191060493e-07  1.52574388909767934e-06  7.53511662344533903e-08
3.570997e+00  6.98363313593334683e-07  1.51647822673223776e-06  5.48501828850332192e-09
3.580060e+00  7.08422284553865011e-07  1.51064609200287070e-06 -5.55368859175017567e-08
3.589124e+00  7.14670180182621519e-07  1.50849824724669298e-06 -1.19029883299113870e-07
3.598187e+00  7.15235691252316640e-07  1.50950495431416673e-06 -1.95584314657536762e-07
3.607251e+00  7.10156015055350001e-07  1.51280775817781776e-06 -2.89357798583840380e-07
3.616314e+00  7.01445039411032771e-07  1.51766287898490567e-06 -3.96396227188913283e-07
3.625378e+00  6.92175462424996079e-07  1.52364816435014661e-06 -5.07790922611400484e-07
3.634441e+00  6.85064793045300583e-07  1.53059703534313384e-06 -6.15470862712597432e-07
3.643505e+00  6.81330219740642195e-07  1.53838346345736624e-06 -7.16876483595596509e-07
3.652568e+00  6.80414655126844972e-07  1.54671423753488482e-06 -8.15697273912808483e-07
3.661631e+00  6.80681241907775089e-07  1.55501379213031919e-06 -9.18613035494162029e-07
3.670695e+00  6.80619299900744697e-07  1.56240796833737318e-06 -1.03062399999515069e-06
3.679758e+00  6.79826319918862620e-07  1.56778983354983864e-06 -1.15226157917201379e-06
3.688822e+00  6.79195360003823080e-07  1.56996465506430357e-06 -1.28034115225817759e-06
3.697885e+00  6.80246792397778401e-07  1.56786287393326805e-06 -1.41124576926617591e-06
3.706949e+00  6.84082237668892479e-07  1.56075847027052778e-06 -1.54400554659431702e-06
3.716012e+00  6.90663931881184188e-07  1.54838393969529054e-06 -1.68085459063977615e-06
3.725076e+00  6.98886848622643895e-07  1.53086006157547005e-06 -1.82505330841934688e-06
3.734139e+00  7.07367720080200575e-07  1.50846699138850421e-06 -1.97788302820208893e-06
3.743202e+00  7.15388183657169005e-07  1.48139739971497575e-06 -2.13726923129882956e-06
3.752266e+00  7.23329339010347715e-07  1.44965403209144671e-06 -2.29915060967602613e-06
3.761329e+00  7.32290699988174361e-07  1.41315367553511207e-06 -2.46058139450779525e-06
3.770393e+00  7.43152615539968883e-07  1.37195090120753095e-06 -2.62224200179875150e-06
3.779456e+00  7.55727135008693723e-07  1.32641589932133009e-06 -2.78845047052520720e-06
3.788520e+00  7.68584546598668584e-07  1.27725134737728737e-06 -2.96453701546230197e-06
3.797583e+00  7.79687037790076878e-07  1.22536429313624918e-06 -3.15327827767051830e-06
3.806647e+00  7.87424232793229830e-07  1.17170711488486114e-06 -3.35275274730056256e-06
3.815710e+00  7.91390360703654334e-07  1.11718968768609800e-06 -3.55709953633550489e-06
3.824773e+00  7.92428394303176921e-07  1.06266664873258476e-06 -3.75986006055709331e-06
3.833837e+00  7.91950414737211434e-07  1.00891608890106550e-06 -3.95797861584928021e-06
3.842900e+00  7.90995158794979001e-07  9.56528995618058035e-07 -4.15405943431072872e-06
3.851964e+00  7.89615777094353627e-07  9.05716228044409264e-07 -4.35538337387664901e-06
3.861027e+00  7.86943183510206891e-07  8.56131940139683754e-07 -4.56999656984574802e-06
3.870091e+00  7.81829114344377043e-07  8.06831560529207736e-07 -4.80193804795897786e-06
3.879154e+00  7.73628773183893363e-07  7.56418718088783136e-07 -5.04838675979392203e-06
3.888218e+00  7.62638132293412695e-07  7.03344153122772106e-07 -5.30065915381046514e-06
3.897281e+00  7.49954068177307873e-07  6.46262147409790170e-07 -5.54887610245459608e-06
3.906344e+00  7.36894158179111124e-07  5.84341702883277629e-07 -5.78784996237052489e-06
3.915408e+00  7.24363444775512617e-07  5.17443954661821467e-07 -6.02071194882024166e-06
3.924471e+00  7.12547590829814042e-07  4.46093069921220283e-07 -6.25783427664515521e-06
3.933535e+00  7.01072953721259125e-07  3.71201981389469748e-07 -6.51129739755236840e-06
3.942598e+00  6.89468457727817461e-07  2.93597738171467403e-07 -6.78794566096506348e-06
3.951662e+00  6.77585606464752331e-07  2.13512742922010800e-07 -7.08515465850703985e-06
3.960725e+00  6.65687376261931477e-07  1.30290969217018687e-07 -7.39197023579579872e-06
3.969789e+00  6.54160798938261690e-07  4.25105490341510527e-08 -7.69508452250182953e-06
3.978852e+00  6.43078636394882883e-07 -5.14717330504407295e-08 -7.98618686036208971e-06
3.987915e+00  6.31952254094619259e-07 -1.52791735348010263e-07 -8.26643080206907712e-06
3.996979e+00  6.19898505376708866e-07 -2.61530657427152403e-07 -8.54555980569463876e-06
4.006042e+00  6.06160902341066458e-07 -3.76626313552429036e-07 -8.83641766025435458e-06
4.015106e+00  5.90664871215513515e-07 -4.96264768658037565e-07 -9.14811460473764432e-06
4.024169e+00  5.74227064222795782e-07 -6.18523533068182884e-07 -9.48157469502095326e-06
4.033233e+00  5.58230949630629626e-07 -7.41955704178096501e-07 -9.82953784268831626e-06
4.042296e+00  5.43909895726930340e-07 -8.65921194483583872e-07 -1.01805611906615501e-05
4.051360e+00  5.31634827645231838e-07 -9.90665924739482792e-07 -1.05246663520190355e-05
4.060423e+00  5.20619921575950525e-07 -1.11725956893614034e-06 -1.08578444841273747e-05
4.069486e+00  5.09224098339695250e-07 -1.24746031766180597e-06 -1.11835265722152827e-05
4.078550e+00  4.95686119968860549e-07 -1.38346060381404492e-06 -1.15106393491332907e-05
4.087613e+00  4.78895326364117513e-07 -1.52742665406013966e-06 -1.18492867721610812e-05
4.096677e+00  4.58802235796935144e-07 -1.68085224803014661e-06 -1.22060007769443858e-05
4.105740e+00  4.36294034409330862e-07 -1.84393443312560959e-06 -1.25806899761747663e-05
4.114804e+00  4.12652818642314862e-07 -2.01528746250299913e-06 -1.29667721877590704e-05
4.123867e+00  3.88908431281222647e-07 -2.19222538981401903e-06 -1.33545814086312626e-05
4.132931e+00  3.65402162441164707e-07 -2.37158930935622728e-06 -1.37364674186797404e-05
4.141994e+00  3.41722093005687708e-07 -2.55082227550890397e-06 -1.41109190521544928e-05
4.151057e+00  3.16967176330937769e-07 -2.72886608505639497e-06 -1.44833384635571945e-05
4.160121e+00  2.90160564752580336e-07 -2.90653316696685536e-06 -1.48628605356955150e-05
4.169184e+00  2.60617418637644673e-07 -3.08623221666457672e-06 -1.52569403629177298e-05
4.178248e+00  2.28154443692929793e-07 -3.27117386649500264e-06 -1.56668702365479150e-05
4.187311e+00  1.93134502084143070e-07 -3.46435184988720979e-06 -1.60869151257740905e-05
4.196375e+00  1.56398629469554012e-07 -3.66764805004306428e-06 -1.65075723809773484e-05
4.205438e+00  1.19124249801593539e-07 -3.88135400673566425e-06 -1.69209408649331576e-05
4.214502e+00  8.25968404025150034e-08 -4.10425769236843146e-06 -1.73249578945174923e-05
4.223565e+00  4.78623399536430163e-08 -4.33424335606797533e-06 -1.77240872273369986e-05
4.232628e+00  1.52897416971846398e-08 -4.56915432449118099e-06 -1.81262982137376892e-05
4.241692e+00 -1.58021344317994115e-08 -4.80756340314740983e-06 -1.85383506140440856e-05
4.250755e+00 -4.72089313769285934e-08 -5.04915398156684431e-06 -1.89621600550033720e-05
4.259819e+00 -8.14072778948390050e-08 -5.29462391039565905e-06 -1.93940770521722676e-05
4.268882e+00 -1.20670047439008911e-07 -5.54526804669487830e-06 -1.98270756034918661e-05
4.277946e+00 -1.66083102331968562e-07 -5.80252186644926823e-06 -2.02543297888135432e-05
4.287009e+00 -2.16985192847321827e-07 -6.06768048544290653e-06 -2.06722397759590785e-05
4.296073e+00 -2.71216361351405327e-07 -6.34180914940155804e-06 -2.10816169613771727e-05
4.305136e+00 -3.26137640575434105e-07 -6.62569585856214692e-06 -2.14868363568114948e-05
4.314199e+00 -3.79912777307089976e-07 -6.91969856652709853e-06 -2.18936546985335205e-05
4.323263e+00 -4.32338907526933662e-07 -7.22350260495540073e-06 -2.23067580580235760e-05
4.332326e+00 -4.84750582340583785e-07 -7.53598287176850426e-06 -2.27279883771970432e-05
4.341390e+00 -5.39080008027068377e-07 -7.85539096613823985e-06 -2.31558040964105102e-05
4.350453e+00 -5.96678679770639144e-07 -8.17990904622915822e-06 -2.35860339252799649e-05
4.359517e+00 -6.57638029476163332e-07 -8.50834681977211207e-06 -2.40135186846835439e-05
4.368580e+00 -7.20993933570224141e-07 -8.84060601183283456e-06 -2.44339399171235277e-05
4.377644e+00 -7.85601781498039751e-07 -9.17762757850623252e-06 -2.48451233688969871e-05
4.386707e+00 -8.51034441771746628e-07 -9.52082775796298177e-06 -2.52473858522745164e-05
4.395770e+00 -9.17874268660575978e-07 -9.87133166542920666e-06 -2.56429123209601749e-05
4.404834e+00 -9.87212823798931727e-07 -1.02294286305518112e-05 -2.60344886753970450e-05
4.413897e+00 -1.05972301932638250e-06 -1.05945303021954520e-05 -2.64240582867652219e-05
4.422961e+00 -1.13495720670811035e-06 -1.09656095828170657e-05 -2.68115672397355443e-05
4.432024e+00 -1.21137650920957880e-06 -1.13418298057727914e-05 -2.71945195165377680e-05
4.441088e+00 -1.28714929898053829e-06 -1.17229969494840388e-05 -2.75685665785871415e-05
4.450151e+00 -1.36127600286843744e-06 -1.21096094663201449e-05 -2.79291629818323958e-05
4.459215e+00 -1.43438883660471814e-06 -1.25025336986732694e-05 -2.82737647535988656e-05
4.468278e+00 -1.50874089161376754e-06 -1.29025375698340428e-05 -2.86034713999275739e-05
4.477341e+00 -1.58732873521948993e-06 -1.33099585119845568e-05 -2.89229179729754915e-05
4.486405e+00 -1.67255061682852897e-06 -1.37246581408822783e-05 -2.92379748970469588e-05
4.495468e+00 -1.76505629811234973e-06 -1.41462190022156049e-05 -2.95521823553241301e-05
4.504532e+00 -1.86336901067862040e-06 -1.45741951451329103e-05 -2.98639662366466781e-05
4.513595e+00 -1.96448658227493654e-06 -1.50082224184732072e-05 -3.01665985925760588e-05
4.522659e+00 -2.06517678246833510e-06 -1.54479194420697717e-05 -3.04513361501967084e-05
4.531722e+00 -2.16332591717321908e-06 -1.58926763410062273e-05 -3.07120531567053829e-05
4.540785e+00 -2.25868246646053372e-06 -1.63415212438494625e-05 -3.09484652200169447e-05
4.549849e+00 -2.35268266099825134e-06 -1.67932103227837388e-05 -3.11657483202170009e-05
4.558912e+00 -2.44755592077179086e-06 -1.72465359169396986e-05 -3.13706838191653273e-05
4.567976e+00 -2.54527246895316668e-06 -1.77006941719013065e-05 -3.15668422693547821e-05
4.577039e+00 -2.64688938742943189e-06 -1.81555062297408266e-05 -3.17520257140438061e-05
4.586103e+00 -2.75250468354723755e-06 -1.86113781828871620e-05 -3.19196361270954678e-05
4.595166e+00 -2.86161143658599458e-06 -1.90690480578192223e-05 -3.20628954169152483e-05
4.604230e+00 -2.97346346032750868e-06 -1.95292855545328551e-05 -3.21788840189352868e-05
4.613293e+00 -3.08722406995369708e-06 -1.99927019525166320e-05 -3.22696033009313397e-05
4.622356e+00 -3.20198916607114048e-06 -2.04597107868622515e-05 -3.23394906502453506e-05
4.631420e+00 -3.31694559551084289e-06 -2.09305539002756093e-05 -3.23913585815200698e-05
4.640483e+00 -3.43177999561454006e-06 -2.14052737627784506e-05 -3.24237374595560184e-05
4.649547e+00 -3.54712329628593853e-06 -2.18835941879433891e-05 -3.24314188401988399e-05
4.658610e+00 -3.66462228137882264e-06 -2.23647945308820366e-05 -3.24086010394987416e-05
4.667674e+00 -3.78639651424226765e-06 -2.28477185090017736e-05 -3.23522368702855841e-05
4.676737e+00 -3.91407851103598959e-06 -2.33309928755267007e-05 -3.22632280692866882e-05
4.685801e+00 -4.04799859394394655e-06 -2.38133872456306905e-05 -3.21448185653287898e-05
4.694864e+00 -4.18704310660108272e-06 -2.42941333273653240e-05 -3.19995404241566343e-05
4.703927e+00 -4.32927621652292882e-06 -2.47730282357654457e-05 -3.18269145307326608e-05
4.712991e+00 -4.47289900818603785e-06 -2.52502725047434786e-05 -3.16233371969430347e-05
4.722054e+00 -4.61692634161016648e-06 -2.57261515048321892e-05 -3.13839357256807445e-05
4.731118e+00 -4.76123377847756709e-06 -2.62007511400464667e-05 -3.11049129711060153e-05
4.740181e+00 -4.90612841352307669e-06 -2.66738545079739896e-05 -3.07848280851611266e-05
4.749245e+00 -5.05191704223500893e-06 -2.71450344506692885e-05 -3.04242220238267990e-05
4.758308e+00 -5.19884154775549593e-06 -2.76138316796094563e-05 -3.00241512012544410e-05
4.767372e+00 -5.34734864194715582e-06 -2.80798702527262252e-05 -2.95847397485329070e-05
4.776435e+00 -5.49832719691405646e-06 -2.85428274922343705e-05 -2.91045918904362482e-05
4.785498e+00 -5.65296871878479651e-06 -2.90022922371766011e-05 -2.85812069292466256e-05
4.794562e+00 -5.81224905979464756e-06 -2.94576345550939249e-05 -2.80119587327457806e-05
4.803625e+00 -5.97637926444835934e-06 -2.99080158821820295e-05 -2.73950216967764296e-05
4.812689e+00 -6.14462488191288420e-06 -3.03525878614599605e-05 -2.67297724849948224e-05
4.821752e+00 -6.31561301223168587e-06 -3.07908070913063934e-05 -2.60164649315889350e-05
4.830816e+00 -6.48788892480017108e-06 -3.12226996894371945e-05 -2.52552611186169034e-05
4.839879e+00 -6.66035301213040498e-06 -3.16488992270799093e-05 -2.44450120583076611e-05
4.848943e+00 -6.83238830697650166e-06 -3.20703690326269695e-05 -2.35824576666529501e-05
4.858006e+00 -7.00378333776287660e-06 -3.24878695919027268e-05 -2.26625338187384814e-05
4.867069e+00 -7.17468334239442685e-06 -3.29013710721818612e-05 -2.16800083916632010e-05
4.876133e+00 -7.34566050148368589e-06 -3.33096642686059641e-05 -2.06318020197143869e-05
4.885196e+00 -7.51774467740657349e-06 -3.37103535987064886e-05 -1.95186027658276871e-05
4.894260e+00 -7.69217190906509308e-06 -3.41002505761371733e-05 -1.83444255394881812e-05
4.903323e+00 -7.86980767979826675e-06 -3.44760077472967073e-05 -1.71138536133952670e-05
4.912387e+00 -8.05053081162687755e-06 -3.48347344377155174e-05 -1.58283013693835754e-05
4.921450e+00 -8.23302238287870338e-06 -3.51743666903161652e-05 -1.44836517128610252e-05
4.930514e+00 -8.41521411093287811e-06 -3.54937015290105628e-05 -1.30711344220233449e-05
4.939577e+00 -8.59522118552453317e-06 -3.57921691942684916e-05 -1.15813765581869957e-05
4.948640e+00 -8.77223242198798709e-06 -3.60695172086889323e-05 -1.00093426722660783e-05
4.957704e+00 -8.94682513354066542e-06 -3.63255722249953289e-05 -8.35696387957230600e-06
4.966767e+00 -9.12052177040355122e-06 -3.65601509838744192e-05 -6.63146963971206972e-06
4.975831e+00 -9.29486049433597201e-06 -3.67730784927056096e-05 -4.84016298431524388e-06
4.984894e+00 -9.47050794179277044e-06 -3.69642096155764431e-05 -2.98483527394684153e-06
4.993958e+00 -9.64686491440173535e-06 -3.71333703774153541e-05 -1.05945385059490773e-06
5.003021e+00 -9.82230747511936057e-06 -3.72802152666284792e-05  9.47259474934477000e-07
5.012085e+00 -9.99488819944429745e-06 -3.74040793437234822e-05  3.04593285533715913e-06
5.021148e+00 -1.01631566454692068e-05 -3.75039324964299839e-05  5.24111466200112203e-06
5.030211e+00 -1.03267629631428889e-05 -3.75784953835321605e-05  7.52978483623230804e-06
5.039275e+00 -1.04866140385642078e-05 -3.76264777912300305e-05  9.90465262213046053e-06
5.048338e+00 -1.06445021009693613e-05 -3.76468099143390506e-05  1.23599391273424454e-05
5.057402e+00 -1.08023135234619133e-05 -3.76387155294292535e-05  1.48958230021844219e-05
5.066465e+00 -1.09611308878970501e-05 -3.76015467339360933e-05  1.75188065341953166e-05
5.075529e+00 -1.11206689639014381e-05 -3.75344315545091863e-05  2.02380889005195872e-05
5.084592e+00 -1.12793993793476625e-05 -3.74359056444692316e-05  2.30606064286609084e-05
5.093656e+00 -1.14353753251238650e-05 -3.73037344916788205e-05  2.59880099664374171e-05
5.102719e+00 -1.15873206353834929e-05 -3.71350545765958021e-05  2.90172588895270818e-05
5.111782e+00 -1.17352983005443663e-05 -3.69268069823919598e-05  3.21440018795995873e-05
5.120846e+00 -1.18804585716598300e-05 -3.66762869268586416e-05  3.53662595138772590e-05
5.129909e+00 -1.20239407012845585e-05 -3.63815678971555397e-05  3.86861055725906970e-05
5.138973e+00 -1.21656095690600906e-05 -3.60416129597545775e-05  4.21086699931492146e-05
5.148036e+00 -1.23035082565392054e-05 -3.56560290808068532e-05  4.56395501857807315e-05
5.157100e+00 -1.24345040129839193e-05 -3.52245812207376970e-05  4.92824468255212447e-05
5.166163e+00 -1.25558262155795332e-05 -3.47466872251463464e-05  5.30382872921638502e-05
5.175227e+00 -1.26665629007874379e-05 -3.42211191084511258e-05  5.69059308999392711e-05
5.184290e+00 -1.27681485580608186e-05 -3.36460425245999872e-05  6.08836755072866492e-05
5.193353e+00 -1.28634883474003213e-05 -3.30193733687844678e-05  6.49706538384889083e-05
5.202417e+00 -1.29552209230148322e-05 -3.23392803458072477e-05  6.91676126887771784e-05
5.211480e+00 -1.30441518957787588e-05 -3.16045804108892021e-05  7.34770077033975323e-05
5.220544e+00 -1.31287525320218727e-05 -3.08148064626907698e-05  7.79025249812800196e-05
5.229607e+00 -1.32059331474569625e-05 -2.99698751573004904e-05  8.24481498623671794e-05
5.238671e+00 -1.32725425192963118e-05 -2.90694889817632553e-05  8.71169892311844185e-05
5.247734e+00 -1.33266974038053181e-05 -2.81125667272514969e-05  9.19102716039168263e-05
5.256798e+00 -1.33682774235235658e-05 -2.70970104623068953e-05  9.68270726946810715e-05
5.265861e+00 -1.33985040668564696e-05 -2.60199543416744078e-05  1.01865081913857670e-04
5.274924e+00 -1.34190391914776827e-05 -2.48783755505222476e-05  1.07022160689187182e-04
5.283988e+00 -1.34311823875869303e-05 -2.36697315353231281e-05  1.12297909516101348e-04
5.293051e+00 -1.34355100239697528e-05 -2.23922602077292971e-05  1.17694374595402496e-04
5.302115e+00 -1.34319240463411792e-05 -2.10447738934719673e-05  1.23215491365429199e-04
5.311178e+00 -1.34198469761064034e-05 -1.96260844610949459e-05  1.28865567230329798e-04
5.320242e+00 -1.33983315195099246e-05 -1.81344251774524796e-05  1.34647574374670954e-04
5.329305e+00 -1.33660568071432946e-05 -1.65672339451641365e-05  1.40562004599300325e-04
5.338369e+00 -1.33213603114995476e-05 -1.49214275597934053e-05  1.46606667723726217e-04
5.347432e+00 -1.32624614749769833e-05 -1.31939784832392870e-05  1.52777427149051228e-04
5.356495e+00 -1.31878761625244982e-05 -1.13824147030873021e-05  1.59069656223267367e-04
5.365559e+00 -1.30968319294603148e-05 -9.48492741431000320e-06  1.65480081537824176e-04
5.374622e+00 -1.29894238298430837e-05 -7.50004678343596295e-06  1.72008475558212842e-04
5.383686e+00 -1.28663634013841971e-05 -5.42614498340705845e-06  1.78658409811563343e-04
5.392749e+00 -1.27284072311304080e-05 -3.26114323056079543e-06  1.85436312832751516e-04
5.401813e+00 -1.25757590870958463e-05 -1.00265440591358246e-06  1.92348714289870940e-04
5.410876e+00 -1.24077815037015673e-05  1.35151659213724384e-06  1.99398671904689971e-04
5.419940e+00 -1.22231857720976745e-05  3.80285508780906371e-06  2.06583281392565591e-04
5.429003e+00 -1.20205818593139215e-05  6.35197704058159152e-06  2.13894035642433702e-04
5.438066e+00 -1.17990384430521677e-05  8.99898406353629642e-06  2.21320372644228709e-04
5.447130e+00 -1.15582870346273475e-05  1.17441593861905180e-05  2.28854744598834428e-04
5.456193e+00 -1.12984343504590059e-05  1.45886069147370845e-05  2.36496290591244312e-04
5.465257e+00 -1.10193873442702693e-05  1.75344629570701900e-05  2.44250731089924007e-04
5.474320e+00 -1.07204147115153937e-05  2.05845694347518892e-05  2.52126298715387093e-04
5.483384e+00 -1.04001960166651630e-05  2.37418203244882305e-05  2.60128035142632064e-04
5.492447e+00 -1.00573679797153401e-05  2.70085763156575430e-05  2.68253924398804012e-04
5.501511e+00 -9.69119300726938634e-06  3.03864790495602031e-05  2.76495251396861581e-04
5.510574e+00 -9.30183254396128459e-06  3.38767378253272621e-05  2.84840921672669138e-04
5.519637e+00 -8.88994227187536782e-06  3.74806773239242969e-05  2.93282990483837434e-04
5.528701e+00 -8.45578333777370828e-06  4.12001972892262752e-05  3.01819955240963523e-04
5.537764e+00 -7.99843299339759481e-06  4.50378735424064355e-05  3.10455871612207060e-04
5.546828e+00 -7.51568226356142490e-06  4.89966574063121032e-05  3.19196007814324272e-04
5.555891e+00 -7.00478929867036917e-06  5.30793593225599989e-05  3.28041814137020548e-04
5.564955e+00 -6.46368316817771554e-06  5.72882007660005491e-05  3.36988217418451169e-04
5.574018e+00 -5.89188027760486348e-06  6.16246476309888674e-05  3.46024670573224721e-04
5.583082e+00 -5.29052635337790437e-06  6.60895614969098506e-05  3.55139122138944984e-04
5.592145e+00 -4.66151991125958943e-06  7.06835364078242331e-05  3.64322515692439041e-04
5.601208e+00 -4.00624421884401069e-06  7.54072198974024431e-05  3.73571365673431969e-04
5.610272e+00 -3.32465427795232101e-06  8.02614703796866540e-05  3.82887202083383388e-04
5.619335e+00 -2.61520306924412843e-06  8.52473303722585271e-05  3.92273378760107753e-04
5.628399e+00 -1.87554656625699638e-06  9.03659132040282722e-05  4.01730982184020683e-04
5.637462e+00 -1.10351315722422876e-06  9.56183400116969033e-05  4.11255856428373822e-04
5.646526e+00 -2.97740686935100516e-07  1.01005803535825374e-04  4.20838103460718167e-04
5.655589e+00  5.42318761196881328e-07  1.06529715067876421e-04  4.30464224140242747e-04
5.664653e+00  1.41688889347396595e-06  1.12191791104513058e-04  4.40120862413064906e-04
5.673716e+00  2.32643411218703583e-06  1.17993933739671947e-04  4.49798382629838626e-04
5.682779e+00  3.27190266040149688e-06  1.23937876390152387e-04  4.59492553491511993e-04
5.691843e+00  4.25451563760050270e-06  1.30024744985588017e-04  4.69203454879669156e-04
5.700906e+00  5.27527661227125933e-06  1.36254805285777799e-04  4.78932040705820768e-04
5.709970e+00  6.33454274837714368e-06  1.42627623052490611e-04  4.88675982359393747e-04
5.719033e+00  7.43195465755053278e-06  1.49142644408047759e-04  4.98426865749548712e-04
5.728097e+00  8.56681891624609132e-06  1.55799925085945405e-04  5.08170223724443331e-04
5.737160e+00  9.73878654146872265e-06  1.62600584666870224e-04  5.17888492217881999e-04
5.746224e+00  1.09484884050501584e-05  1.69546665680736031e-04  5.27565475056224415e-04
5.755287e+00  1.21977613725080584e-05  1.76640406793536779e-04  5.37190078950843149e-04
5.764350e+00  1.34892620277463489e-05  1.83883299434441869e-04  5.46757390717551883e-04
5.773414e+00  1.48255724638966358e-05  1.91275449312817340e-04  5.56266476747888593e-04
5.782477e+00  1.62082144498143293e-05  1.98815592548266936e-04  5.65715933197364165e-04
5.791541e+00  1.76371152005634312e-05  2.06501720574013889e-04  5.75099371636652364e-04
5.800604e+00  1.91108848378405491e-05  2.14331905923623612e-04  5.84403105013860721e-04
5.809668e+00  2.06278251247310201e-05  2.22304831155979753e-04  5.93607252103919348e-04
5.818731e+00  2.21871350016446623e-05  2.30419757376482348e-04  6.02689805338348311e-04
5.827795e+00  2.37896116608586326e-05  2.38676056546694603e-04  6.11631715595196772e-04
5.836858e+00  2.54374140645680677e-05  2.47072704414213248e-04  6.20420473426700294e-04
5.845921e+00  2.71330215639548921e-05  2.55608113066703349e-04  6.29050321796286154e-04
5.854985e+00  2.88780260463898106e-05  2.64280408524647525e-04  6.37518848155959315e-04
5.864048e+00  3.06725013317034868e-05  2.73087935149419038e-04  6.45821520132633560e-04
5.873112e+00  3.25153191623252878e-05  2.82029615230018399e-04  6.53946852749690065e-04
5.882175e+00  3.44051751174411237e-05  2.91104892529060353e-04  6.61874717380794104e-04
5.891239e+00  3.63416553312157083e-05  3.00313251360587315e-04  6.69578827586804850e-04
5.900302e+00  3.83256937853871215e-05  3.09653548352183388e-04  6.77032330413477007e-04
5.909366e+00  4.03592012669364033e-05  3.19123485567517713e-04  6.84213740248156856e-04
5.918429e+00  4.24441776376085028e-05  3.28719471298677759e-04  6.91110096949799631e-04
5.927492e+00  4.45818951077403485e-05  3.38436934231278882e-04  6.97715507885988268e-04
5.936556e+00  4.67726125375283615e-05  3.48270973613147648e-04  7.04025592558548395e-04
5.945619e+00  4.90158847553200574e-05  3.58217102190601930e-04  7.10030595021834813e-04
5.954683e+00  5.13111602001917527e-05  3.68271792151283247e-04  7.15710818880708078e-04
5.963746e+00  5.36582473015790158e-05  3.78432579448445658e-04  7.21036972889163206e-04
5.972810e+00  5.60573999210042467e-05  3.88697628366096374e-04  7.25975448737796176e-04
5.981873e+00  5.85090615108104002e-05  3.99064883372770413e-04  7.30495838813058568e-04
5.990937e+00  6.10135084117591377e-05  4.09531154122619106e-04  7.34576674944043386e-04
6.000000e+00  6.35706386081916669e-05  4.20091565278512733e-04  7.38206250431656138e-04
6.009063e+00  6.61800059589474942e-05  4.30739667476349064e-04  7.41378047233003860e-04
6.018127e+00  6.88410302131557759e-05  4.41468183070437643e-04  7.44083241910561879e-04
6.027190e+00  7.15532301193546808e-05  4.52270016437453834e-04  7.46304323316934791e-04
6.036254e+00  7.43163564072437088e-05  4.63139000566158067e-04  7.48013149412705904e-04
6.045317e+00  7.71303916824732681e-05  4.74069988783831428e-04  7.49174260740832374e-04
6.054381e+00  7.99954611017843545e-05  4.85058260645189802e-04  7.49751440840957378e-04
6.063444e+00  8.29117181701591717e-05  4.96098579878950893e-04  7.49713954086756590e-04
6.072508e+00  8.58792418148486444e-05  5.07184403009975911e-04  7.49039345538988978e-04
6.081571e+00  8.88979447794864015e-05  5.18307611346433407e-04  7.47711710785715195e-04
6.090634e+00  9.19674876856780101e-05  5.29458828079747146e-04  7.45716696012842738e-04
6.099698e+00  9.50872238828460927e-05  5.40628086437736229e-04  7.43035936971022217e-04
6.108761e+00  9.82562344582918815e-05  5.51805494354104900e-04  7.39643620875979541e-04
6.117825e+00  1.01473501412244728e-04  5.62981622962609282e-04  7.35506601054212723e-04
6.126888e+00  1.04738187303134712e-04  5.74147534512859867e-04  7.30587753849628761e-04
6.135952e+00  1.08049878814659467e-04  5.85294530950613537e-04  7.24850831823693666e-04
6.145015e+00  1.11408598065812262e-04  5.96413775651599329e-04  7.18264472370576715e-04
6.154079e+00  1.14814468260282981e-04  6.07495929118368827e-04  7.10803453090934215e-04
6.163142e+00  1.18267132354382389e-04  6.18530897031938803e-04  7.02446580554452402e-04
6.172205e+00  1.21765242704455814e-04  6.29507749144611432e-04  6.93172253028293342e-04
6.181269e+00  1.25306392786209207e-04  6.40414823344574551e-04  6.82953997163276028e-04
6.190332e+00  1.28887654503394950e-04  6.51239963401267037e-04  6.71758428292048584e-04
6.199396e+00  1.32506502283914041e-04  6.61970765561340131e-04  6.59546878124491094e-04
6.208459e+00  1.36161592253491678e-04  6.72594680507853726e-04  6.46279891851954088e-04
6.217523e+00  1.39852866103134079e-04  6.83098881149860906e-04  6.31922051878906700e-04
6.226586e+00  1.43580819833552938e-04  6.93469951765169116e-04  6.16444248187596080e-04
6.235650e+00  1.47345308571062046e-04  7.03693595245521411e-04  5.99821922092080699e-04
6.244713e+00  1.51144597591965931e-04  7.13754584832797679e-04  5.82030200853624513e-04
6.253776e+00  1.54975264915733270e-04  7.23637057465325965e-04  5.63038766872029500e-04
6.262840e+00  1.58833053486206826e-04  7.33325021252270726e-04  5.42809546738916185e-04
6.271903e+00  1.62714183102279406e-04  7.42802774850415798e-04  5.21298677763347624e-04
6.280967e+00  1.66616348890058898e-04  7.52054941814294460e-04  4.98461696232957419e-04
6.290030e+00  1.70538834529976508e-04  7.61066026800305702e-04  4.74259010354631202e-04
6.299094e+00  1.74481709870986414e-04  7.69819686029113220e-04  4.48658565851774399e-04
6.308157e+00  1.78444606109112594e-04  7.78298091828233678e-04  4.21634214109171577e-04
6.317221e+00  1.82425750179564494e-04  7.86481737716910462e-04  3.93160674663288923e-04
6.326284e+00  1.86421721376660944e-04  7.94349794054624862e-04  3.63207804650357189e-04
6.335347e+00  1.90427955462288184e-04  8.01880829955923255e-04  3.31737213114058436e-04
6.344411e+00  1.94439650432414796e-04  8.09053539317812530e-04  2.98703003396506698e-04
6.353474e+00  1.98452608415551233e-04  8.15847138502156220e-04  2.64056299937739990e-04
6.362538e+00  2.02463674126350881e-04  8.22241299801549502e-04  2.27751292451813494e-04
6.371601e+00  2.06470664934396464e-04  8.28215718164329422e-04  1.89749735444797932e-04
6.380665e+00  2.10471890973646801e-04  8.33749552290475346e-04  1.50021557725321810e-04
6.389728e+00  2.14465476350206432e-04  8.38820985459131935e-04  1.08541153360640352e-04
6.398792e+00  2.18448725599318172e-04  8.43407051270943665e-04  6.52811494725946077e-05
6.407855e+00  2.22417754809119215e-04  8.47483737588972216e-04  2.02068664409570293e-05
6.416918e+00  2.26367522591236584e-04  8.51026275800961449e-04 -2.67255067115139199e-05
6.425982e+00  2.30292250684634045e-04  8.54009465558863679e-04 -7.55658460215391330e-05
6.435045e+00  2.34186058142825973e-04  8.56407881988601404e-04 -1.26363594818404678e-04
6.444109e+00  2.38043530834404005e-04  8.58195865815180475e-04 -1.79161302114498730e-04
6.453172e+00  2.41859980900033049e-04  8.59347301216397742e-04 -2.33991835076789067e-04
6.462236e+00  2.45631312839087975e-04  8.59835305980504480e-04 -2.90880981697939174e-04
6.471299e+00  2.49353610861100753e-04  8.59632026595920818e-04 -3.49854116702117671e-04
6.480363e+00  2.53022678188228928e-04  8.58708686752041321e-04 -4.10943170566775750e-04
6.489426e+00  2.56633735590794095e-04  8.57035883553251636e-04 -4.74189813827147568e-04
6.498489e+00  2.60181362412497590e-04  8.54583948628803345e-04 -5.39642860865836740e-04
6.507553e+00  2.63659633380360547e-04  8.51323117460299592e-04 -6.07351262666967827e-04
6.516616e+00  2.67062341644704428e-04  8.47223353101513553e-04 -6.77356712452955733e-04
6.525680e+00  2.70383207938758730e-04  8.42253902222464220e-04 -7.49690200690476078e-04
6.534743e+00  2.73616013587750246e-04  8.36382870023021823e-04 -8.24374576738996193e-04
6.543807e+00  2.76754623849640607e-04  8.29577131459440084e-04 -9.01431633760804642e-04
6.552870e+00  2.79792890362555013e-04  8.21802707739742303e-04 -9.80889553520687164e-04
6.561934e+00  2.82724461492587890e-04  8.13025440683210832e-04 -1.06278634195095369e-03
6.570997e+00  2.85542587534425745e-04  8.03211587347402666e-04 -1.14716726559335042e-03
6.580060e+00  2.88240041884660824e-04  7.92327976562945640e-04 -1.23407781342049164e-03
6.589124e+00  2.90809238588779864e-04  7.80341610896075305e-04 -1.32355625627610194e-03
6.598187e+00  2.93242508566654645e-04  7.67218911143103090e-04 -1.41562999134556581e-03
6.607251e+00  2.95532370132396563e-04  7.52924994275608979e-04 -1.51031756658959724e-03
6.616314e+00  2.97671592338470702e-04  7.37423342256179307e-04 -1.60763501011626573e-03
6.625378e+00  2.99652951726408373e-04  7.20675994477241273e-04 -1.70760275722832791e-03
6.634441e+00  3.01468775762192272e-04  7.02644123330284668e-04 -1.81024933111901946e-03
6.643505e+00  3.03110527185554640e-04  6.83288682431344718e-04 -1.91560992347901545e-03
6.652568e+00  3.04568699459287706e-04  6.62570824564860856e-04 -2.02372089349243684e-03
6.661631e+00  3.05833140316405668e-04  6.40451941650710204e-04 -2.13461333074283941e-03
6.670695e+00  3.06893681535751097e-04  6.16893383348154846e-04 -2.24830912143287286e-03
6.679758e+00  3.07740766489168662e-04  5.91856058581294959e-04 -2.36482139998640904e-03
6.688822e+00  3.08365740895958631e-04  5.65300152440355503e-04 -2.48415882092548794e-03
6.697885e+00  3.08760625048957733e-04  5.37185099588414691e-04 -2.60633110238583281e-03
6.706949e+00  3.08917441170156637e-04  5.07469799588434719e-04 -2.73135278691457022e-03
6.716012e+00  3.08827399425705093e-04  4.76112922848843457e-04 -2.85924331170994391e-03
6.725076e+00  3.08480333681619093e-04  4.43073111840971805e-04 -2.99002357204729242e-03
6.734139e+00  3.07864672549248096e-04  4.08308956703118712e-04 -3.12371102343479918e-03
6.743202e+00  3.06967975202380983e-04  3.71778775708278932e-04 -3.26031600498020990e-03
6.752266e+00  3.05777778326203425e-04  3.33440367188999481e-04 -3.39984110123907031e-03
6.761329e+00  3.04282339845787482e-04  2.93250930431178500e-04 -3.54228356431010452e-03
6.770393e+00  3.02470921917313699e-04  2.51167250998990421e-04 -3.68763915693107267e-03
6.779456e+00  3.00333507035469070e-04  2.07146070550341785e-04 -3.83590517071474889e-03
6.788520e+00  2.97860145773152390e-04  1.61144426074501202e-04 -3.98708106538105123e-03
6.797583e+00  2.95040311918401746e-04  1.13119741868925394e-04 -4.14116663697633534e-03
6.806647e+00  2.91862586403869139e-04  6.30295975474983350e-05 -4.29815894023775381e-03
6.815710e+00  2.88314751390721417e-04  1.08312918418202315e-05 -4.45804965040612084e-03
6.824773e+00  2.84384117974687304e-04 -4.35185476207084021e-05 -4.62082404291423374e-03
6.833837e+00  2.80057807331599636e-04 -1.00064073859559998e-04 -4.78646175560599671e-03
6.842900e+00  2.75322809367338169e-04 -1.58849964419648359e-04 -4.95493862459822024e-03
6.851964e+00  2.70165855865894323e-04 -2.19920908293152491e-04 -5.12622856162130505e-03
6.861027e+00  2.64573296008108964e-04 -2.83321073492144614e-04 -5.30030466455692559e-03
6.870091e+00  2.58531141933658669e-04 -3.49093792973754016e-04 -5.47713923977721524e-03
6.879154e+00  2.52025293127052647e-04 -4.17281586769659802e-04 -5.65670286724602282e-03
6.888218e+00  2.45041789735000743e-04 -4.87926465012306076e-04 -5.83896292148930983e-03
6.897281e+00  2.37566915093494424e-04 -5.61070315339446822e-04 -6.02388208792978708e-03
6.906344e+00  2.29587083948916784e-04 -6.36755134452734995e-04 -6.21141743186558615e-03
6.915408e+00  2.21088615480897105e-04 -7.15022938875118546e-04 -6.40152048653886124e-03
6.924471e+00  2.12057570910270887e-04 -7.95915352774127522e-04 -6.59413860158700963e-03
6.933535e+00  2.02479780479452210e-04 -8.79473044539029990e-04 -6.78921745257981320e-03
6.942598e+00  1.92341049225303365e-04 -9.65735275534822940e-04 -6.98670425026607159e-03
6.951662e+00  1.81627424323371566e-04 -1.05473977156122600e-03 -7.18655093588995743e-03
6.960725e+00  1.70325401128891665e-04 -1.14652294291916427e-03 -7.38871661339298661e-03
6.969789e+00  1.58422026272837389e-04 -1.24112026027637496e-03 -7.59316869619686835e-03
6.978852e+00  1.45904948569030104e-04 -1.33856647631805208e-03 -7.79988270606772529e-03
6.987915e+00  1.32762502118448654e-04 -1.43889545611397183e-03 -8.00884122879033829e-03
6.996979e+00  1.18983866393563930e-04 -1.54213961561015670e-03 -8.22003296870814706e-03
7.006042e+00  1.04559273874563015e-04 -1.64832922889108320e-03 -8.43345285982203575e-03
7.015106e+00  8.94801793005846915e-05 -1.75749198378744270e-03 -8.64910361238982635e-03
7.024169e+00  7.37392958644934204e-05 -1.86965305910752767e-03 -8.86699805586719549e-03
7.033233e+00  5.73304428322499564e-05 -1.98483572718773918e-03 -9.08716071641918650e-03
7.042296e+00  4.02482184766302586e-05 -2.10306222043063918e-03 -9.30962690807451802e-03
7.051360e+00  2.24875864894533363e-05 -2.22435449985672285e-03 -9.53443856171715814e-03
7.060423e+00  4.04351096765644205e-06 -2.34873467232620849e-03 -9.76163772402388955e-03
7.069486e+00 -1.50892384121768100e-05 -2.47622502840160168e-03 -9.99126018282318722e-03
7.078550e+00 -3.49160745827251030e-05 -2.60684785974901094e-03 -1.02233320176630567e-02
7.087613e+00 -5.54424591927294292e-05 -2.74062525804640847e-03 -1.04578706706752490e-02
7.096677e+00 -7.66738094290593850e-05 -2.87757900491918042e-03 -1.06948899716957178e-02
7.105740e+00 -9.86155717759533158e-05 -3.01773053056580715e-03 -1.09344066507524439e-02
7.114804e+00 -1.21273437083604460e-04 -3.16110084571492389e-03 -1.11764453086192986e-02
7.123867e+00 -1.44653498225485430e-04 -3.30771036631365449e-03 -1.14210398522961529e-02
7.132931e+00 -1.68762091462074034e-04 -3.45757860914809936e-03 -1.16682313587845952e-02
7.141994e+00 -1.93605187434340550e-04 -3.61072377934973680e-03 -1.19180640764523730e-02
7.151057e+00 -2.19187447392500760e-04 -3.76716227936135274e-03 -1.21705819335630894e-02
7.160121e+00 -2.45511271076331264e-04 -3.92690817478923756e-03 -1.24258273211577727e-02
7.169184e+00 -2.72576183883590714e-04 -4.08997269126254621e-03 -1.26838425259365346e-02
7.178248e+00 -3.00378722224414025e-04 -4.25636387793165011e-03 -1.29446727507139051e-02
7.187311e+00 -3.28912708688004762e-04 -4.42608659888173508e-03 -1.32083688008619599e-02
7.196375e+00 -3.58169648670466983e-04 -4.59914294676880015e-03 -1.34749875562589130e-02
7.205438e+00 -3.88139026170163874e-04 -4.77553301808115917e-03 -1.37445892846747852e-02
7.214502e+00 -4.18808468047790093e-04 -4.95525582519298641e-03 -1.40172323636710006e-02
7.223565e+00 -4.50163918310165546e-04 -5.13831004858831229e-03 -1.42929674494026940e-02
7.232628e+00 -4.82189982658691397e-04 -5.32469440326356798e-03 -1.45718338064574505e-02
7.241692e+00 -5.14870468106079135e-04 -5.51440756623656700e-03 -1.48538598592779254e-02
7.250755e+00 -5.48188975084478347e-04 -5.70744778608941409e-03 -1.51390681508410153e-02
7.259819e+00 -5.82129335647874426e-04 -5.90381237968309880e-03 -1.54274826805255796e-02
7.268882e+00 -6.16675769061717427e-04 -6.10349729167490238e-03 -1.57191353013758015e-02
7.277946e+00 -6.51812765797408762e-04 -6.30649679383785220e-03 -1.60140683502747565e-02
7.287009e+00 -6.87524796359514911e-04 -6.51280330133985168e-03 -1.63123327882943314e-02
7.296073e+00 -7.23795922895404580e-04 -6.72240722537616187e-03 -1.66139836407289722e-02
7.305136e+00 -7.60609321023124406e-04 -6.93529677131284050e-03 -1.69190759513219088e-02
7.314199e+00 -7.97946690491709173e-04 -7.15145761722326724e-03 -1.72276639884957339e-02
7.323263e+00 -8.35787588441180710e-04 -7.37087246357854588e-03 -1.75398044495949645e-02
7.332326e+00 -8.74108809463362076e-04 -7.59352052814426734e-03 -1.78555621817707462e-02
7.341390e+00 -9.12883971106793362e-04 -7.81937714882090240e-03 -1.81750157577075175e-02
7.350453e+00 -9.52083396051278739e-04 -8.04841370020081825e-03 -1.84982605904272963e-02
7.359517e+00 -9.91674256527191747e-04 -8.28059797328038055e-03 -1.88254086555946394e-02
7.368580e+00 -1.03162085577944668e-03 -8.51589500442934480e-03 -1.91565853610510574e-02
7.377644e+00 -1.07188492345073791e-03 -8.75426813591816295e-03 -1.94919249500286294e-02
7.386707e+00 -1.11242587090114374e-03 -8.99567996022283649e-03 -1.98315659246598094e-02
7.395770e+00 -1.15320101139879854e-03 -9.24009283426473725e-03 -2.01756476196863488e-02
7.404834e+00 -1.19416574978628413e-03 -9.48746884777259582e-03 -2.05243085253300726e-02
7.413897e+00 -1.23527371376135368e-03 -9.73776939225192220e-03 -2.08776863095868417e-02
7.422961e+00 -1.27647680480898738e-03 -9.99095466143501421e-03 -2.12359187097929669e-02
7.432024e+00 -1.31772522249195938e-03 -1.02469834216967464e-02 -2.15991437646521102e-02
7.441088e+00 -1.35896760471577961e-03 -1.05058132224087452e-02 -2.19674977285856908e-02
7.450151e+00 -1.40015142510821738e-03 -1.07674009655454022e-02 -2.23411098568719636e-02
7.459215e+00 -1.44122364737482773e-03 -1.10317035511519473e-02 -2.27200949140367904e-02
7.468278e+00 -1.48213142830984444e-03 -1.12986782584731538e-02 -2.31045458800862753e-02
7.477341e+00 -1.52282254309994160e-03 -1.15682826343949888e-02 -2.34945298069605193e-02
7.486405e+00 -1.56324529508896628e-03 -1.18404738844052771e-02 -2.38900885586064392e-02
7.495468e+00 -1.60334793496104281e-03 -1.21152079871522968e-02 -2.42912437755471930e-02
7.504532e+00 -1.64307787772952811e-03 -1.23924388669647053e-02 -2.46980032246219734e-02
7.513595e+00 -1.68238108269111301e-03 -1.26721178925578142e-02 -2.51103650955288374e-02
7.522659e+00 -1.72120179822684584e-03 -1.29541937472235028e-02 -2.55283181991722910e-02
7.531722e+00 -1.75948259543347329e-03 -1.32386124514482385e-02 -2.59518385533669821e-02
7.540785e+00 -1.79716442872829827e-03 -1.35253171695521954e-02 -2.63808849526110355e-02
7.549849e+00 -1.83418649450002363e-03 -1.38142475043256732e-02 -2.68153965873297560e-02
7.558912e+00 -1.87048586382517813e-03 -1.41053382577342630e-02 -2.72552944760541087e-02
7.567976e+00 -1.90599706928102860e-03 -1.43985179604664438e-02 -2.77004863426892275e-02
7.577039e+00 -1.94065187302442169e-03 -1.46937076517764161e-02 -2.81508728984883813e-02
7.586103e+00 -1.97437931317374091e-03 -1.49908203079404528e-02 -2.86063530730433085e-02
7.595166e+00 -2.00710593469326714e-03 -1.52897610175825923e-02 -2.90668265284474148e-02
7.604230e+00 -2.03875600756282197e-03 -1.55904276633982118e-02 -2.95321931458590141e-02
7.613293e+00 -2.06925158229397934e-03 -1.58927116860856331e-02 -3.00023504098669569e-02
7.622356e+00 -2.09851237546491683e-03 -1.61964985625531778e-02 -3.04771903546132220e-02
7.631420e+00 -2.12645560480491207e-03 -1.65016678605228208e-02 -3.09565978737855393e-02
7.640483e+00 -2.15299593027924036e-03 -1.68080929805123555e-02 -3.14404517113073406e-02
7.649547e+00 -2.17804560959471757e-03 -1.71156408309725561e-02 -3.19286283623530023e-02
7.658610e+00 -2.20151489691597412e-03 -1.74241716664994585e-02 -3.24210076848834017e-02
7.667674e+00 -2.22331264490654643e-03 -1.77335392052050782e-02 -3.29174778896365178e-02
7.676737e+00 -2.24334701728489631e-03 -1.80435910091594418e-02 -3.34179375230954576e-02
7.685801e+00 -2.26152617171679858e-03 -1.83541690136248825e-02 -3.39222934187899672e-02
7.694864e+00 -2.27775874248295528e-03 -1.86651100446662034e-02 -3.44304557816861936e-02
7.703927e+00 -2.29195397582420725e-03 -1.89762461794999379e-02 -3.49423332456743410e-02
7.712991e+00 -2.30402147325007656e-03 -1.92874048910472509e-02 -3.54578306677023267e-02
7.722054e+00 -2.31387065218454637e-03 -1.95984090681212766e-02 -3.59768504418376614e-02
7.731118e+00 -2.32141016060327665e-03 -1.99090771541957021e-02 -3.64992954530765495e-02
7.740181e+00 -2.32654750250375561e-03 -2.02192236979583245e-02 -3.70250702801275394e-02
7.749245e+00 -2.32918902193013973e-03 -2.05286604804045120e-02 -3.75540780317754272e-02
7.758308e+00 -2.32924021198746729e-03 -2.08371981020574540e-02 -3.80862128132728045e-02
7.767372e+00 -2.32660616365228980e-03 -2.11446476258631173e-02 -3.86213505156109624e-02
7.776435e+00 -2.32119192918434471e-03 -2.14508217629369065e-02 -3.91593416129736444e-02
7.785498e+00 -2.31290265940842362e-03 -2.17555352568133929e-02 -3.97000084036166351e-02
7.794562e+00 -2.30164352245647470e-03 -2.20586044904342131e-02 -4.02431466675940777e-02
7.803625e+00 -2.28731952845910840e-03 -2.23598466916258114e-02 -4.07885297802904889e-02
7.812689e+00 -2.26983539723391980e-03 -2.26590792280286883e-02 -4.13359130406521086e-02
7.821752e+00 -2.24909550846656269e-03 -2.29561192891775227e-02 -4.18850371271523303e-02
7.830816e+00 -2.22500383625031870e-03 -2.32507838802675053e-02 -4.24356309793515463e-02
7.839879e+00 -2.19746370056073028e-03 -2.35428897470683317e-02 -4.29874148969399822e-02
7.848943e+00 -2.16637724329918563e-03 -2.38322528207465488e-02 -4.35401040606832601e-02
7.858006e+00 -2.13164473489372685e-03 -2.41186870469482749e-02 -4.40934117367875814e-02
7.867069e+00 -2.09316401344966652e-03 -2.44020028838679119e-02 -4.46470510234634813e-02
7.876133e+00 -2.05083039564128841e-03 -2.46820060661422057e-02 -4.52007344370989467e-02
7.885196e+00 -2.00453720832882969e-03 -2.49584972447559512e-02 -4.57541714795895935e-02
7.894260e+00 -1.95417676740913772e-03 -2.52312728104504072e-02 -4.63070649105111337e-02
7.903323e+00 -1.89964139183175658e-03 -2.55001267499978812e-02 -4.68591064862015766e-02
7.912387e+00 -1.84082407096332465e-03 -2.57648530115998850e-02 -4.74099726907357064e-02
7.921450e+00 -1.77761870207791676e-03 -2.60252477489344575e-02 -4.79593209128217068e-02
7.930514e+00 -1.70992017097826624e-03 -2.62811109971501956e-02 -4.85067867346078985e-02
7.939577e+00 -1.63762468782991397e-03 -2.65322476730765547e-02 -4.90519831607886467e-02
7.948640e+00 -1.56063058982631097e-03 -2.67784680827014704e-02 -4.95945023010902486e-02
7.957704e+00 -1.47883942404643991e-03 -2.70195882164265926e-02 -5.01339191747463622e-02
7.966767e+00 -1.39215683600428714e-03 -2.72554300112931233e-02 -5.06697963868183304e-02
7.975831e+00 -1.30049284456309729e-03 -2.74858215794286306e-02 -5.12016880529610544e-02
7.984894e+00 -1.20376144696738067e-03 -2.77105972933055500e-02 -5.17291418038935830e-02
7.993958e+00 -1.10187988750193940e-03 -2.79295976534100383e-02 -5.22516987108471095e-02
8.003021e+00 -9.94768037992469021e-04 -2.81426689960508694e-02 -5.27688919485282473e-02
8.012085e+00 -8.82348101299151280e-04 -2.83496632137387738e-02 -5.32802454974528258e-02
8.021148e+00 -7.64544468239548836e-04 -2.85504376732678422e-02 -5.37852741271312093e-02
8.030211e+00 -6.41283350680131722e-04 -2.87448554367245347e-02 -5.42834855284758944e-02
8.039275e+00 -5.12491941878841749e-04 -2.89327858008992210e-02 -5.47743849916953740e-02
8.048338e+00 -3.78097202565802492e-04 -2.91141051443270550e-02 -5.52574824826489591e-02
8.057402e+00 -2.38024651749721639e-04 -2.92886981035095952e-02 -5.57323013246461205e-02
8.066465e+00 -9.21975441330506680e-05 -2.94564591158605268e-02 -5.61983870927394435e-02
8.075529e+00  5.94634302602723734e-05 -2.96172943003702935e-02 -5.66553151372641908e-02
8.084592e+00  2.17040066131617403e-04 -2.97711235165474958e-02 -5.71026956667585531e-02
8.093656e+00  3.80616428550862673e-04 -2.99178823503157588e-02 -5.75401763977468131e-02
8.102719e+00  5.50278655471184131e-04 -3.00575238229094065e-02 -5.79674437887680444e-02
8.111782e+00  7.26114776518340765e-04 -3.01900198059581702e-02 -5.83842240963682313e-02
8.120846e+00  9.08214486245063706e-04 -3.03153623325666186e-02 -5.87902846948856195e-02
8.129909e+00  1.09666885157254368e-03 -3.04335650642786511e-02 -5.91854348295393143e-02
8.138973e+00  1.29156996592939702e-03 -3.05446650423392418e-02 -5.95695241974779424e-02
8.148036e+00  1.49301049572140004e-03 -3.06487246063589271e-02 -5.99424381573308851e-02
8.157100e+00  1.70108294871123178e-03 -3.07458331841001138e-02 -6.03040897989406896e-02
8.166163e+00  1.91587848601502899e-03 -3.08361086746430542e-02 -6.06544106524985957e-02
8.175227e+00  2.13748529896174962e-03 -3.09196983412361112e-02 -6.09933424851159950e-02
8.184290e+00  2.36598688758762497e-03 -3.09967793375754350e-02 -6.13208320601163134e-02
8.193353e+00  2.60146077091272113e-03 -3.10675590368371182e-02 -6.16368293941538664e-02
8.202417e+00  2.84397804534596314e-03 -3.11322751660468196e-02 -6.19412888141607568e-02
8.211480e+00  3.09360383348826267e-03 -3.11911954839729118e-02 -6.22341715892539352e-02
8.220544e+00  3.35039829538705085e-03 -3.12446165715899483e-02 -6.25154490655454587e-02
8.229607e+00  3.61441777838766767e-03 -3.12928613585359006e-02 -6.27851056211309738e-02
8.238671e+00  3.88571590900978203e-03 -3.13362752622431684e-02 -6.30431410200486403e-02
8.247734e+00  4.16434476631502831e-03 -3.13752211189224500e-02 -6.32895718806568697e-02
8.256798e+00  4.45035642856552848e-03 -3.14100732752035650e-02 -6.35244321972026349e-02
8.265861e+00  4.74380503311078432e-03 -3.14412112176149991e-02 -6.37477732028972760e-02
8.274924e+00  5.04474917880342114e-03 -3.14690129954246986e-02 -6.39596630501609309e-02
8.283988e+00  5.35325430065126777e-03 -3.14938485531652754e-02 -6.41601864672616679e-02
8.293051e+00  5.66939470821224700e-03 -3.15160730213044568e-02 -6.43494437814426390e-02
8.302115e+00  5.99325520942497678e-03 -3.15360200346536598e-02 -6.45275480523335027e-02
8.311178e+00  6.32493240739820210e-03 -3.15539952156651884e-02 -6.46946192314843821e-02
8.320242e+00  6.66453571391866992e-03 -3.15702700145977164e-02 -6.48507754313277091e-02
8.329305e+00  7.01218794745136261e-03 -3.15850761019049395e-02 -6.49961229226535125e-02
8.338369e+00  7.36802529250896437e-03 -3.15986004542098964e-02 -6.51307473466023190e-02
8.347432e+00  7.73219652926228091e-03 -3.16109811865750018e-02 -6.52547081796715917e-02
8.356495e+00  8.10486170986230749e-03 -3.16223041039510738e-02 -6.53680370141545564e-02
8.365559e+00  8.48619061924630984e-03 -3.16325999259693888e-02 -6.54707387270434815e-02
8.374622e+00  8.87636124258509886e-03 -3.16418422182635495e-02 -6.55627940592307529e-02
8.383686e+00  9.27555814197131116e-03 -3.16499462287767944e-02 -6.56441626813091123e-02
8.392749e+00  9.68397039240027381e-03 -3.16567690039702074e-02 -6.57147868141461783e-02
8.401813e+00  1.01017887802434658e-02 -3.16621112365417651e-02 -6.57745960204582231e-02
8.410876e+00  1.05292023206636359e-02 -3.16657211930588128e-02 -6.58235135196169052e-02
8.419940e+00  1.09663945493500923e-02 -3.16673008002468226e-02 -6.58614636552860150e-02
8.429003e+00  1.14135401936267256e-02 -3.16665136456731333e-02 -6.58883796119257570e-02
8.438066e+00  1.18708026323508971e-02 -3.16629944182465414e-02 -6.59042104648169258e-02
8.447130e+00  1.23383321815651124e-02 -3.16563592577570746e-02 -6.59089269578186782e-02
8.456193e+00  1.28162649710499930e-02 -3.16462165617720642e-02 -6.59025256186481501e-02
8.465257e+00  1.33047221604562765e-02 -3.16321778853259003e-02 -6.58850307967009524e-02
8.474320e+00  1.38038094080476462e-02 -3.16138685467623401e-02 -6.58564942034023937e-02
8.483384e+00  1.43136166443539724e-02 -3.15909374059689246e-02 -6.58169918830948664e-02
8.492447e+00  1.48342181778518024e-02 -3.15630651098503384e-02 -6.57666192124992111e-02
8.501511e+00  1.53656730129556017e-02 -3.15299700502719715e-02 -6.57054850601394291e-02
8.510574e+00  1.59080251565848381e-02 -3.14914114399121176e-02 -6.56337061575626990e-02
8.519637e+00  1.64613037486889546e-02 -3.14471892512000473e-02 -6.55514020414151022e-02
8.528701e+00  1.70255230381471494e-02 -3.13971411550769131e-02 -6.54586901737971155e-02
8.537764e+00  1.76006823839477342e-02 -3.13411368948078167e-02 -6.53556807005489099e-02
8.546828e+00  1.81867664624834439e-02 -3.12790706547579067e-02 -6.52424709588406010e-02
8.555891e+00  1.87837457110427569e-02 -3.12108519520265942e-02 -6.51191408450941256e-02
8.564955e+00  1.93915768619620475e-02 -3.11363954810063501e-02 -6.49857507702967657e-02
8.574018e+00  2.00102033547545806e-02 -3.10556102838948807e-02 -6.48423437125091873e-02
8.583082e+00  2.06395554918043754e-02 -3.09683886672179956e-02 -6.46889519167131166e-02
8.592145e+00  2.12795503612769332e-02 -3.08745954196011918e-02 -6.45256075178426980e-02
8.601208e+00  2.19300916962345931e-02 -3.07740580146554435e-02 -6.43523551716166792e-02
8.610272e+00  2.25910699237285538e-02 -3.06665584732444367e-02 -6.41692639094822159e-02
8.619335e+00  2.32623626821166392e-02 -3.05518273177335167e-02 -6.39764351387347302e-02
8.628399e+00  2.39438360507746723e-02 -3.04295395966039939e-02 -6.37740043663388989e-02
8.637462e+00  2.46353466211069530e-02 -3.02993124496114090e-02 -6.35621360824138865e-02
8.646526e+00  2.53367443283367133e-02 -3.01607033578319902e-02 -6.33410139013416557e-02
8.655589e+00  2.60478757116340831e-02 -3.00132082613300405e-02 -6.31108302974739965e-02
8.664653e+00  2.67685870921255814e-02 -2.98562591309465032e-02 -6.28717806077817437e-02
8.673716e+00  2.74987271547545743e-02 -2.96892211443153808e-02 -6.26240637806546319e-02
8.682779e+00  2.82381485788357790e-02 -2.95113900395680452e-02 -6.23678886179042449e-02
8.691843e+00  2.89867085466234374e-02 -2.93219902977689545e-02 -6.21034812006211259e-02
8.700906e+00  2.97442680134091739e-02 -2.91201745633955546e-02 -6.18310887906004941e-02
8.709970e+00  3.05106895153729914e-02 -2.89050243912125499e-02 -6.15509780221664832e-02
8.719033e+00  3.12858331656483066e-02 -2.86755522916108604e-02 -6.12634288945476183e-02
8.728097e+00  3.20695505556903362e-02 -2.84307052587153414e-02 -6.09687284054181364e-02
8.737160e+00  3.28616766310693212e-02 -2.81693703780410941e-02 -6.06671671607423024e-02
8.746224e+00  3.36620201170234265e-02 -2.78903834276010079e-02 -6.03590395865284540e-02
8.755287e+00  3.44703534497664138e-02 -2.75925413424444876e-02 -6.00446456108788343e-02
8.764350e+00  3.52864032045742335e-02 -2.72746189397878452e-02 -5.97242908703729675e-02
8.773414e+00  3.61098417140841149e-02 -2.69353895583955109e-02 -5.93982840118681757e-02
8.782477e+00  3.69402801804155287e-02 -2.65736485229924983e-02 -5.90669321917894480e-02
8.791541e+00  3.77772633874569191e-02 -2.61882378279470196e-02 -5.87305375610746236e-02
8.800604e+00  3.86202662305125538e-02 -2.57780702289575094e-02 -5.83893973467853392e-02
8.809668e+00  3.94686925684641365e-02 -2.53421509901272241e-02 -5.80438084474873967e-02
8.818731e+00  4.03218771004899973e-02 -2.48795957522847042e-02 -5.76940754075391735e-02
8.827795e+00  4.11790908672052536e-02 -2.43896432740333818e-02 -5.73405192443729519e-02
8.836858e+00  4.20395505573292472e-02 -2.38716620959451009e-02 -5.69834842391686927e-02
8.845921e+00  4.29024312200377914e-02 -2.33251504735209302e-02 -5.66233403435910804e-02
8.854985e+00  4.37668814435247799e-02 -2.27497292328055038e-02 -5.62604800914449227e-02
8.864048e+00  4.46320397000966387e-02 -2.21451275737947172e-02 -5.58953106216336232e-02
8.873112e+00  4.54970504192693595e-02 -2.15111623429064328e-02 -5.55282431567060419e-02
8.882175e+00  4.63610784173102627e-02 -2.08477119365650249e-02 -5.51596832176200688e-02
8.891239e+00  4.72233205535762049e-02 -2.01546867036311236e-02 -5.47900242237773227e-02
8.900302e+00  4.80830138584830355e-02 -1.94319983010567757e-02 -5.44196449487498249e-02
8.909366e+00  4.89394398157482757e-02 -1.86795307139859187e-02 -5.40489087231692186e-02
8.918429e+00  4.97919248958908628e-02 -1.78971154624302624e-02 -5.36781610009188434e-02
8.927492e+00  5.06398377680229439e-02 -1.70845129396603006e-02 -5.33077229885668968e-02
8.936556e+00  5.14825838642621325e-02 -1.62414010664087630e-02 -5.29378819770216225e-02
8.945619e+00  5.23195981824503553e-02 -1.53673717274103398e-02 -5.25688819395010720e-02
8.954683e+00  5.31503374151995681e-02 -1.44619349058260505e-02 -5.22009188853498063e-02
8.963746e+00  5.39742726410063559e-02 -1.35245300231943370e-02 -5.18341436674207498e-02
8.972810e+00  5.47908838060336273e-02 -1.25545436224832989e-02 -5.14686714653699515e-02
8.981873e+00  5.55996569891522019e-02 -1.15513321226856473e-02 -5.11045940593805315e-02
8.990937e+00  5.64000850019806890e-02 -1.05142479434316757e-02 -5.07419899960076665e-02
9.000000e+00  5.71916713451912709e-02 -9.44266694419230307e-03 -5.03809292564535924e-02
