# Author: SW4
# Scenario: test
# Date: UTC  11/27/2017:22:3:10.000
# Bandwith (Hz): 1.234000e+00
# Station: sta1
# Target location (WGS84 longitude, latitude) (deg): -1.222564e+02 3.789855e+01
# Actual location (WGS84 longitude, latitude) (deg): -1.222564e+02 3.789855e+01
# Distance from target to actual location (m): 0.000000e+00
# nColumns: 4
# Column 1: Time (s)
# Column 2: X displacement (m)
# Column 3: Y displacement (m)
# Column 4: Z displacement (m)
0.000000e+00  0.00000000000000000e+00  0.00000000000000000e+00  0.00000000000000000e+00
3.539823e-03  0.00000000000000000e+00  0.00000000000000000e+00  0.00000000000000000e+00
7.079646e-03  0.00000000000000000e+00  0.00000000000000000e+00  0.00000000000000000e+00
1.061947e-02  0.00000000000000000e+00  0.00000000000000000e+00  0.00000000000000000e+00
1.415929e-02  0.00000000000000000e+00  0.00000000000000000e+00  0.00000000000000000e+00
1.769912e-02  0.00000000000000000e+00  0.00000000000000000e+00  0.00000000000000000e+00
2.123894e-02  0.00000000000000000e+00  0.00000000000000000e+00  0.00000000000000000e+00
2.477876e-02  0.00000000000000000e+00  0.00000000000000000e+00  0.00000000000000000e+00
2.831858e-02  0.00000000000000000e+00  0.00000000000000000e+00  0.00000000000000000e+00
3.185841e-02  0.00000000000000000e+00  0.00000000000000000e+00  0.00000000000000000e+00
3.539823e-02  0.00000000000000000e+00  0.00000000000000000e+00  0.00000000000000000e+00
3.893805e-02  0.00000000000000000e+00  0.00000000000000000e+00  0.00000000000000000e+00
4.247788e-02  0.00000000000000000e+00  0.00000000000000000e+00  0.00000000000000000e+00
4.601770e-02  0.00000000000000000e+00  0.00000000000000000e+00  0.00000000000000000e+00
4.955752e-02  0.00000000000000000e+00  0.00000000000000000e+00  0.00000000000000000e+00
5.309735e-02  0.00000000000000000e+00  0.00000000000000000e+00  0.00000000000000000e+00
5.663717e-02  0.00000000000000000e+00  0.00000000000000000e+00  0.00000000000000000e+00
6.017699e-02  0.00000000000000000e+00  0.00000000000000000e+00  0.00000000000000000e+00
6.371681e-02  0.00000000000000000e+00  0.00000000000000000e+00  0.00000000000000000e+00
6.725664e-02  0.00000000000000000e+00  0.00000000000000000e+00  0.00000000000000000e+00
7.079646e-02  0.00000000000000000e+00  0.00000000000000000e+00  0.00000000000000000e+00
7.433628e-02 4.12239366949379493e-108 -5.59077894148729310e-110 -1.25398380480368295e-109
7.787611e-02  8.79765041448553701e-94 -3.14997590365395607e-94 -1.38618687928193398e-93
8.141593e-02 -6.25553815627870535e-89  2.51245621204673615e-90  9.30118220615460911e-90
8.495575e-02  2.05131652742193784e-86 -1.84898509055436647e-87 -7.59686452916733736e-87
8.849558e-02  6.87720885318751389e-84  1.35878572966205397e-85  7.43885824879900590e-85
9.203540e-02 -1.37449513969965930e-81  6.13700130262418567e-83  2.42013326350080696e-82
9.557522e-02 -6.89395220069753593e-80 -2.50780439912750296e-81 -1.20002261368145948e-80
9.911504e-02  7.09509592992856508e-78 -3.70449585222056890e-79 -1.51938092853762917e-78
1.026549e-01  3.16529319056665545e-76  9.65580603907040002e-79  6.80702342283930727e-78
1.061947e-01 -6.54824576345010654e-75  6.62666182045798038e-76  2.80035551103757926e-75
1.097345e-01 -4.75130384515077690e-73  1.19285896862548061e-74  5.04712205171452068e-74
1.132743e-01 -3.54731309015814964e-72 -2.75403216398815939e-73 -1.12164134368101001e-72
1.168142e-01  2.00269770888390365e-70 -1.13514361650733027e-71 -4.81640136579299154e-71
1.203540e-01  4.71844559986787788e-69 -8.00393693051040302e-71 -3.91566543911105631e-70
1.238938e-01  9.25382783592537706e-69  2.22333340784190413e-69  8.33573438606015133e-69
1.274336e-01 -1.04571875769047586e-66  5.19827243252490049e-68  2.20482200386181073e-67
1.309735e-01 -1.62610818746117496e-65  2.86171557851667964e-67  1.53355103071247410e-66
1.345133e-01 -3.84911824503392708e-65 -4.54066050951751454e-66 -1.41592132441930881e-65
1.380531e-01  1.77386170588647750e-63 -9.32887264485935595e-65 -3.77166650897345724e-64
1.415929e-01  2.53288293425167507e-62 -5.69889734964605657e-64 -2.89708900204616513e-63
1.451327e-01  1.05740982838615791e-61  2.67091324083975390e-63  2.99570612144336925e-63
1.486726e-01 -1.05827482962176184e-60  7.46856252862159483e-62  2.65245703145414527e-61
1.522124e-01 -1.86766337747895949e-59  5.45029953823490972e-61  2.44644686242797131e-60
1.557522e-01 -1.11323231368691408e-58  4.01675698358198646e-61  6.96299813275468626e-60
1.592920e-01  5.57930528958371829e-59 -2.69870782457442030e-59 -7.01461584556253231e-59
1.628319e-01  6.26762049633555857e-57 -2.52487876453296989e-58 -9.46543402189585294e-58
1.663717e-01  5.07932795867753334e-56 -8.69095004874090119e-58 -4.79857934848928613e-57
1.699115e-01  1.53421494818156603e-55  3.38541916525648016e-57 -9.77234364198817881e-58
1.734513e-01 -7.15334114873885681e-55  5.79925871887915925e-56  1.63481032393372830e-55
1.769912e-01 -1.06947848094107773e-53  3.12413326101316248e-55  1.23209295376172753e-54
1.805310e-01 -5.55623623338429228e-53  4.23897177687393706e-55  3.85521248863441331e-54
1.840708e-01 -8.30147026972207765e-53 -5.98764986904211980e-54 -7.35352509606083651e-54
1.876106e-01  9.09406532389807831e-52 -5.08996635583286736e-53 -1.45535098950739557e-52
1.911504e-01  8.01674538207608774e-51 -1.81359595163428482e-52 -7.54964801107979145e-52
1.946903e-01  3.03924601744045605e-50  2.25306654415384265e-53 -1.49898487831271529e-51
1.982301e-01  1.82376600419298571e-50  3.96770380225465191e-51  6.29024847512316417e-51
2.017699e-01 -4.89288643636003939e-49  2.28837998845881829e-50  6.47143804174181615e-50
2.053097e-01 -3.17872170318294803e-48  5.73957824003790611e-50  2.52823171166948594e-49
2.088496e-01 -9.50451496616038260e-48 -7.85406134192187544e-50  3.07775923576039519e-49
2.123894e-01 -6.57322033377755144e-49 -1.36526723848102273e-48 -2.31523253178354451e-48
2.159292e-01  1.41564244458517678e-46 -5.99896854976393423e-48 -1.65306755485996355e-47
2.194690e-01  7.46327561971522201e-46 -1.09773032667417814e-47 -5.11373379179699677e-47
2.230088e-01  1.85879469566107631e-45  2.77395247362243367e-47 -3.32593791377075976e-47
2.265487e-01 -4.28480683605717732e-46  2.80265195226369273e-46  4.81648995523236687e-46
2.300885e-01 -2.48260757798237900e-44  9.99752351583964592e-46  2.65675651357395793e-45
2.336283e-01 -1.12163125347700283e-43  1.36863675415955684e-45  6.71379671191279478e-45
2.371681e-01 -2.42234056896521409e-43 -5.01825854572156413e-45  1.33036247816618502e-45
2.407080e-01  9.24302763347306956e-44 -3.73402165119720615e-44 -6.36450780822036968e-44
2.442478e-01  2.85183136965292720e-42 -1.12710804139095039e-43 -2.86747809115575476e-43
2.477876e-01  1.14323035830424520e-41 -1.17902380303865334e-43 -6.04140707423926579e-43
2.513274e-01  2.20551024324753488e-41  5.67152762307471816e-43  1.13349612990184376e-43
2.548673e-01 -9.71973058018626731e-42  3.42434502497055668e-42  5.73396546191542168e-42
2.584071e-01 -2.26983973545001381e-40  9.00889664632594536e-42  2.18344535411161050e-41
2.619469e-01 -8.26696628394577644e-40  7.34875160738775363e-42  3.88802703936625063e-41
2.654867e-01 -1.45619929827999483e-39 -4.37483100018362181e-41 -2.08432291994026106e-41
2.690265e-01  6.49421812201950365e-40 -2.25914995551997314e-40 -3.70058952041748896e-40
2.725664e-01  1.30682519306420417e-38 -5.29636341234567096e-40 -1.21907787530589244e-39
2.761062e-01  4.39760711292102670e-38 -3.44100202404588951e-40 -1.85178678842339466e-39
2.796460e-01  7.18847203571687612e-38  2.43169626931983847e-39  1.60330379821496388e-39
2.831858e-01 -3.02857562784435830e-38  1.11000344891540695e-38  1.77544660243168458e-38
2.867257e-01 -5.63102747245733565e-37  2.35929727546609446e-38  5.14769585475206611e-38
2.902655e-01 -1.77277739575450816e-36  1.24950789165485456e-38  6.71339205675901818e-38
2.938053e-01 -2.72247615398098726e-36 -1.01194097025742057e-37 -7.98087559755413783e-38
2.973451e-01  1.03608063419011568e-36 -4.17698316050075386e-37 -6.51868736147071016e-37
3.008850e-01  1.86655911878383138e-35 -8.16137970089482900e-37 -1.68615506018152233e-36
3.044248e-01  5.55134827983602301e-35 -3.61902467973904815e-37 -1.89711030908178813e-36
3.079646e-01  8.08785007082134596e-35  3.24515140442395147e-36  2.86858871168635265e-36
3.115044e-01 -2.67664865037236896e-35  1.23184589001004801e-35  1.87486687730950561e-35
3.150442e-01 -4.86760607605336277e-34  2.23834341123299513e-35  4.37582536764313405e-35
3.185841e-01 -1.37866538333283362e-33  8.58103719627521109e-36  4.26594655395055625e-35
3.221239e-01 -1.92126088187708829e-33 -8.20267010003770913e-35 -7.83945058588916893e-35
3.256637e-01  5.29538380156993594e-34 -2.90224799828060262e-34 -4.30596691847113835e-34
3.292035e-01  1.01716840883231799e-32 -4.95419732463057132e-34 -9.15931820560446275e-34
3.327434e-01  2.76332168857269312e-32 -1.70686409079872532e-34 -7.77745443793816300e-34
3.362832e-01  3.71082750562170978e-32  1.66388491860060067e-33  1.68073225919031714e-33
3.398230e-01 -7.99631847774891058e-33  5.55124807014821552e-33  8.02425792205139599e-33
3.433628e-01 -1.72911379130088963e-31  8.98564825759137536e-33  1.57024021353948421e-32
3.469027e-01 -4.53661166441228456e-31  2.91157094290603397e-33  1.17024939152961500e-32
3.504425e-01 -5.91250700615241020e-31 -2.74777342549518072e-32 -2.88845691023021165e-32
3.539823e-01  8.88897364932988733e-32 -8.73812780821093751e-32 -1.22977383245607305e-31
3.575221e-01  2.42073177780936708e-30 -1.35338569509260695e-31 -2.23438003771827773e-31
3.610619e-01  6.17686049572350494e-30 -4.33419544649813764e-32 -1.47912427577753624e-31
3.646018e-01  7.86880284848923538e-30  3.73655564287825872e-31  4.04303279403351090e-31
3.681416e-01 -6.26596321937558884e-31  1.14495958977784598e-30  1.56802793512785249e-30
3.716814e-01 -2.81867484524385795e-29  1.71243617022193353e-30  2.67048413635497253e-30
3.752212e-01 -7.04809367811683399e-29  5.69211048973629964e-31  1.59918217963428561e-30
3.787611e-01 -8.84106638013324476e-29 -4.22082408980421005e-30 -4.66739117298976097e-30
3.823009e-01  2.58861731556958967e-31 -1.26102516794283807e-29 -1.68115374434419425e-29
3.858407e-01  2.75075182966042413e-28 -1.83903669444230390e-29 -2.71255950576048338e-29
3.893805e-01  6.79847814916849175e-28 -6.62747305117531619e-30 -1.51114320510492493e-29
3.929204e-01  8.46184427332262593e-28  3.98502216837145197e-29  4.48884662432867915e-29
3.964602e-01  6.75353383162099271e-29  1.17741232512735639e-28  1.53394960425113328e-28
4.000000e-01 -2.26283166088071893e-27  1.69344842177761234e-28  2.38231359482048907e-28
4.035398e-01 -5.58466256742063050e-27  6.88468831179032984e-29  1.30829271590587296e-28
4.070796e-01 -6.95528735191337527e-27 -3.14889560547744182e-28 -3.58151773036053339e-28
4.106195e-01 -1.17694729246087629e-27 -9.39443339039379917e-28 -1.20853034280737123e-27
4.141593e-01  1.57470154151953371e-26 -1.35597361056794803e-27 -1.87970671381992731e-27
4.176991e-01  3.93575097264927849e-26 -6.59017085768029153e-28 -1.21010432600393189e-27
4.212389e-01  4.96525501494618081e-26  2.03228177860163291e-27  2.05764611576021637e-27
4.247788e-01  1.36814250118487629e-26  6.41035279465270928e-27  7.97707296350911388e-27
4.283186e-01 -9.18673000201440575e-26  9.65895048003033434e-27  1.39661004381029617e-26
4.318584e-01 -2.39238191607071627e-25  6.39968775279981303e-27  1.46985099383002467e-26
4.353982e-01 -3.15490959023269728e-25 -8.48265563418448034e-27  4.26394661757655132e-27
4.389381e-01 -1.45378243400267805e-25 -3.42462984007955084e-26 -2.16306870334096932e-26
4.424779e-01  3.89599831483405640e-25 -5.97567504734841066e-26 -7.03436707672961394e-26
4.460177e-01  1.17099929985973036e-24 -6.66238914404310767e-26 -1.70088600299933308e-25
4.495575e-01  1.75742987411821865e-24 -4.21640492151337450e-26 -3.87384043645315973e-25
4.530973e-01  1.60628536293146238e-24  1.29406200165706588e-26 -7.79470369282122269e-25
4.566372e-01  6.26272791750477778e-25  1.21649938063797657e-25 -1.14541839979585627e-24
4.601770e-01 -4.93589417020310959e-25  4.51290847624734818e-25 -4.22931483896440740e-25
4.637168e-01 -1.52811028243692244e-24  1.46949678569300760e-24  4.20116652858919569e-24
4.672566e-01 -7.09504262303803703e-24  3.84532598013475418e-24  1.76502327898144470e-23
4.707965e-01 -3.37122279788596643e-23  7.43133106581102380e-24  4.44479504690234721e-23
4.743363e-01 -1.12560448816698733e-22  8.44478717513843099e-24  7.89705122412996676e-23
4.778761e-01 -2.68433311009082942e-22 -5.30554542985210522e-24  8.32832163591382537e-23
4.814159e-01 -4.39739411247205605e-22 -5.82484616792137128e-23 -4.76866400265730579e-23
4.849558e-01 -3.01143715246342591e-22 -1.80236553388150573e-22 -5.15111118059603166e-22
4.884956e-01  1.00025802099832851e-21 -3.69398025577111445e-22 -1.57865535047112524e-21
4.920354e-01  5.00757407902877837e-21 -4.98669572866751849e-22 -3.32453842117889868e-21
4.955752e-01  1.34315703707932929e-20 -1.56977312246066619e-22 -5.04802463518749192e-21
4.991150e-01  2.57298061971246360e-20  1.50752126912889867e-21 -4.09312390631243820e-21
5.026549e-01  3.30235290118731662e-20  5.69544465687568902e-21  5.68102821766583074e-21
5.061947e-01  7.18001676555729995e-21  1.30795366604117077e-20  3.47272665009242762e-20
5.097345e-01 -1.12095473792625720e-19  2.13361733959020708e-20  9.50997401249160303e-20
5.132743e-01 -4.18429570577582489e-19  2.04408668930864664e-20  1.88927623500951640e-19
5.168142e-01 -9.93919815377476675e-19 -1.34775957327878331e-20  2.80904916675502568e-19
5.203540e-01 -1.75685775143697147e-18 -1.21035617833043336e-19  2.49623119175124773e-19
5.238938e-01 -2.12651074013792439e-18 -3.47381377775496276e-19 -1.75346637631261765e-19
5.274336e-01 -4.78186774343104113e-19 -6.93843848763520878e-19 -1.45297242217101702e-18
5.309735e-01  6.43669169957667768e-18 -1.00776465478082005e-18 -4.15255668398965758e-18
5.345133e-01  2.34627535338708847e-17 -8.00015333187878892e-19 -8.58425769634033467e-18
5.380531e-01  5.49670207471700838e-17  9.59673824881845175e-19 -1.38938857045647412e-17
5.415929e-01  9.83299671779916188e-17  5.88398819496259020e-18 -1.63964292974758849e-17
5.451327e-01  1.30204290049491277e-16  1.56396752590638163e-17 -7.18471796583335458e-18
5.486726e-01  8.44523265467693709e-17  3.01931738324523880e-17  3.02212705746187144e-17
5.522124e-01 -1.72917034577108184e-16  4.40859840743990000e-17  1.19985854230363571e-16
5.557522e-01 -8.52328106449831911e-16  4.04675542292160619e-17  2.87408253573362594e-16
5.592920e-01 -2.18977690885036660e-15 -1.57446161772761260e-17  5.38659118578791271e-16
5.628319e-01 -4.26475894057535856e-15 -1.80739443097146461e-16  8.18037853090302415e-16
5.663717e-01 -6.59670021571697206e-15 -5.20362835118600032e-16  9.36029731026465609e-16
5.699115e-01 -7.45522531929650046e-15 -1.06751503916201391e-15  4.71966909847316188e-16
5.734513e-01 -2.94389989686698684e-15 -1.72781931520430952e-15 -1.31959833639440502e-15
5.769912e-01  1.37940659118603049e-14 -2.11939920320357186e-15 -5.52355930066459982e-15
5.805310e-01  5.24003891692411415e-14 -1.36053767859994272e-15 -1.33561994810988159e-14
5.840708e-01  1.22634282626891356e-13  2.11860219082668378e-15 -2.55102747291454674e-14
5.876106e-01  2.27045859717510162e-13  1.05592185027838538e-14 -4.07699289292813268e-14
5.911504e-01  3.46675354151174688e-13  2.63329811589696147e-14 -5.36412380817266180e-14
5.946903e-01  4.18585809425179572e-13  5.04288422798178232e-14 -5.09691883065059320e-14
5.982301e-01  3.07420687384128737e-13  7.94906872060810700e-14 -8.07343087213552670e-15
6.017699e-01 -2.20285288356952041e-13  1.01146100494488849e-13  1.14028147232879874e-13
6.053097e-01 -1.50043088394934783e-12  8.80090966101692884e-14  3.67165850500895945e-13
6.088496e-01 -3.92381169479514148e-12 -8.03798516238371319e-15  8.05220790928223822e-13
6.123894e-01 -7.79605900320422752e-12 -2.57852304408383517e-13  1.45699426026271057e-12
6.159292e-01 -1.30624499187227972e-11 -7.47711409233665668e-13  2.27497762556555759e-12
6.194690e-01 -1.88699065332269755e-11 -1.55514162387351683e-12  3.05415838330945320e-12
6.230088e-01 -2.29787825664136005e-11 -2.69979881492486501e-12  3.32161021960311921e-12
6.265487e-01 -2.11069336744857878e-11 -4.06341365298513129e-12  2.21098397452868376e-12
6.300885e-01 -6.38279285195622372e-12 -5.27879617812927343e-12 -1.64261818699083205e-12
6.336283e-01  3.08169341495400739e-11 -5.59814026260140552e-12 -1.01232684100056860e-11
6.371681e-01  1.02301405259955907e-10 -3.76416428540377533e-12 -2.54742641629767171e-11
6.407080e-01  2.20437969448048325e-10  2.07944221388842421e-12 -4.98342774184381641e-11
6.442478e-01  3.95261783834457878e-10  1.43948086584333311e-11 -8.43356225874043297e-11
6.477876e-01  6.30399573741908419e-10  3.61360958294137339e-11 -1.27650382276330069e-10
6.513274e-01  9.18282693374882678e-10  7.05010903438268996e-11 -1.73931665030898904e-10
6.548673e-01  1.23555497887299412e-09  1.20577202980356690e-10 -2.10203603051881777e-10
6.584071e-01  1.53989157516781864e-09  1.88966996560663038e-10 -2.13392563903483254e-10
6.619469e-01  1.76945038282871157e-09  2.77532449116887841e-10 -1.47330925737465102e-10
6.654867e-01  1.84571825548833775e-09  3.87427167263546670e-10  3.98491888686094687e-11
6.690265e-01  1.67953467855626755e-09  5.19568704249636566e-10  4.17546930566166711e-10
6.725664e-01  1.17869844013786532e-09  6.75624661865555910e-10  1.07357426214788158e-09
6.761062e-01  2.54115777697894851e-10  8.59451169502805314e-10  2.11433588127759391e-09
6.796460e-01 -1.17958222035584849e-09  1.07876148369501195e-09  3.66516656197718340e-09
6.831858e-01 -3.21313352024432725e-09  1.34667104201138783e-09  5.87239261029164369e-09
6.867257e-01 -5.96449704238701441e-09  1.68272941686060322e-09  8.90932823261517499e-09
6.902655e-01 -9.61420944889599085e-09  2.11316186816997087e-09  1.29888017786261239e-08
6.938053e-01 -1.44521213827114222e-08  2.67031410012922807e-09  1.83847575813588539e-08
6.973451e-01 -2.09309958056185740e-08  3.39167023232805530e-09  2.54649217970718782e-08
7.008850e-01 -2.97217744926840762e-08  4.31917742839953403e-09  3.47355483268695204e-08
7.044248e-01 -4.17673214388331049e-08  5.49980415831666997e-09  4.68981660352199550e-08
7.079646e-01 -5.83363413775919155e-08  6.98814131103870359e-09  6.29174900477427449e-08
7.115044e-01 -8.10860888894464716e-08  8.85136702549454078e-09  8.40997553742175183e-08
7.150442e-01 -1.12149567034254012e-07  1.11761133689522456e-08  1.12182089755361149e-07
7.185841e-01 -1.54267826188411646e-07  1.40759189991879274e-08  1.49436287211984128e-07
7.221239e-01 -2.10988791578853946e-07  1.76973468398842910e-08  1.98794188203252643e-07
7.256637e-01 -2.86950225248469155e-07  2.22227976311811835e-08  2.64006122527489246e-07
7.292035e-01 -3.88257404801627763e-07  2.78687167140334833e-08  3.49847586300756363e-07
7.327434e-01 -5.22959192642786198e-07  3.48791654100825581e-08  4.62391620620028118e-07
7.362832e-01 -7.01623594283106700e-07  4.35162054506055599e-08  6.09364773822357979e-07
7.398230e-01 -9.38019178371459378e-07  5.40496121166475472e-08  8.00603312907321847e-07
7.433628e-01 -1.24992300764041071e-06  6.67484727983675574e-08  1.04862455384979494e-06
7.469027e-01 -1.66009683644390091e-06  8.18758859000620449e-08  1.36932744583440166e-06
7.504425e-01 -2.19749610211671624e-06  9.96853718993888128e-08  1.78283860744424811e-06
7.539823e-01 -2.89879427461425164e-06  1.20414407077045987e-07  2.31452606306755916e-06
7.575221e-01 -3.81031346477631829e-06  1.44267733864265399e-07  2.99621304436675096e-06
7.610619e-01 -4.99044981201653023e-06  1.71381839179785010e-07  3.86763713901668165e-06
7.646018e-01 -6.51267318648925243e-06  2.01762810064946334e-07  4.97821343975028165e-06
7.681416e-01 -8.46917339870666986e-06  2.35192424405505333e-07  6.38917149688597074e-06
7.716814e-01 -1.09752287331616659e-05  2.71100645479279084e-07  8.17614283594142123e-06
7.752212e-01 -1.41743935256211287e-05  3.08404896680754723e-07  1.04322782236720126e-05
7.787611e-01 -1.82446396496403399e-05  3.45315902623793373e-07  1.32719734306560132e-05
7.823009e-01 -2.34056348704589899e-05  3.79105656293688057e-07  1.68352822504483593e-05
7.858407e-01 -2.99273868386838036e-05  4.05825779829517222e-07  2.12930997435564091e-05
7.893805e-01 -3.81405128155811482e-05  4.19956175464038640e-07  2.68532096847917689e-05
7.929204e-01 -4.84484053893286472e-05  4.13957152393257361e-07  3.37673080925229602e-05
7.964602e-01 -6.13415559329373610e-05  3.77695504691163529e-07  4.23391365612198949e-05
8.000000e-01 -7.74142815778745298e-05  2.97717067282664685e-07  5.29338796384616421e-05
8.035398e-01 -9.73840932763113317e-05  1.56343648345376368e-07  6.59889939220292533e-05
8.070796e-01 -1.22113954137147737e-04 -6.94223814754109036e-08  8.20266389191871733e-05
8.106195e-01 -1.52637710929430406e-04 -4.09201023898949969e-07  1.01667870561365727e-04
8.141593e-01 -1.90189027416272274e-04 -9.00765178060250635e-07  1.25648741041369341e-04
8.176991e-01 -2.36234186778147516e-04 -1.59182994985735665e-06  1.54838429246220515e-04
8.212389e-01 -2.92509141216326543e-04 -2.54214601124740426e-06  1.90259510120868638e-04
8.247788e-01 -3.61061157085315815e-04 -3.82595401154863046e-06  2.33110461178637131e-04
8.283186e-01 -4.44295334548223313e-04 -5.53486146256253693e-06  2.84790497356569980e-04
8.318584e-01 -5.45026186086924728e-04 -7.78119835878551496e-06  3.46926814044502113e-04
8.353982e-01 -6.66534358739278503e-04 -1.07018948546334724e-05  4.21404292795848066e-04
8.389381e-01 -8.12628496648803598e-04 -1.44629089161930386e-05  5.10397677062240365e-04
8.424779e-01 -9.87712165713446836e-04 -1.92642204215827405e-05  6.16406153516333983e-04
8.460177e-01 -1.19685568678107117e-03 -2.53454050144147355e-05  7.42290181831948854e-04
8.495575e-01 -1.44587262315701683e-03 -3.29918058370903578e-05  8.91310310790597443e-04
8.530973e-01 -1.74140051808543061e-03 -4.25413288213326619e-05  1.06716761092317787e-03
8.566372e-01 -2.09098526686963800e-03 -5.43918893526210967e-05  1.27404524974723756e-03
8.601770e-01 -2.50316824375262448e-03 -6.90095275712162355e-05  1.51665063475416549e-03
8.637168e-01 -2.98757500889634646e-03 -8.69371834844515345e-05  1.80025744505841871e-03
8.672566e-01 -3.55500412434780165e-03 -1.08804084635553676e-04  2.13074675554893482e-03
8.707965e-01 -4.21751433040797388e-03 -1.35335656195088383e-04  2.51464632030448535e-03
8.743363e-01 -4.98850807924224385e-03 -1.67363824861251070e-04  2.95916692474179838e-03
8.778761e-01 -5.88280917836163028e-03 -2.05837559325611029e-04  3.47223454699633477e-03
8.814159e-01 -6.91673204321386053e-03 -2.51833470567561397e-04  4.06251690354167156e-03
8.849558e-01 -8.10813978273006337e-03 -3.06566278311927302e-04  4.73944280856182423e-03
8.884956e-01 -9.47648804912474066e-03 -3.71398926539702327e-04  5.51321266305489829e-03
8.920354e-01 -1.10428512984749854e-02 -4.47852094191866052e-04  6.39479831168320544e-03
8.955752e-01 -1.28299278692430158e-02 -5.37612796515496275e-04  7.39593045871754940e-03
8.991150e-01 -1.48620201289466850e-02 -6.42541714341999018e-04  8.52907181157945733e-03
9.026549e-01 -1.71649858885240779e-02 -7.64678834029595901e-04  9.80737411763509329e-03
9.061947e-01 -1.97661573450417932e-02 -9.06246940732160122e-04  1.12446172824090841e-02
9.097345e-01 -2.26942239774166644e-02 -1.06965248807447031e-03  1.28551288210062911e-02
9.132743e-01 -2.59790760746203379e-02 -1.25748336706656247e-03  1.46536820209958382e-02
9.168142e-01 -2.96516059178709782e-02 -1.47250310919768627e-03  1.66553714037819163e-02
9.203540e-01 -3.37434640791678050e-02 -1.71764107460609756e-03  1.88754643714031424e-02
9.238938e-01 -3.82867688627847730e-02 -1.99597819113390409e-03  2.13292283109318484e-02
9.274336e-01 -4.33137676319435005e-02 -2.31072782608304078e-03  2.40317328813594473e-02
9.309735e-01 -4.88564496485447142e-02 -2.66521139866845698e-03  2.69976277067581066e-02
9.345133e-01 -5.49461111093712956e-02 -3.06282838990271696e-03  3.02408962299988843e-02
9.380531e-01 -6.16128742658936315e-02 -3.50702048813349675e-03  3.37745870417475794e-02
9.415929e-01 -6.88851638287577839e-02 -4.00122972595778024e-03  3.76105245996709789e-02
9.451327e-01 -7.67891452384891898e-02 -4.54885061242288162e-03  4.17590019048316857e-02
9.486726e-01 -8.53481307923676796e-02 -5.15317643159724729e-03  4.62284584079739116e-02
9.522124e-01 -9.45819610271229211e-02 -5.81734005179152837e-03  5.10251471604062229e-02
9.557522e-01 -1.04506370152461669e-01 -6.54424976025778839e-03  5.61527959655747227e-02
9.592920e-01 -1.15132345698864991e-01 -7.33652080501870796e-03  6.16122679811606649e-02
9.628319e-01 -1.26465493862698036e-01 -8.19640349450024772e-03  6.74012278249901814e-02
9.663717e-01 -1.38505423260336907e-01 -9.12570888536270303e-03  7.35138197251157671e-02
9.699115e-01 -1.51245160874586032e-01 -1.01257332841355931e-02  7.99403646188505679e-02
9.734513e-01 -1.64670614807924914e-01 -1.11971829947868327e-02  8.66670833535159724e-02
9.769912e-01 -1.78760098964710262e-01 -1.23401009475071280e-02  9.36758532780524872e-02
9.805310e-01 -1.93483934905590321e-01 -1.35537970218593158e-02  1.00944005530451270e-01
9.840708e-01 -2.08804145825122356e-01 -1.48367840080084606e-02  1.08444170194396255e-01
9.876106e-01 -2.24674256907929498e-01 -1.61867212187738856e-02  1.16144176182086528e-01
9.911504e-01 -2.41039215250895472e-01 -1.76003677711432868e-02  1.24007012165485875e-01
9.946903e-01 -2.57835441124821207e-01 -1.90735475087092515e-02  1.31990854110609124e-01
9.982301e-01 -2.74991020585952095e-01 -2.06011274507722185e-02  1.40049163980628971e-01
1.001770e+00 -2.92426047299222558e-01 -2.21770115384245098e-02  1.48130862998386348e-01
1.005310e+00 -3.10053118851050080e-01 -2.37941512979344717e-02  1.56180581543293839e-01
1.008850e+00 -3.27777989787098489e-01 -2.54445748380198768e-02  1.64138986344371546e-01
1.012389e+00 -3.45500380153929532e-01 -2.71194353151081001e-02  1.71943184149796147e-01
1.015929e+00 -3.63114934580531734e-01 -2.88090796227950217e-02  1.79527199519174174e-01
1.019469e+00 -3.80512323094287175e-01 -3.05031375928180686e-02  1.86822522806681462e-01
1.023009e+00 -3.97580471117436995e-01 -3.21906314634839291e-02  1.93758722796585764e-01
1.026549e+00 -4.14205902566010753e-01 -3.38601048205260657e-02  2.00264116850898205e-01
1.030088e+00 -4.30275176711117313e-01 -3.54997696833062384e-02  2.06266489888144000e-01
1.033628e+00 -4.45676396426825328e-01 -3.70976699127385998e-02  2.11693852106038444e-01
1.037168e+00 -4.60300762601542957e-01 -3.86418586458536495e-02  2.16475224165626812e-01
1.040708e+00 -4.74044146875207462e-01 -4.01205869899257522e-02  2.20541437631119275e-01
1.044248e+00 -4.86808652656582908e-01 -4.15225007193787202e-02  2.23825937839191552e-01
1.047788e+00 -4.98504132848534509e-01 -4.28368412239825275e-02  2.26265576051732559e-01
1.051327e+00 -5.09049632139164987e-01 -4.40536465049127524e-02  2.27801377702485347e-01
1.054867e+00 -5.18374722251907061e-01 -4.51639476720897895e-02  2.28379273755112300e-01
1.058407e+00 -5.26420700131697283e-01 -4.61599562154925702e-02  2.27950782641687916e-01
1.061947e+00 -5.33141621438097291e-01 -4.70352373194372064e-02  2.26473630967841982e-01
1.065487e+00 -5.38505144622117071e-01 -4.77848646321227949e-02  2.23912302191475843e-01
1.069027e+00 -5.42493164089821844e-01 -4.84055521392518159e-02  2.20238503833104365e-01
1.072566e+00 -5.45102214525690854e-01 -4.88957590781976328e-02  2.15431545444170591e-01
1.076106e+00 -5.46343632579289973e-01 -4.92557641662268106e-02  2.09478621477290849e-01
1.079646e+00 -5.46243467066181543e-01 -4.94877058434522593e-02  2.02374995258543383e-01
1.083186e+00 -5.44842134681487233e-01 -4.95955858047339299e-02  1.94124082337434750e-01
1.086726e+00 -5.42193824737755459e-01 -4.95852338456643782e-02  1.84737433497669468e-01
1.090265e+00 -5.38365663085756396e-01 -4.94642329531245692e-02  1.74234619619111186e-01
1.093805e+00 -5.33436651523448879e-01 -4.92418045562406509e-02  1.62643022403516968e-01
1.097345e+00 -5.27496404184647272e-01 -4.89286548265619667e-02  1.49997536740314297e-01
1.100885e+00 -5.20643706541017881e-01 -4.85367838110093569e-02  1.36340192188101894e-01
1.104425e+00 -5.12984926042242106e-01 -4.80792599854474659e-02  1.21719702619467574e-01
1.107965e+00 -5.04632306510437001e-01 -4.75699635649769748e-02  1.06190954410689112e-01
1.111504e+00 -4.95702181476411374e-01 -4.70233026430794537e-02  8.98144445380992529e-02
1.115044e+00 -4.86313144557301735e-01 -4.64539069663015350e-02  7.26556804986514398e-02
1.118584e+00 -4.76584217157012269e-01 -4.58763048416301750e-02  5.47845541080656181e-02
1.122124e+00 -4.66633054479835385e-01 -4.53045892398407438e-02  3.62747010177496970e-02
1.125664e+00 -4.56574229569203072e-01 -4.47520795235018462e-02  1.72028573292516765e-02
1.129204e+00 -4.46517631850185837e-01 -4.42309853608129910e-02 -2.35177595478176012e-03
1.132743e+00 -4.36567012086518547e-01 -4.37520793113830714e-02 -2.23081507038644412e-02
1.136283e+00 -4.26818700684453156e-01 -4.33243843488278005e-02 -4.25839627092521392e-02
1.139823e+00 -4.17360521644432048e-01 -4.29548822740533562e-02 -6.30962082882400022e-02
1.143363e+00 -4.08270920375046809e-01 -4.26482485906197126e-02 -8.37617001923084276e-02
1.146903e+00 -3.99618319595956173e-01 -4.24066189361837070e-02 -1.04497538233933748e-01
1.150442e+00 -3.91460712874420136e-01 -4.22293915530670624e-02 -1.25221531807330672e-01
1.153982e+00 -3.83845499351397279e-01 -4.21130695201899774e-02 -1.45852573217877451e-01
1.157522e+00 -3.76809555948448505e-01 -4.20511455865556424e-02 -1.66310962361849085e-01
1.161062e+00 -3.70379535600469267e-01 -4.20340315093655492e-02 -1.86518684766240200e-01
1.164602e+00 -3.64572373073116629e-01 -4.20490328802900909e-02 -2.06399646301342082e-01
1.168142e+00 -3.59395974786883454e-01 -4.20803695670252803e-02 -2.25879869024402685e-01
1.171681e+00 -3.54850066164991207e-01 -4.21092411092129359e-02 -2.44887653598784755e-01
1.175221e+00 -3.50927168839043568e-01 -4.21139356667844383e-02 -2.63353714537350958e-01
1.178761e+00 -3.47613679485880789e-01 -4.20699804068442387e-02 -2.81211295108213466e-01
1.182301e+00 -3.44891021089005989e-01 -4.19503305417656819e-02 -2.98396269088130606e-01
1.185841e+00 -3.42736835660346850e-01 -4.17255936349521100e-02 -3.14847236642278316e-01
1.189381e+00 -3.41126185497248768e-01 -4.13642853192807830e-02 -3.30505621449900477e-01
1.192920e+00 -3.40032729100972986e-01 -4.08331122553120471e-02 -3.45315775785196677e-01
1.196460e+00 -3.39429839118812415e-01 -4.00972779860035849e-02 -3.59225099597169251e-01
1.200000e+00 -3.39291633521189240e-01 -3.91208072873182808e-02 -3.72184178707360147e-01
1.203540e+00 -3.39593897059287997e-01 -3.78668846285713304e-02 -3.84146946076797946e-01
1.207080e+00 -3.40314876447714298e-01 -3.62982024173397616e-02 -3.95070868736118186e-01
1.210619e+00 -3.41435938182519660e-01 -3.43773148102412066e-02 -4.04917161513741020e-01
1.214159e+00 -3.42942081633372253e-01 -3.20669930369565995e-02 -4.13651027233399526e-01
1.217699e+00 -3.44822302322995988e-01 -2.93305784215564767e-02 -4.21241921652374118e-01
1.221239e+00 -3.47069802285756290e-01 -2.61323295866236968e-02 -4.27663840087151026e-01
1.224779e+00 -3.49682047405429797e-01 -2.24377606677521220e-02 -4.32895621382861751e-01
1.228319e+00 -3.52660676350274371e-01 -1.82139677160746763e-02 -4.36921263571583951e-01
1.231858e+00 -3.56011271732402212e-01 -1.34299407955721112e-02 -4.39730244217605204e-01
1.235398e+00 -3.59743010062913038e-01 -8.05685957189450526e-03 -4.41317837129797719e-01
1.238938e+00 -3.63868211361193350e-01 -2.06837043323085607e-03 -4.41685415973840922e-01
1.242478e+00 -3.68401810921938633e-01  4.55915661726582697e-03 -4.40840734509400090e-01
1.246018e+00 -3.73360774893540692e-01  1.18463928954222718e-02 -4.38798172833301026e-01
1.249558e+00 -3.78763479159286542e-01  1.98108392526619610e-02 -4.35578939148647315e-01
1.253097e+00 -3.84629069097596421e-01  2.84666388913661361e-02 -4.31211217106142186e-01
1.256637e+00 -3.90976817208955330e-01  3.78244159413292647e-02 -4.25730249514836567e-01
1.260177e+00 -3.97825496359310249e-01  4.78911407936694414e-02 -4.19178350050147475e-01
1.263717e+00 -4.05192787491978956e-01  5.86700230324174177e-02 -4.11604835449260353e-01
1.267257e+00 -4.13094740657249881e-01  7.01604326908637499e-02 -4.03065871656863750e-01
1.270796e+00 -4.21545306059082303e-01  8.23578505105207331e-02 -3.93624228633937423e-01
1.274336e+00 -4.30555947491832458e-01  9.52538478808037242e-02 -3.83348940229077562e-01
1.277876e+00 -4.40135345063729422e-01  1.08836097132327350e-01 -3.72314867686781403e-01
1.281416e+00 -4.50289189027155257e-01  1.23088412773000200e-01 -3.60602167915463789e-01
1.284956e+00 -4.61020063121008572e-01  1.37990824043575128e-01 -3.48295670302310678e-01
1.288496e+00 -4.72327414418667713e-01  1.53519678835090018e-01 -3.35484168341188105e-01
1.292035e+00 -4.84207606568524351e-01  1.69647778622461776e-01 -3.22259634417612906e-01
1.295575e+00 -4.96654053223503533e-01  1.86344543718825861e-01 -3.08716367733024244e-01
1.299115e+00 -5.09657427250410744e-01  2.03576207904554718e-01 -2.94950086693162694e-01
1.302655e+00 -5.23205938648687030e-01  2.21306041319648039e-01 -2.81056978364920662e-01
1.306195e+00 -5.37285670615240685e-01  2.39494600342773978e-01 -2.67132718996824059e-01
1.309735e+00 -5.51880960095506357e-01  2.58100002906620885e-01 -2.53271481092440853e-01
1.313274e+00 -5.66974807614792686e-01  2.77078227255902809e-01 -2.39564943903884359e-01
1.316814e+00 -5.82549301653991991e-01  2.96383431571603906e-01 -2.26101325131339126e-01
1.320354e+00 -5.98586044875971224e-01  3.15968291275711077e-01 -2.12964451774139307e-01
1.323894e+00 -6.15066572042775594e-01  3.35784350329631665e-01 -2.00232887378809676e-01
1.327434e+00 -6.31972751367366525e-01  3.55782382527567331e-01 -1.87979131528517501e-01
1.330973e+00 -6.49287161736456175e-01  3.75912758645739586e-01 -1.76268905660044467e-01
1.334513e+00 -6.66993437942267509e-01  3.96125815238672796e-01 -1.65160537532866497e-01
1.338053e+00 -6.85076575605180649e-01  4.16372220756094591e-01 -1.54704455095317023e-01
1.341593e+00 -7.03523187803866801e-01  4.36603334427287104e-01 -1.44942799024947278e-01
1.345133e+00 -7.22321707083485309e-01  4.56771553059522772e-01 -1.35909161595726635e-01
1.348673e+00 -7.41462529319431130e-01  4.76830640636438208e-01 -1.27628457447171523e-01
1.352212e+00 -7.60938099122794309e-01  4.96736035507067519e-01 -1.20116929164031452e-01
1.355752e+00 -7.80742939162198168e-01  5.16445130098113769e-01 -1.13382287446665675e-01
1.359292e+00 -8.00873627330971116e-01  5.35917518444988139e-01 -1.07423982409898838e-01
1.362832e+00 -8.21328726088312200e-01  5.55115207337166239e-01 -1.02233599600732666e-01
1.366372e+00 -8.42108668076611555e-01  5.74002787412672411e-01 -9.77953719522900028e-02
1.369912e+00 -8.63215602012130545e-01  5.92547561057937711e-01 -9.40867971278467330e-02
1.373451e+00 -8.84653203409949018e-01  6.10719624480721368e-01 -9.10793483640970486e-02
1.376991e+00 -9.06426456000626546e-01  6.28491901883029391e-01 -8.87392657156619025e-02
1.380531e+00 -9.28541411302199360e-01  6.45840130336484686e-01 -8.70284133330519183e-02
1.384071e+00 -9.51004935073228919e-01  6.62742794795495915e-01 -8.59051870678009949e-02
1.387611e+00 -9.73824449770198219e-01  6.79181013669755806e-01 -8.53254554783040298e-02
1.391150e+00 -9.97007681548157998e-01  6.95138376473549258e-01 -8.52435164829970782e-02
1.394690e+00 -1.02056241909973866e+00  7.10600736211442485e-01 -8.56130516930085905e-02
1.398230e+00 -1.04449629028655688e+00  7.25555960284145485e-01 -8.63880609137453459e-02
1.401770e+00 -1.06881656156487548e+00  7.39993644753144442e-01 -8.75237603186465873e-02
1.405310e+00 -1.09352996480231912e+00  7.53904797755052702e-01 -8.89774291476526369e-02
1.408850e+00 -1.11864255599935314e+00  7.67281498694236008e-01 -9.07091912487727747e-02
1.412389e+00 -1.14415961022004842e+00  7.80116540572186823e-01 -9.26827192336873440e-02
1.415929e+00 -1.17008555630583189e+00  7.92403063452828849e-01 -9.48658504468723046e-02
1.419469e+00 -1.19642395358098641e+00  8.04134187628259056e-01 -9.72311054312219175e-02
1.423009e+00 -1.22317751098870620e+00  8.15302655528965969e-01 -9.97561012175982170e-02
1.426549e+00 -1.25034814735356559e+00  8.25900491769443801e-01 -1.02423853643071064e-01
1.430088e+00 -1.27793709013764256e+00  8.35918690856829349e-01 -1.05222965014700645e-01
1.433628e+00 -1.30594500927648061e+00  8.45346941934167484e-01 -1.08147695710212960e-01
1.437168e+00 -1.33437218227548748e+00  8.54173399428506896e-01 -1.11197920618342036e-01
1.440708e+00 -1.36321868637119104e+00  8.62384507630314157e-01 -1.14378973526735317e-01
1.444248e+00 -1.39248461292473524e+00  8.69964886104898638e-01 -1.17701384542825235e-01
1.447788e+00 -1.42217029827065944e+00  8.76897281520648719e-01 -1.21180517317748357e-01
1.451327e+00 -1.45227656422330309e+00  8.83162590057164909e-01 -1.24836114243998583e-01
1.454867e+00 -1.48280496071575518e+00  8.88739953072582023e-01 -1.28691758988174781e-01
1.458407e+00 -1.51375800289638196e+00  8.93606927157445607e-01 -1.32774266803028285e-01
1.461947e+00 -1.54513939546328682e+00  8.97739728044943064e-01 -1.37113014113414394e-01
1.465487e+00 -1.57695423783542354e+00  9.01113546050827940e-01 -1.41739219890161111e-01
1.469027e+00 -1.60920920458099914e+00  9.03702928787128656e-01 -1.46685192228625000e-01
1.472566e+00 -1.64191269609576396e+00  9.05482224895422960e-01 -1.51983554195112225e-01
1.476106e+00 -1.67507495485344182e+00  9.06426080593199512e-01 -1.57666463267260193e-01
1.479646e+00 -1.70870814289622852e+00  9.06509979059530346e-01 -1.63764838525281980e-01
1.483186e+00 -1.74282637693294395e+00  9.05710811228750190e-01 -1.70307609207392324e-01
1.486726e+00 -1.77744571865738132e+00  9.04007465490105688e-01 -1.77320997460186369e-01
1.490265e+00 -1.81258411959374621e+00  9.01381423120423797e-01 -1.84827847234813714e-01
1.493805e+00 -1.84826132157102241e+00  8.97817345963462632e-01 -1.92847010375302830e-01
1.497345e+00 -1.88449871541249081e+00  8.93303642847882884e-01 -2.01392799985047916e-01
1.500885e+00 -1.92131916135789127e+00  8.87833001458462889e-01 -2.10474520030991236e-01
1.504425e+00 -1.95874677516948537e+00  8.81402872846206331e-01 -2.20096078734603406e-01
1.507965e+00 -1.99680668411169204e+00  8.74015896541836423e-01 -2.30255691555721981e-01
1.511504e+00 -2.03552475738443128e+00  8.65680255408255106e-01 -2.40945677558292604e-01
1.515044e+00 -2.07492731629848892e+00  8.56409950986996682e-01 -2.52152350800948444e-01
1.518584e+00 -2.11504083037765023e+00  8.46224992140653942e-01 -2.63856006284943656e-01
1.522124e+00 -2.15589160630218091e+00  8.35151492154367570e-01 -2.76030998029488606e-01
1.525664e+00 -2.19750547680030861e+00  8.23221671958981105e-01 -2.88645905051838125e-01
1.529204e+00 -2.23990749608247341e+00  8.10473769600408955e-01 -3.01663779353034178e-01
1.532743e+00 -2.28312164733488654e+00  7.96951858388781242e-01 -3.15042468376694362e-01
1.536283e+00 -2.32717056650564702e+00  7.82705578287067216e-01 -3.28735002786469555e-01
1.539823e+00 -2.37207528550528002e+00  7.67789787072336249e-01 -3.42690038842752231e-01
1.543363e+00 -2.41785499718882191e+00  7.52264139654491459e-01 -3.56852343262973548e-01
1.546903e+00 -2.46452684399674071e+00  7.36192605642178477e-01 -3.71163307359216044e-01
1.550442e+00 -2.51210573162385886e+00  7.19642936703807634e-01 -3.85561476573777540e-01
1.553982e+00 -2.56060416828132542e+00  7.02686096338785093e-01 -3.99983081332815849e-01
1.557522e+00 -2.61003212893086278e+00  6.85395665221183448e-01 -4.14362555405372979e-01
1.561062e+00 -2.66039694247444025e+00  6.67847235245498272e-01 -4.28633028644639591e-01
1.564602e+00 -2.71170319861415221e+00  6.50117804818759137e-01 -4.42726782041590772e-01
1.568142e+00 -2.76395267027451652e+00  6.32285186894237183e-01 -4.56575654386743357e-01
1.571681e+00 -2.81714424723215151e+00  6.14427439834690059e-01 -4.70111391479053342e-01
1.575221e+00 -2.87127387681340229e+00  5.96622329511478533e-01 -4.83265930724215642e-01
1.578761e+00 -2.92633450793137184e+00  5.78946829142681696e-01 -4.95971616122796333e-01
1.582301e+00 -2.98231603508570275e+00  5.61476661285544854e-01 -5.08161341061339589e-01
1.585841e+00 -3.03920523914752660e+00  5.44285884170610745e-01 -5.19768618978150521e-01
1.589381e+00 -3.09698572190635790e+00  5.27446522260796913e-01 -5.30727584845252176e-01
1.592920e+00 -3.15563783169269918e+00  5.11028238619281039e-01 -5.40972933412408485e-01
1.596460e+00 -3.21513857810453541e+00  4.95098044463861187e-01 -5.50439803175095332e-01
1.600000e+00 -3.27546153499061043e+00  4.79720039265835563e-01 -5.59063617901672472e-01
1.603540e+00 -3.33657673221662332e+00  4.64955173021820378e-01 -5.66779900132111658e-01
1.607080e+00 -3.39845053808471409e+00  4.50861021003041373e-01 -5.73524073222489661e-01
1.610619e+00 -3.46104553533985504e+00  4.37491560482327790e-01 -5.79231270189139003e-01
1.614159e+00 -3.52432039437463951e+00  4.24896938734071195e-01 -5.83836168778990694e-01
1.617699e+00 -3.58822974761482172e+00  4.13123222009344815e-01 -5.87272872844255889e-01
1.621239e+00 -3.65272406932552540e+00  4.02212116143932596e-01 -5.89474860196214756e-01
1.624779e+00 -3.71774956540296353e+00  3.92200650852141619e-01 -5.90375016593047475e-01
1.628319e+00 -3.78324807816092257e+00  3.83120821495798014e-01 -5.89905774315356624e-01
1.631858e+00 -3.84915701157046630e+00  3.74999184157046417e-01 -5.87999371872473642e-01
1.635398e+00 -3.91540928264273091e+00  3.67856402211350964e-01 -5.84588248799785992e-01
1.638938e+00 -3.98193330445068439e+00  3.61706745335817814e-01 -5.79605586344200563e-01
1.642478e+00 -4.04865300559243835e+00  3.56557544982063823e-01 -5.72986001192040018e-01
1.646018e+00 -4.11548788981595770e+00  3.52408613666514492e-01 -5.64666395326889781e-01
1.649558e+00 -4.18235313830008071e+00  3.49251638756519489e-01 -5.54586960606566093e-01
1.653097e+00 -4.24915975598612583e+00  3.47069564498345584e-01 -5.42692331688412466e-01
1.656637e+00 -4.31581476253645580e+00  3.45835978642717812e-01 -5.28932875543264513e-01
1.660177e+00 -4.38222142794278202e+00  3.45514522091677656e-01 -5.13266100153547233e-01
1.663717e+00 -4.44827955234910277e+00  3.46058341539412784e-01 -4.95658159413318922e-01
1.667257e+00 -4.51388578908063476e+00  3.47409606168578633e-01 -4.76085426128114386e-01
1.670796e+00 -4.57893400905807457e+00  3.49499110109831812e-01 -4.54536100663815390e-01
1.674336e+00 -4.64331570377520197e+00  3.52245982514954092e-01 -4.31011819328322221e-01
1.677876e+00 -4.70692042303866565e+00  3.55557526620680464e-01 -4.05529223874141254e-01
1.681416e+00 -4.76963624298519573e+00  3.59329207993270672e-01 -3.78121451354770155e-01
1.684956e+00 -4.83135025970041188e+00  3.63444810215525937e-01 -3.48839501800428053e-01
1.688496e+00 -4.89194910408144956e+00  3.67776773659225065e-01 -3.17753439890755440e-01
1.692035e+00 -4.95131947423544627e+00  3.72186729766838476e-01 -2.84953386362258698e-01
1.695575e+00 -5.00934868240081954e+00  3.76526239527226025e-01 -2.50550255802278188e-01
1.699115e+00 -5.06592521386065986e+00  3.80637740626720122e-01 -2.14676200141418361e-01
1.702655e+00 -5.12093929547859794e+00  3.84355703153946349e-01 -1.77484721617142294e-01
1.706195e+00 -5.17428347140456868e+00  3.87507988858775743e-01 -1.39150424895414737e-01
1.709735e+00 -5.22585318337092186e+00  3.89917404018365110e-01 -9.98683848035708532e-02
1.713274e+00 -5.27554735302050037e+00  3.91403431188828754e-01 -5.98531131792014379e-02
1.716814e+00 -5.32326896393471927e+00  3.91784120708484451e-01 -1.93371154168682884e-02
1.720354e+00 -5.36892564132649230e+00  3.90878118824207754e-01  2.14309654568444613e-02
1.723894e+00 -5.41243022744611935e+00  3.88506805655825793e-01  6.21886115146390861e-02
1.727434e+00 -5.45370135030488523e+00  3.84496512765616971e-01  1.02662085002895156e-01
1.730973e+00 -5.49266398214245832e+00  3.78680786817363224e-01  1.42569451500151712e-01
1.734513e+00 -5.52924998212634033e+00  3.70902662828948904e-01  1.81623936547415682e-01
1.738053e+00 -5.56339861522387302e+00  3.61016908147687166e-01  2.19537571022510064e-01
1.741593e+00 -5.59505703625923978e+00  3.48892196852171543e-01  2.56025071491964296e-01
1.745133e+00 -5.62418072504608002e+00  3.34413174024075055e-01  2.90807894357730190e-01
1.748673e+00 -5.65073385522341809e+00  3.17482370216744192e-01  3.23618396891340254e-01
1.752212e+00 -5.67468957592192247e+00  2.98021928237242328e-01  3.54204033872785706e-01
1.755752e+00 -5.69603018146658258e+00  2.75975106741310983e-01  3.82331515045979953e-01
1.759292e+00 -5.71474713982060933e+00  2.51307527903392780e-01  4.07790845683948466e-01
1.762832e+00 -5.73084094535651722e+00  2.24008139560515601e-01  4.30399170353899463e-01
1.766372e+00 -5.74432075593914515e+00  1.94089865918246396e-01  4.50004339014994148e-01
1.769912e+00 -5.75520376850978188e+00  1.61589925380924537e-01  4.66488115571341511e-01
1.773451e+00 -5.76351428173562130e+00  1.26569799456422966e-01  4.79768952484022626e-01
1.776991e+00 -5.76928238917896508e+00  8.91148429284644716e-02  4.89804261142836761e-01
1.780531e+00 -5.77254224209005340e+00  4.93335323642839774e-02  4.96592116042039844e-01
1.784071e+00 -5.77332981744903151e+00  7.35635725308632360e-03  5.00172340682264904e-01
1.787611e+00 -5.77168012428917976e+00 -3.66656345707573467e-02  5.00626933774324656e-01
1.791150e+00 -5.76762377962070438e+00 -8.25626181900679934e-02  4.98079805247936991e-01
1.794690e+00 -5.76118288452477767e+00 -1.30148073163363687e-01  4.92695802692556861e-01
1.798230e+00 -5.75236613145256825e+00 -1.79221131671010864e-01  4.84679020478844813e-01
1.801770e+00 -5.74116307588217634e+00 -2.29569152334780230e-01  4.74270396361619329e-01
1.805310e+00 -5.72753750981677623e+00 -2.80970471832506119e-01  4.61744614085039418e-01
1.808850e+00 -5.71141988169536408e+00 -3.33197279858282402e-01  4.47406345177155051e-01
1.812389e+00 -5.69269871751508205e+00 -3.86018556940638524e-01  4.31585877998446388e-01
1.815929e+00 -5.67121101145410211e+00 -4.39203009255888677e-01  4.14634196141502209e-01
1.819469e+00 -5.64673157091420386e+00 -4.92521930010846432e-01  3.96917580460975084e-01
1.823009e+00 -5.61896132043181229e+00 -5.45751913415462697e-01  3.78811818768304776e-01
1.826549e+00 -5.58751459115967997e+00 -5.98677344952499024e-01  3.60696114603204332e-01
1.830088e+00 -5.55190544763115224e+00 -6.51092590781829905e-01  3.42946792062469974e-01
1.833628e+00 -5.51153313154147817e+00 -7.02803809798070889e-01  3.25930898140792291e-01
1.837168e+00 -5.46566673365432898e+00 -7.53630314078569619e-01  3.09999807812611161e-01
1.840708e+00 -5.41342923984318158e+00 -8.03405407135491578e-01  2.95482939924492538e-01
1.844248e+00 -5.35378113549269408e+00 -8.51976634483752493e-01  2.82681693043767945e-01
1.847788e+00 -5.28550379331900455e+00 -8.99205387649876564e-01  2.71863708682348548e-01
1.851327e+00 -5.20718291204696815e+00 -9.44965811100263564e-01  2.63257564093496210e-01
1.854867e+00 -5.11719231611269443e+00 -9.89142971908060331e-01  2.57047988208312372e-01
1.858407e+00 -5.01367846860530797e+00 -1.03163026441393835e+00  2.53371683147919247e-01
1.861947e+00 -4.89454609029437382e+00 -1.07232603652093195e+00  2.52313821471267408e-01
1.865487e+00 -4.75744531632079060e+00 -1.11112944020658189e+00  2.53905277071143909e-01
1.869027e+00 -4.59976085845049809e+00 -1.14793552584516734e+00  2.58120635874732163e-01
1.872566e+00 -4.41860367385576414e+00 -1.18262961761022822e+00  2.64877020855674494e-01
1.876106e+00 -4.21080566981560089e+00 -1.21508102539559015e+00  2.74033753440366401e-01
1.879646e+00 -3.97291799564149573e+00 -1.24513616737505606e+00  2.85392859462438531e-01
1.883186e+00 -3.70121348646045956e+00 -1.27261119657968069e+00  2.98700412394188097e-01
1.886726e+00 -3.39169382634529093e+00 -1.29728424460395408e+00  3.13648690593425650e-01
1.890265e+00 -3.04010198930733733e+00 -1.31888741536398735e+00  3.29879110271722842e-01
1.893805e+00 -2.64194049508450490e+00 -1.33709868106712193e+00  3.46985883257576400e-01
1.897345e+00 -2.19249598208067376e+00 -1.35153385046391472e+00  3.64520339114940362e-01
1.900885e+00 -1.68687055188728108e+00 -1.36173879539611886e+00  3.81995844523475458e-01
1.904425e+00 -1.12002027791277436e+00 -1.36718213520641685e+00  3.98893248055291749e-01
1.907965e+00 -4.86801193786845221e-01 -1.36724858951284123e+00  4.14666774528606119e-01
1.911504e+00  2.17977015683503056e-01 -1.36123321800944419e+00  4.28750289460522682e-01
1.915044e+00  9.99489507880937267e-01 -1.34833677108004668e+00  4.40563851091072267e-01
1.918584e+00  1.86282697329774760e+00 -1.32766237668591947e+00  4.49520465951296633e-01
1.922124e+00  2.81291867923030203e+00 -1.29821378667545728e+00  4.55032965009339707e-01
1.925664e+00  3.85444817713893428e+00 -1.25889539883575563e+00  4.56520921525880197e-01
1.929204e+00  4.99176215144116586e+00 -1.20851425926488565e+00  4.53417538513208984e-01
1.932743e+00  6.22877306304749556e+00 -1.14578423277995967e+00  4.45176442033077491e-01
1.936283e+00  7.56885642279580750e+00 -1.06933250704482519e+00  4.31278325159009879e-01
1.939823e+00  9.01474371585490353e+00 -9.77708568957236901e-01  4.11237395254126836e-01
1.943363e+00  1.05684121856842435e+01 -8.69395759682151326e-01  3.84607583915111906e-01
1.946903e+00  1.22309728721238073e+01 -7.42825477701911874e-01  3.50988484776230070e-01
1.950442e+00  1.40025584785682025e+01 -5.96394057596458915e-01  3.10030989913349542e-01
1.953982e+00  1.58822128129860261e+01 -4.28482306297624571e-01  2.61442601235045646e-01
1.957522e+00  1.78677837013140355e+01 -2.37477628733401475e-01  2.04992398914439877e-01
1.961062e+00  1.99558214040827693e+01 -2.17986216569362977e-02  1.40515654002372620e-01
1.964602e+00  2.21414846731527106e+01  2.20078041284637760e-01  6.79180759938271261e-02
1.968142e+00  2.44184566610305147e+01  4.89588667743852568e-01 -1.28203124778450816e-02
1.971681e+00  2.67788729368669216e+01  7.88051841044153600e-01 -1.01641682812317266e-01
1.975221e+00  2.92132638676511149e+01  1.11663630176636941e+00 -1.98407301993110630e-01
1.978761e+00  3.17105135870124428e+01  1.47632782411799046e+00 -3.02894846237140025e-01
1.982301e+00  3.42578376940312097e+01  1.86789554821161818e+00 -4.14796150515346906e-01
1.985841e+00  3.68407816973515452e+01  2.29185827861193170e+00 -5.33715423915848919e-01
1.989381e+00  3.94432420432164719e+01  2.74845130315303132e+00 -6.59167966794211635e-01
1.992920e+00  4.20475113386414421e+01  3.23759432289845517e+00 -7.90579431365204477e-01
1.996460e+00  4.46343491033022062e+01  3.75886111304505777e+00 -9.27285672963253260e-01
2.000000e+00  4.71830790580087012e+01  4.31145155432313487e+00 -1.06853324467323829e+00
2.003540e+00  4.96717135874152333e+01  4.89416668369988717e+00 -1.21348059315152002e+00
2.007080e+00  5.20771056043538110e+01  5.50538741063727954e+00 -1.36120001760104525e+00
2.010619e+00  5.43751275979280067e+01  6.14305752964896978e+00 -1.51068045616782065e+00
2.014159e+00  5.65408771728438353e+01  6.80467163065868785e+00 -1.66083116361308236e+00
2.017699e+00  5.85489078897193451e+01  7.48726846535691148e+00 -1.81048634035972911e+00
2.021239e+00  6.03734837028172748e+01  8.18743027049533545e+00 -1.95841076570217698e+00
2.024779e+00  6.19888547717902085e+01  8.90128847827928915e+00 -2.10330647731432263e+00
2.028319e+00  6.33695519081183463e+01  9.62453616032068560e+00 -2.24382052566542445e+00
2.031858e+00  6.44906964165584498e+01  1.03524474557005739e+01 -2.37855381606617033e+00
2.035398e+00  6.53283216191174461e+01  1.10799041264079108e+01 -2.50607103315735325e+00
2.038938e+00  6.58597019155070171e+01  1.18014292659101709e+01 -2.62491162282419488e+00
2.042478e+00  6.60636848506095475e+01  1.25112280604783006e+01 -2.73360178473058202e+00
2.046018e+00  6.59210213361674420e+01  1.32032353703022896e+01 -2.83066740495275981e+00
2.049558e+00  6.54146889199718800e+01  1.38711697610856124e+01 -2.91464783288834450e+00
2.053097e+00  6.45302028201294178e+01  1.45085934797404352e+01 -2.98411038048972044e+00
2.056637e+00  6.32559093530081427e+01  1.51089777331886790e+01 -3.03766539606109687e+00
2.060177e+00  6.15832563889641662e+01  1.56657725002124053e+01 -3.07398174065677710e+00
2.063717e+00  5.95070355762403125e+01  1.61724799857523074e+01 -3.09180247367195760e+00
2.067257e+00  5.70255912845826956e+01  1.66227307178722832e+01 -3.08996053630163203e+00
2.070796e+00  5.41409915373883806e+01  1.70103611925998983e+01 -3.06739420750892533e+00
2.074336e+00  5.08591566228922645e+01  1.73294918938277185e+01 -3.02316209706410755e+00
2.077876e+00  4.71899415967316784e+01  1.75746044571728959e+01 -2.95645743414446471e+00
2.081416e+00  4.31471695038427967e+01  1.77406167106795181e+01 -2.86662140818728339e+00
2.084956e+00  3.87486128490728845e+01  1.78229543136216364e+01 -2.75315532169951727e+00
2.088496e+00  3.40159216236393291e+01  1.78176177289290365e+01 -2.61573132320981028e+00
2.092035e+00  2.89744970373446193e+01  1.77212433057113259e+01 -2.45420150300590834e+00
2.095575e+00  2.36533110007905556e+01  1.75311573160881480e+01 -2.26860515480966329e+00
2.099115e+00  1.80846723318372149e+01  1.72454218844798461e+01 -2.05917403263520349e+00
2.102655e+00  1.23039416081240169e+01  1.68628718665189901e+01 -1.82633546283891746e+00
2.106195e+00  6.34919753296069267e+00  1.63831418770975645e+01 -1.57071320569529127e+00
2.109735e+00  2.60858605029364199e-01  1.58066828304919476e+01 -1.29312599769598657e+00
2.113274e+00 -5.91873523689664260e+00  1.51347675371428227e+01 -9.94583744390401647e-01
2.116814e+00 -1.21457755037703894e+01  1.43694850980385258e+01 -6.76281373408921138e-01
2.120354e+00 -1.83754663505325411e+01  1.35137240447017888e+01 -3.39590397840675906e-01
2.123894e+00 -2.45625272016764704e+01  1.25711443859441356e+01  1.39517192600748796e-02
2.127434e+00 -3.06617094044596428e+01  1.15461389368786769e+01  3.82654268694878008e-01
2.130973e+00 -3.66283191027203543e+01  1.04437845160117462e+01  7.64687898945286881e-01
2.134513e+00 -4.24187382607148464e+01  9.26978379740054947e+00  1.15810091715183661e+00
2.138053e+00 -4.79909356527054172e+01  8.03039879189207717e+00  1.56083705429497943e+00
2.141593e+00 -5.33049596767902045e+01  6.73237709971925824e+00  1.97075443681886009e+00
2.145133e+00 -5.83234050533467112e+01  5.38287222203607030e+00  2.38564548792705367e+00
2.148673e+00 -6.30118458281582861e+01  3.98935933761360273e+00  2.80325746869960746e+00
2.152212e+00 -6.73392276127862459e+01  2.55954803967912348e+00  3.22131336193191142e+00
2.155752e+00 -7.12782126517277135e+01  1.10129358409521139e+00  3.63753280000409784e+00
2.159292e+00 -7.48054720961089430e+01 -3.77491778242714182e-01  4.04965274204647674e+00
2.162832e+00 -7.79019207730671468e+01 -1.86892582589251988e+00  4.45544761517590437e+00
2.166372e+00 -8.05528907517304162e+01 -3.36524023906514902e+00  4.85274864968059827e+00
2.169912e+00 -8.27482411011327628e+01 -4.85885989479147007e+00  5.23946215863133968e+00
2.173451e+00 -8.44824023901296073e+01 -6.34247627727916807e+00  5.61358653807547014e+00
2.176991e+00 -8.57543556698182812e+01 -7.80911384211799842e+00  5.97322779388407188e+00
2.180531e+00 -8.65675468790913669e+01 -9.25218834509836796e+00  6.31661343427212074e+00
2.184071e+00 -8.69297387972455624e+01 -1.06655563398549358e+01  6.64210460166262351e+00
2.187611e+00 -8.68528038079537481e+01 -1.20435552585483077e+01  6.94820635273738318e+00
2.191150e+00 -8.63524618114540772e+01 -1.33810337111202902e+01  7.23357603038474828e+00
2.194690e+00 -8.54479686032157986e+01 -1.46733718656264767e+01  7.49702970536334323e+00
2.198230e+00 -8.41617609062449645e+01 -1.59164919987420301e+01  7.73754669857542687e+00
2.201770e+00 -8.25190649814615966e+01 -1.71068595256036424e+01  7.95427222650789911e+00
2.205310e+00 -8.05474763296998191e+01 -1.82414750257270448e+01  8.14651824197065544e+00
2.208850e+00 -7.82765184264865042e+01 -1.93178579713494791e+01  8.31376256875937614e+00
2.212389e+00 -7.57371886872141715e+01 -2.03340230314184112e+01  8.45564645124569125e+00
2.215929e+00 -7.29614999402659521e+01 -2.12884499645999625e+01  8.57197065738053432e+00
2.219469e+00 -6.99820255882699058e+01 -2.21800482249145681e+01  8.66269028595337431e+00
2.223009e+00 -6.68314563667507286e+01 -2.30081174814916345e+01  8.72790843651910464e+00
2.226549e+00 -6.35421761731694517e+01 -2.37723052978449445e+01  8.76786890387755768e+00
2.230088e+00 -6.01458638498113842e+01 -2.44725632253004584e+01  8.78294805906320164e+00
2.233628e+00 -5.66731270767861659e+01 -2.51091025401024979e+01  8.77364607588428846e+00
2.237168e+00 -5.31531736851394712e+01 -2.56823507957515531e+01  8.74057765619543581e+00
2.240708e+00 -4.96135247559501806e+01 -2.61929102738393205e+01  8.68446239817444976e+00
2.244248e+00 -4.60797728527391328e+01 -2.66415193015278717e+01  8.60611493992904109e+00
2.247788e+00 -4.25753876668034223e+01 -2.70290172660728949e+01  8.50643499623045862e+00
2.251327e+00 -3.91215702647464241e+01 -2.73563140011339740e+01  8.38639738999487427e+00
2.254867e+00 -3.57371560415909855e+01 -2.76243640511221429e+01  8.24704216354350628e+00
2.258407e+00 -3.24385654282204925e+01 -2.78341461438193818e+01  8.08946483884780676e+00
2.261947e+00 -2.92398004040133941e+01 -2.79866480233987502e+01  7.91480688169558100e+00
2.265487e+00 -2.61524839478220308e+01 -2.80828566211794843e+01  7.72424641225007225e+00
2.269027e+00 -2.31859387435036304e+01 -2.81237533751566744e+01  7.51898919364342255e+00
2.272566e+00 -2.03473007574454741e+01 -2.81103143563387476e+01  7.30025992075160524e+00
2.276106e+00 -1.76416627389478435e+01 -2.80435147244482579e+01  7.06929382304661402e+00
2.279646e+00 -1.50722422704587071e+01 -2.79243369211815597e+01  6.82732858869644410e+00
2.283186e+00 -1.26405687203914479e+01 -2.77537819188407475e+01  6.57559661246518523e+00
2.286726e+00 -1.03466833296407650e+01 -2.75328827777893075e+01  6.31531756803948863e+00
2.290265e+00 -8.18934669283239458e+00 -2.72627197289595422e+01  6.04769130640736563e+00
2.293805e+00 -6.16624807134621200e+00 -2.69444359876553428e+01  5.77389108549671093e+00
2.297345e+00 -4.27421128751259261e+00 -2.65792535212170336e+01  5.49505714155709502e+00
2.300885e+00 -2.50939238452048574e+00 -2.61684880338880745e+01  5.21229061860163956e+00
2.304425e+00 -8.67464777789384578e-01 -2.57135624948781398e+01  4.92664787763981060e+00
2.307965e+00  6.56211748126686700e-01 -2.52160186171161023e+01  4.63913521193392508e+00
2.311504e+00  2.06644114808161428e+00 -2.46775257911956025e+01  4.35070399815730902e+00
2.315044e+00  3.36806254110168357e+00 -2.40998870879520872e+01  4.06224631649302648e+00
2.318584e+00  4.56584439863413394e+00 -2.34850420600973955e+01  3.77459107567553165e+00
2.322124e+00  5.66440217888733422e+00 -2.28350661941804489e+01  3.48850068159036431e+00
2.325664e+00  6.66813934603082892e+00 -2.21521669844213775e+01  3.20466828961847705e+00
2.329204e+00  7.58121101106879980e+00 -2.14386767153003142e+01  2.92371568044654495e+00
2.332743e+00  8.40750879045814159e+00 -2.06970421461804577e+01  2.64619179571795282e+00
2.336283e+00  9.15066491573665886e+00 -1.99298113854158565e+01  2.37257196341503285e+00
2.339823e+00  9.81407315602235286e+00 -1.91396183208851625e+01  2.10325783374899133e+00
2.343363e+00  1.04009237451309460e+01 -1.83291650370348087e+01  1.83857803566022904e+00
2.346903e+00  1.09142492425665001e+01 -1.75012026942549177e+01  1.57878955294975132e+00
2.350442e+00  1.13569781057491124e+01 -1.66585113741621846e+01  1.32407980829905370e+00
2.353982e+00  1.17319927094019683e+01 -1.58038794039810622e+01  1.07456943304760211e+00
2.357522e+00  1.20421886138529430e+01 -1.49400826650918273e+01  8.30315690126674388e-01
2.361062e+00  1.22905320509228826e+01 -1.40698643660127498e+01  5.91316506500088934e-01
2.364602e+00  1.24801128548829912e+01 -1.31959157203739856e+01  3.57515059818482139e-01
2.368142e+00  1.26141904046483138e+01 -1.23208579181969338e+01  1.28804852461590374e-01
2.371681e+00  1.26962305475019495e+01 -1.14472257167715092e+01 -9.49648040306013824e-02
2.375221e+00  1.27299319280182939e+01 -1.05774529085255153e+01 -3.13982978693497561e-01
2.378761e+00  1.27192406312776267e+01 -9.71385985038157607e+00 -5.28471073838300609e-01
2.382301e+00  1.26683525494961486e+01 -8.85864316498186533e+00 -7.38676630592059458e-01
2.385841e+00  1.25817033787794745e+01 -8.01386765150437341e+00 -9.44867075886297259e-01
2.389381e+00  1.24639466316618996e+01 -7.18146037512918589e+00 -1.14732349686523749e+00
2.392920e+00  1.23199204964822435e+01 -6.36320684183827989e+00 -1.34633452522997188e+00
2.396460e+00  1.21546047730906768e+01 -5.56074911108942871e+00 -1.54219040963973053e+00
2.400000e+00  1.19730694543519860e+01 -4.77558565447922589e+00 -1.73517734834306259e+00
2.403540e+00  1.17804167950233349e+01 -4.00907273480188664e+00 -1.92557214612661198e+00
2.407080e+00  1.15817189068713287e+01 -3.26242705746524431e+00 -2.11363724941244691e+00
2.410619e+00  1.13819530370491471e+01 -2.53672943517548699e+00 -2.29961620161837610e+00
2.414159e+00  1.11859367243186654e+01 -1.83292920686593686e+00 -2.48372954893471043e+00
2.417699e+00  1.09982649861372366e+01 -1.15184916228708056e+00 -2.66617121565369564e+00
2.421239e+00  1.08232515732463614e+01 -4.94190743284000700e-01 -2.84710535878235227e+00
2.424779e+00  1.06648761440941353e+01  1.39460680056473246e-01 -3.02666370385610861e+00
2.428319e+00  1.05267389682143016e+01  7.48630627354269329e-01 -3.20494335717574286e+00
2.431858e+00  1.04120244761398197e+01  1.33295055224979397e+00 -3.38200508364549934e+00
2.435398e+00  1.03234746450978410e+01  1.89215320649527929e+00 -3.55787203391742191e+00
2.438938e+00  1.02633728567135538e+01  2.42606837770320194e+00 -3.73252890003582705e+00
2.442478e+00  1.02335384976383690e+01  2.93461901582812779e+00 -3.90592147583463056e+00
2.446018e+00  1.02353322089750698e+01  3.41781772686689411e+00 -4.07795659740167604e+00
2.449558e+00  1.02696713381548612e+01  3.87576357949170314e+00 -4.24850243996404675e+00
2.453097e+00  1.03370548197133765e+01  4.30863914297972350e+00 -4.41738915007700950e+00
2.456637e+00  1.04375964204223077e+01  4.71670765416832705e+00 -4.58440979530036685e+00
2.460177e+00  1.05710650389624909e+01  5.10031019795363694e+00 -4.74932161698742394e+00
2.463717e+00  1.07369305579539649e+01  5.45986278006200010e+00 -4.91184757503650893e+00
2.467257e+00  1.09344136112726691e+01  5.79585317189405025e+00 -5.07167817636607943e+00
2.470796e+00  1.11625375543140635e+01  6.10883741436494532e+00 -5.22847358147206798e+00
2.474336e+00  1.14201809093302789e+01  6.39943588012493159e+00 -5.38186598563785434e+00
2.477876e+00  1.17061286007364469e+01  6.66832881084693518e+00 -5.53146227298377280e+00
2.481416e+00  1.20191203935903026e+01  6.91625126801307477e+00 -5.67684694227606546e+00
2.484956e+00  1.23578950980940672e+01  7.14398746122176576e+00 -5.81758530300434895e+00
2.488496e+00  1.27212292980093000e+01  7.35236444641922748e+00 -5.95322693852098173e+00
2.492035e+00  1.31079695934462475e+01  7.54224521609924370e+00 -6.08330942995683177e+00
2.495575e+00  1.35170576089808687e+01  7.71452123264383705e+00 -6.20736233020412342e+00
2.499115e+00  1.39475472957565501e+01  7.87010448299150145e+00 -6.32491137158442474e+00
2.502655e+00  1.43986143402514148e+01  8.00991915661232312e+00 -6.43548288411538927e+00
2.506195e+00  1.48695577725151313e+01  8.13489306881352192e+00 -6.53860839392772597e+00
2.509735e+00  1.53597941338381645e+01  8.24594896755071538e+00 -6.63382936385685440e+00
2.513274e+00  1.58688448101259656e+01  8.34399587408324628e+00 -6.72070203102178709e+00
2.516814e+00  1.63963173557186757e+01  8.42992061567947104e+00 -6.79880228961820077e+00
2.520354e+00  1.69418818166598406e+01  8.50457971161287318e+00 -6.86773056126996728e+00
2.523894e+00  1.75052432067827191e+01  8.56879177134878844e+00 -6.92711659004404190e+00
2.527434e+00  1.80861113898574857e+01  8.62333055587899899e+00 -6.97662409466321964e+00
2.530973e+00  1.86841696735755534e+01  8.66891883993393542e+00 -7.01595520685699103e+00
2.534513e+00  1.92990434257484544e+01  8.70622319513826781e+00 -7.04485462277201524e+00
2.538053e+00  1.99302699815536783e+01  8.73584979322091826e+00 -7.06311339458898679e+00
2.541593e+00  2.05772710267522605e+01  8.75834130526442323e+00 -7.07057229235727114e+00
2.545133e+00  2.12393285206204396e+01  8.77417494853606605e+00 -7.06712467144644574e+00
2.548673e+00  2.19155650695826623e+01  8.78376170723059602e+00 -7.05271878834074251e+00
2.552212e+00  2.26049294841296664e+01  8.78744672785111725e+00 -7.02735951604335707e+00
2.555752e+00  2.33061880536965695e+01  8.78551086439189888e+00 -6.99110941966053723e+00
2.559292e+00  2.40179218633705496e+01  8.77817332360608660e+00 -6.94408916284466571e+00
2.562832e+00  2.47385302598743593e+01  8.76559533730530660e+00 -6.88647722709842913e+00
2.566372e+00  2.54662403600807643e+01  8.74788476779110091e+00 -6.81850893882491693e+00
2.569912e+00  2.61991222912962201e+01  8.72510153496923735e+00 -6.74047481329768861e+00
2.573451e+00  2.69351096660270706e+01  8.69726373993567137e+00 -6.65271823961887865e+00
2.576991e+00  2.76720246309368889e+01  8.66435434994362730e+00 -6.55563254505096271e+00
2.580531e+00  2.84076066946100880e+01  8.62632830344199064e+00 -6.44965748982188991e+00
2.584071e+00  2.91395444343743506e+01  8.58311989095220085e+00 -6.33527525419923343e+00
2.587611e+00  2.98655091104133064e+01  8.53465026761540635e+00 -6.21300598857941200e+00
2.591150e+00  3.05831891765226516e+01  8.48083495615491856e+00 -6.08340300513265309e+00
2.594690e+00  3.12903246713105290e+01  8.42159120476192946e+00 -5.94704769651286114e+00
2.598230e+00  3.19847405008645289e+01  8.35684507300512003e+00 -5.80454427295495101e+00
2.601770e+00  3.26643776822979390e+01  8.28653813004437723e+00 -5.65651441281230039e+00
2.605310e+00  3.33273217042051186e+01  8.21063366261648753e+00 -5.50359192220225513e+00
2.608850e+00  3.39718272706063118e+01  8.12912230460741547e+00 -5.34641749640991915e+00
2.612389e+00  3.45963388241375327e+01  8.04202701465196945e+00 -5.18563366937683856e+00
2.615929e+00  3.51995063863054938e+01  7.94940734248714964e+00 -5.02188002896551033e+00
2.619469e+00  3.57801964020038739e+01  7.85136293854299616e+00 -4.85578876582453400e+00
2.623009e+00  3.63374974271127158e+01  7.74803627466773825e+00 -4.68798061314815850e+00
2.626549e+00  3.68707206473449958e+01  7.63961455723228067e+00 -4.51906122324492276e+00
2.630088e+00  3.73793953593448123e+01  7.52633082719189517e+00 -4.34961801396450465e+00
2.633628e+00  3.78632596772535805e+01  7.40846425464970526e+00 -4.18021750321273622e+00
2.637168e+00  3.83222468455119554e+01  7.28633964742757989e+00 -4.01140313326550935e+00
2.640708e+00  3.87564676379260149e+01  7.16032620351823823e+00 -3.84369356945645491e+00
2.644248e+00  3.91661894012516498e+01  7.03083554589819837e+00 -3.67758144156939437e+00
2.647788e+00  3.95518123572839428e+01  6.89831908542459793e+00 -3.51353248218651260e+00
2.651327e+00  3.99138438105932494e+01  6.76326476420991352e+00 -3.35198500486487783e+00
2.654867e+00  4.02528709206173687e+01  6.62619323872255617e+00 -3.19334965611576527e+00
2.658407e+00  4.05695326883536040e+01  6.48765356919243885e+00 -3.03800936820747669e+00
2.661947e+00  4.08644917810743991e+01  6.34821848936759103e+00 -2.88631943456442608e+00
2.665487e+00  4.11384067750026148e+01  6.20847933747926639e+00 -2.73860762642415656e+00
2.669027e+00  4.13919053376572776e+01  6.06904073462258786e+00 -2.59517426943007834e+00
2.672566e+00  4.16255588011738453e+01  5.93051510025163342e+00 -2.45629220300985063e+00
2.676106e+00  4.18398584987043591e+01  5.79351709629616707e+00 -2.32220655418527278e+00
2.679646e+00  4.20351941520410151e+01  5.65865809207690340e+00 -2.19313427048432841e+00
2.683186e+00  4.22118345139829430e+01  5.52654074220592140e+00 -2.06926337279665740e+00
2.686726e+00  4.23699103871926113e+01  5.39775376901078108e+00 -1.95075190708396118e+00
2.690265e+00  4.25094000648980739e+01  5.27286703910669541e+00 -1.83772659294989005e+00
2.693805e+00  4.26301171694283738e+01  5.15242701957331839e+00 -1.73028118688804700e+00
2.697345e+00  4.27317008034356718e+01  5.03695269187815420e+00 -1.62847459859929211e+00
2.700885e+00  4.28136078770630206e+01  4.92693199088152856e+00 -1.53232881997113712e+00
2.704425e+00  4.28751074338429348e+01  4.82281882234239223e+00 -1.44182674741277972e+00
2.707965e+00  4.29152767703254909e+01  4.72503069624993266e+00 -1.35690999783798683e+00
2.711504e+00  4.29329991302871576e+01  4.63394699607432781e+00 -1.27747683496046704e+00
2.715044e+00  4.29269627536911926e+01  4.54990788638508636e+00 -1.20338033422592439e+00
2.718584e+00  4.28956610719953417e+01  4.47321384346320183e+00 -1.13442692083942154e+00
2.722124e+00  4.28373938628381765e+01  4.40412577546359696e+00 -1.07037541588397178e+00
2.725664e+00  4.27502692064659797e+01  4.34286568040945209e+00 -1.01093672081937691e+00
2.729204e+00  4.26322061218908175e+01  4.28961777236544517e+00 -9.55774261009686321e-01
2.732743e+00  4.24809378016666273e+01  4.24452998970097006e+00 -9.04505294313705632e-01
2.736283e+00  4.22940154094324470e+01  4.20771578593082296e+00 -8.56703170848328366e-01
2.739823e+00  4.20688124526395271e+01  4.17925609459149072e+00 -8.11900604538135839e-01
2.743363e+00  4.18025297920178076e+01  4.15920135578775518e+00 -7.69593986267763763e-01
2.746903e+00  4.14922013966447594e+01  4.14757349352752325e+00 -7.29248733407999339e-01
2.750442e+00  4.11347009963064920e+01  4.14436773935824743e+00 -6.90305632913430056e-01
2.753982e+00  4.07267498192419808e+01  4.14955420864311453e+00 -6.52188097073141404e-01
2.757522e+00  4.02649256323746414e+01  4.16307915081238544e+00 -6.14310214122411935e-01
2.761062e+00  3.97456733225338681e+01  4.18486581407470215e+00 -5.76085441614231586e-01
2.764602e+00  3.91653172708645840e+01  4.21481488829808448e+00 -5.36935759609787788e-01
2.768142e+00  3.85200757781365155e+01  4.25280451654888036e+00 -4.96301074147331822e-01
2.771681e+00  3.78060777950071127e+01  4.29868989493079923e+00 -4.53648640031450001e-01
2.775221e+00  3.70193821973215691e+01  4.35230251017823377e+00 -4.08482256984954328e-01
2.778761e+00  3.61559998215473541e+01  4.41344909304878197e+00 -3.60350986001126583e-01
2.782301e+00  3.52119184395981648e+01  4.48191039128658364e+00 -3.08857134497150854e-01
2.785841e+00  3.41831308066122475e+01  4.55743988757623431e+00 -2.53663270201075819e-01
2.789381e+00  3.30656658611431880e+01  4.63976260460141354e+00 -1.94498044430206712e-01
2.792920e+00  3.18556230959997571e+01  4.72857415028811090e+00 -1.31160634636881407e-01
2.796460e+00  3.05492100504939081e+01  4.82354016070537028e+00 -6.35236524425054211e-02
2.800000e+00  2.91427828016443904e+01  4.92429629505164446e+00  8.46559463223697621e-03
2.803540e+00  2.76328892535489459e+01  5.03044892602605120e+00  8.47855532447013560e-02
2.807080e+00  2.60163149418247457e+01  5.14157664951038917e+00  1.65342602162269398e-01
2.810619e+00  2.42901309855625875e+01  5.25723271031542705e+00  2.49974922552268247e-01
2.814159e+00  2.24517437349682929e+01  5.37694840674844343e+00  3.38457972811569030e-01
2.817699e+00  2.04989455811609567e+01  5.50023749725573818e+00  4.30511428793335815e-01
2.821239e+00  1.84299663175669295e+01  5.62660158889169715e+00  5.25807402223985587e-01
2.824779e+00  1.62435243717499596e+01  5.75553644152155108e+00  6.23979707782551518e-01
2.828319e+00  1.39388771639780735e+01  5.88653907531147347e+00  7.24633914965858383e-01
2.831858e+00  1.15158697961260330e+01  6.01911552419923268e+00  8.27357895989924264e-01
2.835398e+00  8.97498123370570866e+00  6.15278903673544697e+00  9.31732566142316809e-01
2.838938e+00  6.31736711710296639e+00  6.28710848989898441e+00  1.03734250798579652e+00
2.842478e+00  3.54489832751385459e+00  6.42165675295248484e+00  1.14378617508760327e+00
2.846018e+00  6.60194440227111046e-01  6.55605871860832767e+00  1.25068538414360675e+00
2.849558e+00 -2.33334877608477376e+00  6.68998870902936638e+00  1.35769382647424752e+00
2.853097e+00 -5.43153860979167646e+00  6.82317696560967590e+00  1.46450436100315762e+00
2.856637e+00 -8.62937213649690804e+00  6.95541494483944778e+00  1.57085489068594408e+00
2.860177e+00 -1.19210310731285336e+01  7.08655916801921126e+00  1.67653267172371812e+00
2.863717e+00 -1.52998852942612071e+01  7.21653340951513922e+00  1.78137695755622261e+00
2.867257e+00 -1.87585054243937250e+01  7.34532905524834145e+00  1.88527993477314681e+00
2.870796e+00 -2.22886847784159059e+01  7.47300351834758647e+00  1.98818596301788397e+00
2.874336e+00 -2.58814707666715975e+01  7.59967666046736312e+00  2.09008918370409269e+00
2.877876e+00 -2.95272057137339843e+01  7.72552523342759567e+00  2.19102961177324218e+00
2.881416e+00 -3.32155768642415197e+01  7.85077542483496504e+00  2.29108787008159087e+00
2.884956e+00 -3.69356751680887001e+01  7.97569366113457079e+00  2.39037876643767611e+00
2.888496e+00 -4.06760622546573529e+01  8.10057588943671014e+00  2.48904394738615675e+00
2.892035e+00 -4.44248448261939615e+01  8.22573562225149857e+00  2.58724388871627875e+00
2.895575e+00 -4.81697555292835915e+01  8.35149108367670934e+00  2.68514949872746556e+00
2.899115e+00 -5.18982392063587952e+01  8.47815183895352931e+00  2.78293361574333442e+00
2.902655e+00 -5.55975432915980363e+01  8.60600531999194196e+00  2.88076267661955132e+00
2.906195e+00 -5.92548110016788812e+01  8.73530367681746611e+00  2.97878881930077410e+00
2.909735e+00 -6.28571758848227375e+01  8.86625138877359653e+00  3.07714266130549818e+00
2.913274e+00 -6.63918562339132450e+01  8.99899405959367904e+00  3.17592696840674549e+00
2.916814e+00 -6.98462478436733107e+01  9.13360879677482451e+00  3.27521139424007401e+00
2.920354e+00 -7.32080136006903501e+01  9.27009653772490871e+00  3.37502843247164508e+00
2.923894e+00 -7.64651684411412305e+01  9.40837663318592909e+00  3.47537067933855992e+00
2.927434e+00 -7.96061582960686991e+01  9.54828393380183371e+00  3.57618945752769601e+00
2.930973e+00 -8.26199317677936733e+01  9.68956855085816215e+00  3.67739480487631809e+00
2.934513e+00 -8.54960034410249818e+01  9.83189838035324293e+00  3.77885678571221639e+00
2.938053e+00 -8.82245079240777414e+01  9.97486439393542845e+00  3.88040804063757339e+00
2.941593e+00 -9.07962439340302296e+01  1.01179886137276664e+01  3.98184745311113852e+00
2.945133e+00 -9.32027079793356563e+01  1.02607346030134767e+01  4.08294477854215732e+00
2.948673e+00 -9.54361174494154341e+01  1.04025202232493541e+01  4.18344605395566926e+00
2.952212e+00 -9.74894231881085460e+01  1.05427323320367297e+01  4.28307958423934032e+00
2.955752e+00 -9.93563119006811348e+01  1.06807430289275533e+01  4.38156228563413919e+00
2.959292e+00 -1.01031199015045431e+02  1.08159269987954367e+01  4.47860615961185449e+00
2.962832e+00 -1.02509212878086714e+02  1.09476794583241048e+01  4.57392467112415879e+00
2.966372e+00 -1.03786171408144284e+02  1.10754341816976094e+01  4.66723881398993612e+00
2.969912e+00 -1.04858552535963980e+02  1.11986810677331388e+01  4.75828266169587000e+00
2.973451e+00 -1.05723459941674903e+02  1.13169827125455029e+01  4.84680822268048228e+00
2.976991e+00 -1.06378585729255562e+02  1.14299894688067507e+01  4.93258944417834666e+00
2.980531e+00 -1.06822171768667943e+02  1.15374525038565601e+01  5.01542523742252300e+00
2.984071e+00 -1.07052971476128249e+02  1.16392344133062746e+01  5.09514142923962599e+00
2.987611e+00 -1.07070213791825850e+02  1.17353170032847416e+01  5.17159158036628419e+00
2.991150e+00 -1.06873571049192009e+02  1.18258059218470279e+01  5.24465664804408327e+00
2.994690e+00 -1.06463132309192346e+02  1.19109318966722242e+01  5.31424350786823307e+00
2.998230e+00 -1.05839383557887146e+02  1.19910484198419436e+01  5.38028238560430694e+00
3.001770e+00 -1.05003195939164087e+02  1.20666258085567701e+01  5.44272328237405567e+00
3.005310e+00 -1.03955822923038355e+02  1.21382416602486352e+01  5.50153150569699712e+00
3.008850e+00 -1.02698907000800702e+02  1.22065678090180398e+01  5.55668244445330828e+00
3.012389e+00 -1.01234496159859745e+02  1.22723539755179978e+01  5.60815574807674100e+00
3.015929e+00 -9.95650700318708459e+01  1.23364083827355717e+01  5.65592908888637780e+00
3.019469e+00 -9.76935752364903323e+01  1.23995756843198457e+01  5.69997170048513535e+00
3.023009e+00 -9.56234690694533214e+01  1.24627126188691104e+01  5.74023789339673396e+00
3.026549e+00 -9.33587703184214348e+01  1.25266618613822356e+01  5.77666075079550367e+00
3.030088e+00 -9.09041156449674475e+01  1.25922245902557535e+01  5.80914620243518254e+00
3.033628e+00 -8.82648196582056812e+01  1.26601323234153114e+01  5.83756766474358901e+00
3.037168e+00 -8.54469365362349151e+01  1.27310185997481966e+01  5.86176142092488384e+00
3.040708e+00 -8.24573208354522222e+01  1.28053910921155580e+01  5.88152289782866067e+00
3.044248e+00 -7.93036849727642306e+01  1.28836047366111810e+01  5.89660397650738766e+00
3.047788e+00 -7.59946507779360729e+01  1.29658364502684300e+01  5.90671145031919487e+00
3.051327e+00 -7.25397924976286248e+01  1.30520619867433734e+01  5.91150671766666935e+00
3.054867e+00 -6.89496686927352016e+01  1.31420354470076628e+01  5.91060676625806991e+00
3.058407e+00 -6.52358406085783713e+01  1.32352719201643279e+01  5.90358647343489729e+00
3.061947e+00 -6.14108748133851634e+01  1.33310336788772812e+01  5.88998221457608562e+00
3.065487e+00 -5.74883281915726627e+01  1.34283202957499039e+01  5.86929674060838824e+00
3.069027e+00 -5.34827137392509684e+01  1.35258629827425541e+01  5.84100525701016604e+00
3.072566e+00 -4.94094460319382662e+01  1.36221233867951028e+01  5.80456261008289243e+00
3.076106e+00 -4.52847657087545556e+01  1.37152970024074943e+01  5.75941146088723244e+00
3.079646e+00 -4.11256428318665854e+01  1.38033212870448239e+01  5.70499130277887456e+00
3.083186e+00 -3.69496595221689361e+01  1.38838884889173588e+01  5.64074815573096267e+00
3.086726e+00 -3.27748728286131481e+01  1.39544631201418525e+01  5.56614475135026598e+00
3.090265e+00 -2.86196593448310779e+01  1.40123039327871339e+01  5.48067100848845623e+00
3.093805e+00 -2.45025436275894286e+01  1.40544901819364778e+01  5.38385459141617417e+00
3.097345e+00 -2.04420129816451244e+01  1.40779518894092917e+01  5.27527133999944553e+00
3.100885e+00 -1.64563216394265659e+01  1.40795037546744410e+01  5.15455536257937119e+00
3.104425e+00 -1.25632877671398582e+01  1.40558822963296670e+01  5.02140858592363237e+00
3.107965e+00 -8.78008705828858282e+00  1.40037857492541864e+01  4.87560956258220290e+00
3.111504e+00 -5.12304691998907202e+00  1.39199161904608850e+01  4.71702134553326058e+00
3.115044e+00 -1.60744540791537149e+00  1.38010233220855714e+01  4.54559825490778557e+00
3.118584e+00  1.75268088422077839e+00  1.36439493037252380e+01  4.36139138265637705e+00
3.122124e+00  4.94471582889410133e+00  1.34456739987339926e+01  4.16455270728132820e+00
3.125664e+00  7.95762567052318559e+00  1.32033599800036594e+01  3.95533771972286008e+00
3.129204e+00  1.07821001042599534e+01  1.29143966302421571e+01  3.73410649056124777e+00
3.132743e+00  1.34106691630224848e+01  1.25764426703636847e+01  3.50132313665100980e+00
3.136283e+00  1.58377930048565876e+01  1.21874664582568322e+01  3.25755367284506914e+00
3.139823e+00  1.80599222328719371e+01  1.17457834197024393e+01  3.00346226340485911e+00
3.143363e+00  2.00755269906470417e+01  1.12500900037037450e+01  2.73980591926356531e+00
3.146903e+00  2.18850937418426170e+01  1.06994935953118464e+01  2.46742772082924722e+00
3.150442e+00  2.34910893467659108e+01  1.00935378691573181e+01  2.18724867884813534e+00
3.153982e+00  2.48978927728182384e+01  9.43222312556935094e+00  1.90025837478422055e+00
3.157522e+00  2.61116955018391401e+01  8.71602121817782738e+00  1.60750454526276609e+00
3.161062e+00  2.71403724069794592e+01  7.94588475731293631e+00  1.31008179270124914e+00
3.164602e+00  2.79933255465462238e+01  7.12325035694783182e+00  1.00911961835248509e+00
3.168142e+00  2.86813039441075617e+01  6.25003578296293938e+00  7.05769986607273081e-01
3.171681e+00  2.92162029756155697e+01  5.32863095480698945e+00  4.01194640800301427e-01
3.175221e+00  2.96108474496590368e+01  4.36188284865617248e+00  9.65523990387922443e-02
3.178761e+00  2.98787628331103754e+01  3.35307444605467619e+00 -2.07013339104765215e-01
3.182301e+00  3.00339393315943042e+01  2.30589796684461623e+00 -5.08386649632674326e-01
3.185841e+00  3.00905936759841914e+01  1.22442271848692341e+00 -8.06490492165155226e-01
3.189381e+00  3.00629334892040987e+01  1.13057984628505553e-01 -1.10029727362105567e+00
3.192920e+00  2.99649290113904989e+01 -1.02348853820978336e+00 -1.38883839137121567e+00
3.196460e+00  2.98100967480659982e+01 -2.18025616880058148e+00 -1.67121259943662093e+00
3.200000e+00  2.96112992805637170e+01 -3.35207987995823764e+00 -1.94659306249211106e+00
3.203540e+00  2.93805650491242467e+01 -4.53364143905015471e+00 -2.21423298718370498e+00
3.207080e+00  2.91289313989597183e+01 -5.71952229987031480e+00 -2.47346974993150504e+00
3.210619e+00  2.88663135831886741e+01 -6.90425746626376569e+00 -2.72372747416089656e+00
3.214159e+00  2.86014017609561328e+01 -8.08238953087657208e+00 -2.96451804496487803e+00
3.217699e+00  2.83415873324138623e+01 -9.24852208862728276e+00 -3.19544058234305295e+00
3.221239e+00  2.80929192332019433e+01 -1.03973717358979840e+01 -3.41617942366890137e+00
3.224779e+00  2.78600900886178948e+01 -1.15238178946063172e+01 -3.62650069242431883e+00
3.228319e+00  2.76464514209788668e+01 -1.26229497451553172e+01 -3.82624755535294936e+00
3.231858e+00  2.74540564318148483e+01 -1.36901096116677543e+01 -4.01533429533265096e+00
3.235398e+00  2.72837282615731702e+01 -1.47209322137252396e+01 -4.19373935184301683e+00
3.238938e+00  2.71351510796493365e+01 -1.57113792783691384e+01 -4.36149750250795432e+00
3.242478e+00  2.70069808903093111e+01 -1.66577690932182527e+01 -4.51869137517721242e+00
3.246018e+00  2.68969725660401835e+01 -1.75568006762822257e+01 -4.66544248924544469e+00
3.249558e+00  2.68021193468865278e+01 -1.84055723402733271e+01 -4.80190202843572767e+00
3.253097e+00  2.67188008776098265e+01 -1.92015945371554864e+01 -4.92824154736768172e+00
3.256637e+00  2.66429357965065101e+01 -1.99427969785012777e+01 -5.04464381258429029e+00
3.260177e+00  2.65701349397129398e+01 -2.06275301342025905e+01 -5.15129397517645859e+00
3.263717e+00  2.64958513785397898e+01 -2.12545613123229842e+01 -5.24837126495553719e+00
3.267257e+00  2.64155237570938866e+01 -2.18230656146146238e+01 -5.33604138343716894e+00
3.270796e+00  2.63247097326770891e+01 -2.23326121455107049e+01 -5.41444975442835119e+00
3.274336e+00  2.62192067298825329e+01 -2.27831459275946813e+01 -5.48371576848845788e+00
3.277876e+00  2.60951576874637006e+01 -2.31749660426281352e+01 -5.54392813365420878e+00
3.281416e+00  2.59491399904279874e+01 -2.35087005713467114e+01 -5.59514142145874516e+00
3.284956e+00  2.57782363226677091e+01 -2.37852789438542196e+01 -5.63737387441892679e+00
3.288496e+00  2.55800867308397244e+01 -2.40059023332198755e+01 -5.67060651732125276e+00
3.292035e+00  2.53529217406706060e+01 -2.41720127280088057e+01 -5.69478358842693044e+00
3.295575e+00  2.50955768956869072e+01 -2.42852613074203987e+01 -5.70981427836376820e+00
3.299115e+00  2.48074895808576557e+01 -2.43474767185621559e+01 -5.71557573601034274e+00
3.302655e+00  2.44886794376680861e+01 -2.43606338210385722e+01 -5.71191727470593946e+00
3.306195e+00  2.41397140628151021e+01 -2.43268234195257520e+01 -5.69866569008006696e+00
3.309735e+00  2.37616620015716720e+01 -2.42482234494855859e+01 -5.67563158212241436e+00
3.313274e+00  2.33560352915756511e+01 -2.41270720147132494e+01 -5.64261655693176856e+00
3.316814e+00  2.29247239777530751e+01 -2.39656426002319449e+01 -5.59942116640346654e+00
3.320354e+00  2.24699251016664618e+01 -2.37662217042730433e+01 -5.54585342721690377e+00
3.323894e+00  2.19940686701204484e+01 -2.35310890531706356e+01 -5.48173774588796903e+00
3.327434e+00  2.14997430334867801e+01 -2.32625004860685038e+01 -5.40692406672293036e+00
3.330973e+00  2.09896219614825128e+01 -2.29626735235564006e+01 -5.32129705528192520e+00
3.334513e+00  2.04663955013328405e+01 -2.26337755658108151e+01 -5.22478513045841275e+00
3.338053e+00  1.99327064485101744e+01 -2.22779146020520749e+01 -5.11736916135825481e+00
3.341593e+00  1.93910939620420599e+01 -2.18971322560810151e+01 -4.99909064914842105e+00
3.345133e+00  1.88439455248296746e+01 -2.14933989452767769e+01 -4.87005921893067750e+00
3.348673e+00  1.82934580970576128e+01 -2.10686108953045803e+01 -4.73045925396645295e+00
3.352212e+00  1.77416089519056968e+01 -2.06245887308240441e+01 -4.58055551591272625e+00
3.355752e+00  1.71901363314276310e+01 -2.01630773527726390e+01 -4.42069761061968070e+00
3.359292e+00  1.66405297282605815e+01 -1.96857468135129352e+01 -4.25132317841930529e+00
3.362832e+00  1.60940292941445762e+01 -1.91941939109037847e+01 -4.07295970888875924e+00
3.366372e+00  1.55516336051251756e+01 -1.86899442408569243e+01 -3.88622490152595468e+00
3.369912e+00  1.50141147813771791e+01 -1.81744544753581820e+01 -3.69182551556671568e+00
3.373451e+00  1.44820397730463721e+01 -1.76491146688259875e+01 -3.49055467507056916e+00
3.376991e+00  1.39557964885597432e+01 -1.71152504382320068e+01 -3.28328761998305074e+00
3.380531e+00  1.34356233626239714e+01 -1.65741249086968132e+01 -3.07097591980564921e+00
3.384071e+00  1.29216409377897854e+01 -1.60269403633164806e+01 -2.85464019266159319e+00
3.387611e+00  1.24138840620579636e+01 -1.54748395816735123e+01 -2.63536139785974077e+00
3.391150e+00  1.19123333792452577e+01 -1.49189068947077317e+01 -2.41427079414359680e+00
3.394690e+00  1.14169449025014789e+01 -1.43601690234732597e+01 -2.19253867888200338e+00
3.398230e+00  1.09276766096115807e+01 -1.37995958043114673e+01 -1.97136204561969519e+00
3.401770e+00  1.04445111772455004e+01 -1.32381009309863131e+01 -1.75195131807610327e+00
3.405310e+00  9.96747417439664751e+00 -1.26765428633211670e+01 -1.53551633676395549e+00
3.408850e+00  9.49664725426202416e+00 -1.21157260608782220e+01 -1.32325178913239450e+00
3.412389e+00  9.03217610787767455e+00 -1.15564026996267906e+01 -1.11632228580503501e+00
3.415929e+00  8.57427316120523209e+00 -1.09992750204334531e+01 -9.15847295211061341e-01
3.419469e+00  8.12321520201461311e+00 -1.04449984412764429e+01 -7.22886157575702293e-01
3.423009e+00  7.67933630916778043e+00 -9.89418554018646823e+00 -5.38423406382264269e-01
3.426549e+00  7.24301662197932838e+00 -9.34741098264396264e+00 -3.63354629214944658e-01
3.430088e+00  6.81466762782958568e+00 -8.80521742608070568e+00 -1.98473098433353479e-01
3.433628e+00  6.39471475696713298e+00 -8.26812238751030648e+00 -4.44573950778871102e-02
3.437168e+00  5.98357814869015581e+00 -7.73662601162416586e+00  9.81397614246850569e-02
3.440708e+00  5.58165248921675161e+00 -7.21121962915370673e+00  2.28901277006645171e-01
3.444248e+00  5.18928681918958645e+00 -6.69239495058787792e+00  3.47553850653034679e-01
3.447788e+00  4.80676517252991520e+00 -6.18065369857562352e+00  4.53974368332828726e-01
3.451327e+00  4.43428884424350755e+00 -5.67651744347168741e+00  5.48194360991237750e-01
3.454867e+00  4.07196099719647098e+00 -5.18053737183584495e+00  6.30402386549278826e-01
3.458407e+00  3.71977420869207531e+00 -4.69330369042256468e+00  7.00944224632269353e-01
3.461947e+00  3.37760142795771312e+00 -4.21545435199575991e+00  7.60320805038104952e-01
3.465487e+00  3.04519066862584342e+00 -3.74768278634621410e+00  8.09183822537446029e-01
3.469027e+00  2.72216360302396243e+00 -3.29074432963108787e+00  8.48329019328781242e-01
3.472566e+00  2.40801806728158985e+00 -2.84546106504696406e+00  8.78687144010095178e-01
3.476106e+00  2.10213433697620244e+00 -2.41272481549018458e+00  9.01312626520802018e-01
3.479646e+00  1.80378489775536588e+00 -1.99349806386551287e+00  9.17370045608275841e-01
3.483186e+00  1.51214731564394977e+00 -1.58881262070422835e+00  9.28118508665257247e-01
3.486726e+00  1.22631970762004849e+00 -1.19976591340904015e+00  9.34894108961052073e-01
3.490265e+00  9.45338226201847376e-01 -8.27514836042508750e-01  9.39090666884608627e-01
3.493805e+00  6.68195906790993610e-01 -4.73267169181599223e-01  9.42138996955048991e-01
3.497345e+00  3.93862189076899016e-01 -1.38270650356446256e-01  9.45484972497528831e-01
3.500885e+00  1.21302417421180683e-01  1.76200157481985836e-01  9.50566689171110757e-01
3.504425e+00 -1.50503351200041685e-01  4.68858990520822416e-01  9.58791059979571814e-01
3.507965e+00 -4.22542854329601369e-01  7.38424735412674837e-01  9.71510206883545502e-01
3.511504e+00 -6.95756000725310852e-01  9.83639686707160288e-01  9.89998042622486696e-01
3.515044e+00 -9.71021587176920664e-01  1.20328883946353793e+00  1.01542745511764076e+00
3.518584e+00 -1.24914672699877416e+00  1.39621980422229508e+00  1.04884851319887629e+00
3.522124e+00 -1.53085924764369108e+00  1.56136290306242742e+00  1.09116810813239584e+00
3.525664e+00 -1.81680318798231455e+00  1.69775099339684821e+00  1.14313143464234979e+00
3.529204e+00 -2.10753739217658387e+00  1.80453856963433990e+00  1.20530570054933239e+00
3.532743e+00 -2.40353706511660814e+00  1.88101970837213384e+00  1.27806643469639569e+00
3.536283e+00 -2.70519803151327487e+00  1.92664444710095295e+00  1.36158673435638633e+00
3.539823e+00 -3.01284333095519674e+00  1.94103321878316781e+00  1.45582975194022124e+00
3.543363e+00 -3.32673168529589258e+00  1.92398900688873664e+00  1.56054466611247333e+00
3.546903e+00 -3.64706729259335249e+00  1.87550693948324176e+00  1.67526631787982727e+00
3.550442e+00 -3.97401033527931702e+00  1.79578110616958031e+00  1.79931862289176792e+00
3.553982e+00 -4.30768754351342587e+00  1.68520845416714748e+00  1.93182180034191009e+00
3.557522e+00 -4.64820213250126990e+00  1.54438969404976900e+00  2.07170338644322971e+00
3.561062e+00 -4.99564243733536451e+00  1.37412721741118804e+00  2.21771292453015834e+00
3.564602e+00 -5.35008859934858183e+00  1.17542009671528280e+00  2.36844014359652100e+00
3.568142e+00 -5.71161671011558258e+00  9.49456302744191794e-01  2.52233635489576713e+00
3.571681e+00 -6.08029988912156050e+00  6.97602337987714538e-01  2.67773871713760947e+00
3.575221e+00 -6.45620585664426372e+00  4.21390543210223845e-01  2.83289694981829232e+00
3.578761e+00 -6.83939066411024665e+00  1.22504385152743908e-01  2.98600201377828744e+00
3.582301e+00 -7.22988835923833850e+00 -1.97237928352653552e-01  3.13521622776575626e+00
3.585841e+00 -7.62769648946487688e+00 -5.35901135456896771e-01  3.27870424828696061e+00
3.589381e+00 -8.03275747875508372e+00 -8.91451527821053302e-01  3.41466430767283713e+00
3.592920e+00 -8.44493604358037686e+00 -1.26177609528045198e+00  3.54135908489197826e+00
3.596460e+00 -8.86399293883181549e+00 -1.64470183046170715e+00  3.65714557893222647e+00
3.600000e+00 -9.28955544145564716e+00 -2.03801483043273501e+00  3.76050336761304216e+00
3.603540e+00 -9.72108508763180268e+00 -2.43947885689853461e+00  3.85006066440944439e+00
3.607080e+00 -1.01578432765952655e+01 -2.84685305228936292e+00  3.92461762900244526e+00
3.610619e+00 -1.05988554371419710e+01 -3.25790855478846764e+00  3.98316644085601013e+00
3.614159e+00 -1.10428745170435541e+01 -3.67044380674120196e+00  4.02490770840951306e+00
3.617699e+00 -1.14883445979601415e+01 -4.08229840329202354e+00  4.04926286065001850e+00
3.621239e+00 -1.19333654588686802e+01 -4.49136537872090180e+00  4.05588225376676981e+00
3.624779e+00 -1.23756589119234288e+01 -4.89560187667866487e+00  4.04464882159855588e+00
3.628319e+00 -1.28125377188810514e+01 -5.29303819851743462e+00  4.01567720007237838e+00
3.631858e+00 -1.32408778650209236e+01 -5.68178527130279676e+00  3.96930835725215658e+00
3.635398e+00 -1.36570949203072640e+01 -6.06004062165837709e+00  3.90609985811569205e+00
3.638938e+00 -1.40571251537079043e+01 -6.42609297954175140e+00  3.82681198579503334e+00
3.642478e+00 -1.44364119875699561e+01 -6.77832566421665472e+00  3.73239002948734377e+00
3.646018e+00 -1.47898982891504982e+01 -7.11521892233785991e+00  3.62394313347556363e+00
3.649558e+00 -1.51120249017279313e+01 -7.43535139690483238e+00  3.50272017905150435e+00
3.653097e+00 -1.53967357230483124e+01 -7.73740090828524085e+00  3.37008323699061796e+00
3.656637e+00 -1.56374895463016976e+01 -8.02014472571702441e+00  3.22747917838773857e+00
3.660177e+00 -1.58272787881844117e+01 -8.28245949894227351e+00  3.07641006461202116e+00
3.663717e+00 -1.59586551395639464e+01 -8.52332100344435695e+00  2.91840295435201691e+00
3.667257e+00 -1.60237620884165501e+01 -8.74180382881703189e+00  2.75497976981024495e+00
3.670796e+00 -1.60143741857526720e+01 -8.93708110988125171e+00  2.58762785638873360e+00
3.674336e+00 -1.59219428571531036e+01 -9.10842436752363938e+00  2.41777184970952863e+00
3.677876e+00 -1.57376485071666874e+01 -9.25520349382198049e+00  2.24674742848638287e+00
3.681416e+00 -1.54524586198911251e+01 -9.37688688519334690e+00  2.07577748083148972e+00
3.684956e+00 -1.50571915232810891e+01 -9.47304169788673001e+00  1.90595114705049684e+00
3.688496e+00 -1.45425854541147892e+01 -9.54333417181483057e+00  1.73820612805091557e+00
3.692035e+00 -1.38993725340591876e+01 -9.58752994232673394e+00  1.57331456939659109e+00
3.695575e+00 -1.31183572455284168e+01 -9.60549423725746720e+00  1.41187274910831362e+00
3.699115e+00 -1.21904989794784928e+01 -9.59719184085375154e+00  1.25429471278500548e+00
3.702655e+00 -1.11069982144150803e+01 -9.56268669813129790e+00  1.10080991230568626e+00
3.706195e+00 -9.85938587303179048e+00 -9.50214103227050444e+00  9.51464815595275071e-01
3.709735e+00 -8.43961538574126813e+00 -9.41581385226711021e+00  8.06128368136388329e-01
3.713274e+00 -6.84015696603803747e+00 -9.30405873717354659e+00  6.64501106358773908e-01
3.716814e+00 -5.05409357066029941e+00 -9.16732079713323955e+00  5.26127651788049211e-01
3.720354e+00 -3.07521797902742167e+00 -9.00613273104208290e+00  3.90412253596105208e-01
3.723894e+00 -8.98130382429769059e-01 -8.82110992651677606e+00  2.56636995053839190e-01
3.727434e+00  1.48166417633716208e+00 -8.61294457877687591e+00  1.23982235680005048e-01
3.730973e+00  4.06765922895821230e+00 -8.38239883856665102e+00 -8.45117341439879065e-03
3.734513e+00  6.86225195354022244e+00 -8.13029703279608640e+00 -1.41618386040322619e-01
3.738053e+00  9.86665074313536650e+00 -7.85751703382281441e+00 -2.76506263203999458e-01
3.741593e+00  1.30807861941375023e+01 -7.56498088430503035e+00 -4.14108770234018653e-01
3.745133e+00  1.65032265083792744e+01 -7.25364481481484891e+00 -5.55402541649269610e-01
3.748673e+00  2.01310983673657340e+01 -6.92448882046411907e+00 -7.01323062018554877e-01
3.752212e+00  2.39600143932970013e+01 -6.57850598878546045e+00 -8.52741879804781222e-01
3.755752e+00  2.79840083575124190e+01 -6.21669179153634399e+00 -1.01044523323854296e+00
3.759292e+00  3.21954793301828630e+01 -5.84003356629388737e+00 -1.17511442174161429e+00
3.762832e+00  3.65851459815352626e+01 -5.44950041973699761e+00 -1.34730820353359926e+00
3.766372e+00  4.11420122398525621e+01 -5.04603378469423269e+00 -1.52744744223922058e+00
3.769912e+00  4.58533454808407512e+01 -4.63053885855960168e+00 -1.71580216654721429e+00
3.773451e+00  5.07046683644274125e+01 -4.20387714141983970e+00 -1.91248115079528347e+00
3.776991e+00  5.56797653482981971e+01 -3.76686027681775526e+00 -2.11742407218733408e+00
3.780531e+00  6.07607047930582809e+01 -3.32024537514939011e+00 -2.33039625147074325e+00
3.784071e+00  6.59278774322193613e+01 -2.86473196938954677e+00 -2.55098593712157795e+00
3.787611e+00  7.11600518112386737e+01 -2.40096071715362935e+00 -2.77860404870469768e+00
3.791150e+00  7.64344471039577371e+01 -1.92951392482841988e+00 -3.01248625551489280e+00
3.794690e+00  8.17268234939579656e+01 -1.45091793055170371e+00 -3.25169723515414288e+00
3.798230e+00  8.70115900666215936e+01 -9.65647343270793601e-01 -3.49513693537271664e+00
3.801770e+00  9.22619299006577904e+01 -4.74131093795138514e-01 -3.74154865072612353e+00
3.805310e+00  9.74499417815025879e+01  2.32397900682033039e-02 -3.98952872079177778e+00
3.808850e+00  1.02546797688823062e+02  5.26102817461582606e-01 -4.23753765624153633e+00
3.812389e+00  1.07522914941434294e+02  1.03411325445994251e+00 -4.48391250215101778e+00
3.815929e+00  1.12348141620712980e+02  1.54693214614990171e+00 -4.72688025568143466e+00
3.819469e+00  1.16991953644518389e+02  2.06421338955504519e+00 -4.96457216926119571e+00
3.823009e+00  1.21423661634997615e+02  2.58559013288360573e+00 -5.19503879064095475e+00
3.826549e+00  1.25612625522585731e+02  3.11066079900623560e+00 -5.41626561536348472e+00
3.830088e+00  1.29528474660885564e+02  3.63897505022958745e+00 -5.62618925161012395e+00
3.833628e+00  1.33141331097148139e+02  4.17002002639930058e+00 -5.82271401906629826e+00
3.837168e+00  1.36422033553840208e+02  4.70320719661158915e+00 -6.00372892147968429e+00
3.840708e+00  1.39342359631014688e+02  5.23786016387355335e+00 -6.16712494786561916e+00
3.844248e+00  1.41875243739592236e+02  5.77320375125831475e+00 -6.31081267090708486e+00
3.847788e+00  1.43994988324278893e+02  6.30835467898141289e+00 -6.43274012259829320e+00
3.851327e+00  1.45677466032014706e+02  6.84231411689527569e+00 -6.53091093445500448e+00
3.854867e+00  1.46900310625468592e+02  7.37396236780219905e+00 -6.60340273007412204e+00
3.858407e+00  1.47643094626922533e+02  7.90205590346120790e+00 -6.64838575019960576e+00
3.861947e+00  1.47887491900647859e+02  8.42522693563673641e+00 -6.66414167560413695e+00
3.865487e+00  1.47617423636298838e+02  8.94198565784032340e+00 -6.64908259326213535e+00
3.869027e+00  1.46819186476863052e+02  9.45072524025124139e+00 -6.60177002841500737e+00
3.872566e+00  1.45481561836661058e+02  9.94972960328028933e+00 -6.52093393968995461e+00
3.876106e+00  1.43595905770538138e+02  1.04371839375009596e+01 -6.40549154569311785e+00
3.879646e+00  1.41156219075636699e+02  1.09111878811826433e+01 -6.25456581894314567e+00
3.883186e+00  1.38159197621905321e+02  1.13697712115651210e+01 -6.06750344772779027e+00
3.886726e+00  1.34604263207310566e+02  1.18109118514997569e+01 -5.84389203127634449e+00
3.890265e+00  1.30493575510875218e+02  1.22325559390347340e+01 -5.58357624185967705e+00
3.893805e+00  1.25832025965328796e+02  1.26326396555892906e+01 -5.28667266124320268e+00
3.897345e+00  1.20627214586368765e+02  1.30091124615723750e+01 -4.95358297870588427e+00
3.900885e+00  1.14889410972165294e+02  1.33599613495227239e+01 -4.58500522298449908e+00
3.904425e+00  1.08631500819316173e+02  1.36832356953425371e+01 -4.18194269100277971e+00
3.907965e+00  1.01868919385142533e+02  1.39770722674173147e+01 -3.74571023374397782e+00
3.911504e+00  9.46195733583708574e+01  1.42397199401740480e+01 -3.27793756696104399e+00
3.915044e+00  8.69037525814049872e+01  1.44695636526729547e+01 -2.78056929397127339e+00
3.918584e+00  7.87440330009930847e+01  1.46651471554909669e+01 -2.25586135991975834e+00
3.922124e+00  7.01651721152071133e+01  1.48251941025651686e+01 -1.70637369977237907e+00
3.925664e+00  6.11939980386607871e+01  1.49486270701077739e+01 -1.13495889320600196e+00
3.929204e+00  5.18592931300770488e+01  1.50345841214835296e+01 -5.44746696786683637e-01
3.932743e+00  4.21916729225434963e+01  1.50824325826470886e+01  6.08756124644082991e-02
3.936283e+00  3.22234608746109004e+01  1.50917797447294166e+01  6.78287076578953485e-01
3.939823e+00  2.19885592295350598e+01  1.50624802672603995e+01  1.30366099409790226e+00
3.943363e+00  1.15223160417284092e+01  1.49946401175218149e+01  1.93299678452578561e+00
3.946903e+00  8.61388215254969225e-01  1.48886169493088847e+01  2.56215552090766963e+00
3.950442e+00 -9.95639979093898830e+00  1.47450168974329294e+01  3.18689878631155743e+00
3.953982e+00 -2.08922020941084874e+01  1.45646878401088511e+01  3.80293043043862289e+00
3.957522e+00 -3.19063029765034365e+01  1.43487092560930858e+01  4.40594072965682937e+00
3.961062e+00 -4.29582746257540293e+01  1.40983788735709545e+01  4.99165238687798229e+00
3.964602e+00 -5.40071417411932018e+01  1.38151963715791997e+01  5.55586774680032747e+00
3.968142e+00 -6.50115536837161159e+01  1.35008444522260547e+01  6.09451654900863726e+00
3.971681e+00 -7.59299647498069561e+01  1.31571676536913031e+01  6.60370349995849004e+00
3.975221e+00 -8.67208229932216028e+01  1.27861493194711517e+01  7.07975491881964913e+00
3.978761e+00 -9.73427678036364199e+01  1.23898871764773961e+01  7.51926370359771745e+00
3.982301e+00 -1.07754836185787752e+02  1.19705680005282851e+01  7.91913187242907135e+00
3.985841e+00 -1.17916677372020004e+02  1.15304418604127115e+01  8.27660995830353841e+00
3.989381e+00 -1.27788775053494007e+02  1.10717964309201076e+01  8.58933257166419040e+00
3.992920e+00 -1.37332676139664954e+02  1.05969318525806102e+01  8.85534949375946923e+00
3.996460e+00 -1.46511224563054270e+02  1.01081365933901299e+01  9.07315172507093237e+00
4.000000e+00 -1.55288798249992709e+02  9.60766473670754095e+00  9.24169198849414997e+00
