# Author: SW4
# Scenario: test
# Date: UTC  12/17/2017:19:12:07.000
# Bandwith (Hz): 1.234000e+00
# Station: sta10
# Target location (WGS84 longitude, latitude) (deg): -1.177406e+02 3.718865e+01
# Actual location (WGS84 longitude, latitude) (deg): -1.177406e+02 3.718865e+01
# Distance from target to actual location (m): 0.000000e+00
# nColumns: 4
# Column 1: Time (s)
# Column 2: X displacement (m)
# Column 3: Y displacement (m)
# Column 4: Z displacement (m)
0.000000e+00  0.00000000000000000e+00  0.00000000000000000e+00  0.00000000000000000e+00
1.327434e-02  0.00000000000000000e+00  0.00000000000000000e+00  0.00000000000000000e+00
2.654867e-02  0.00000000000000000e+00  0.00000000000000000e+00  0.00000000000000000e+00
3.982301e-02  0.00000000000000000e+00  0.00000000000000000e+00  0.00000000000000000e+00
5.309735e-02  0.00000000000000000e+00  0.00000000000000000e+00  0.00000000000000000e+00
6.637168e-02  0.00000000000000000e+00  0.00000000000000000e+00  0.00000000000000000e+00
7.964602e-02  0.00000000000000000e+00  0.00000000000000000e+00  0.00000000000000000e+00
9.292035e-02 -2.81733080502689314e-132 1.30934559697044067e-132 -1.42223938297589057e-131
1.061947e-01 6.40090314000936187e-120 -5.87271584365215210e-120 -1.96622837269881695e-118
1.194690e-01 -3.59919146683704524e-116 -3.29140783788109594e-117 -5.36157746320839606e-114
1.327434e-01 -1.18185192477277918e-111 -9.77735786331964383e-113 -8.32628053252454987e-111
1.460177e-01 -1.25364686019988304e-109 -2.12683733031900905e-108 -4.06342169721765328e-108
1.592920e-01 -1.56522709452648866e-105 -1.18851596275469778e-106 -2.34813036473321592e-105
1.725664e-01 3.81779711899616952e-104 -4.25930592454779894e-103 -1.13929807211397970e-102
1.858407e-01 -6.56484884281224109e-101 7.16077036978694010e-101 -1.71222457151190417e-100
1.991150e-01  1.31847373240669279e-98 -8.13542897548997133e-99 -2.48744963687681323e-99
2.123894e-01 -1.11015093203590408e-96  1.78172776296038582e-96  5.06284706051209676e-97
2.256637e-01  1.32864248315628041e-94 -1.80315926844090156e-94 -1.56320130687310645e-95
2.389381e-01 -1.22210982258268222e-92  1.52448244294667067e-92  1.39104108703567278e-93
2.522124e-01  8.44363134245970153e-91 -1.07528452907776791e-90 -1.82154862774162378e-91
2.654867e-01 -4.97427338528705518e-89  6.47991878760835345e-89  1.37916771667493077e-89
2.787611e-01  2.48293854249211809e-87 -3.25622448519788001e-87 -8.29013647215100877e-88
2.920354e-01 -1.05414590838546252e-85  1.37953832298112434e-85  3.97244975812920815e-86
3.053097e-01  3.82730399791774275e-84 -4.98660716903255995e-84 -1.59721533353476071e-84
3.185841e-01 -1.19559407058355009e-82  1.54752916252393992e-82  5.44434752213343264e-83
3.318584e-01  3.23249700615503592e-81 -4.14011049189647891e-81 -1.58812572542118661e-81
3.451327e-01 -7.60007176782175987e-80  9.56966666624683547e-80  3.99930641916004476e-80
3.584071e-01  1.55993755933386745e-78 -1.91083545375793972e-78 -8.75533104975788312e-79
3.716814e-01 -2.80388274957281781e-77  3.28314631881089978e-77  1.67460630800885671e-77
3.849558e-01  4.42340832250508518e-76 -4.80283932191975598e-76 -2.80660241785055643e-76
3.982301e-01 -6.13188056161711857e-75  5.83575728301535328e-75  4.12402318265280585e-75
4.115044e-01  7.46519865159338380e-74 -5.52639351584634864e-74 -5.29887647519035135e-74
4.247788e-01 -7.95430958041264271e-73  3.21340662027466670e-73  5.90871154783901111e-73
4.380531e-01  7.35309601027317267e-72  1.05792068527661464e-72 -5.62214786919503577e-72
4.513274e-01 -5.76995088776820796e-71 -6.29301406134566312e-71  4.40067161339865237e-71
4.646018e-01  3.62165480851270934e-70  1.08452816053797549e-69 -2.56182462390074903e-70
4.778761e-01 -1.44708766677247656e-69 -1.31736481208506800e-68  6.61368487492282810e-70
4.911504e-01 -3.11097239959842168e-69  1.26346001183691000e-67  7.79840577945281120e-69
5.044248e-01  1.42382431748082264e-67 -9.76524886728031828e-67 -1.49649823702899632e-67
5.176991e-01 -1.87898379789972153e-66  5.90673726926386774e-66  1.54758781283683757e-66
5.309735e-01  1.81348611237766965e-65 -2.45174438210852872e-65 -1.20509760804760151e-65
5.442478e-01 -1.43275114079839957e-64  2.18156891372593142e-65  7.65157828687635140e-65
5.575221e-01  9.43599488663402153e-64  7.20438212570643001e-64 -4.12958860194264149e-64
5.707965e-01 -5.04581624143788408e-63 -7.83108239966076779e-63  1.98478176139254092e-63
5.840708e-01  1.98694138900309873e-62  4.89877294630591855e-62 -9.01365220801574343e-63
5.973451e-01 -3.51349330067716619e-62 -1.94571073731166013e-61  3.93465755135427032e-62
6.106195e-01 -2.38768855696249677e-61  2.73376689918727971e-61 -1.41542935434507215e-61
6.238938e-01  2.83426357424382862e-60  2.64192994457303270e-60  1.33421488321709785e-61
6.371681e-01 -1.60284862264864887e-59 -2.47748688160670991e-59  3.65172150823093098e-60
6.504425e-01  5.32443241100190799e-59  1.10363526440729750e-58 -3.84283800791932436e-59
6.637168e-01 -3.66235830152798468e-59 -2.17943688765427251e-58  2.20634065088167395e-58
6.769912e-01 -7.45998383223906214e-58 -6.68527526499828482e-58 -7.20766532593777526e-58
6.902655e-01  4.93436528193082612e-57  7.25888824106036783e-57  5.30905636820896820e-59
7.035398e-01 -1.48865548613444016e-56 -2.73501981914995685e-56  1.44224086604221129e-56
7.168142e-01  2.49652750712226364e-57  2.92961473888956956e-56 -8.63911191417352162e-56
7.300885e-01  1.93674113746206743e-55  2.31958394212058579e-55  2.23389263405809508e-55
7.433628e-01 -8.92448815614095778e-55 -1.36533511142753717e-54  2.61319496260438129e-55
7.566372e-01  1.37652977643091078e-54  2.80877778791248872e-54 -4.64442327727276565e-54
7.699115e-01  4.70074470540753679e-54  4.26103548998344363e-54  1.67940468481359843e-53
7.831858e-01 -3.20370700781489631e-53 -4.43837002356286245e-53 -5.44088360412317628e-54
7.964602e-01  6.88142405992074449e-53  1.15482279934850799e-52 -2.01449696270442057e-52
8.097345e-01  4.21553857449181252e-53 -1.26755647435099298e-53  7.90953051404507031e-52
8.230088e-01 -7.16123919237576259e-52 -9.05111067849259639e-52 -4.18401866903720497e-53
8.362832e-01  2.83819248963796414e-51  4.11588671833878208e-51 -1.04162013819320395e-50
8.495575e-01 -9.04833584832957357e-51 -1.35216949554572544e-50  3.38573575140218563e-50
8.628319e-01  7.15124458057815675e-51  1.27775037610872745e-50  4.21111701864311833e-50
8.761062e-01  1.94500793462285962e-49  2.54361467814272891e-49 -6.55413960336280355e-49
8.893805e-01 -1.23997986849367472e-48 -1.65826228721363950e-48  1.55794413218618205e-48
9.026549e-01  1.29020638144141442e-48  1.87884272166731159e-48  5.39147241777441002e-48
9.159292e-01  1.88941676693938048e-47  2.43865346262399258e-47 -4.26094231715360311e-47
9.292035e-01 -7.94275943915342197e-47 -1.07048342026310580e-46  2.83770237985927623e-47
9.424779e-01 -4.95684906874517500e-47 -4.51968769129893343e-47  5.98628487221342457e-46
9.557522e-01  6.85448755260344647e-46  9.68614649888652910e-46 -7.92109443394897530e-46
9.690265e-01 -1.86988265890587119e-46 -1.14159690818908542e-45 -1.04279455997818902e-44
9.823009e-01  2.15762404088628470e-44  2.66453753153370255e-44 -1.73187357059797259e-44
9.955752e-01 -1.30246906554175122e-43 -1.34335789159944340e-43  4.03205844445178975e-43
1.008850e+00 -1.06834694801631932e-42 -1.37340383261597514e-42  1.20051260778446072e-42
1.022124e+00  7.33553245742584268e-42  8.36672867327076179e-42 -1.62706237487348646e-41
1.035398e+00  3.35490292449181577e-41  4.34341622004479246e-41 -4.35602638953463455e-41
1.048673e+00 -2.56136747734161338e-40 -2.97623475171731307e-40  5.44700275151848632e-40
1.061947e+00 -1.03862835900542313e-39 -1.33414119740120842e-39  1.50172314774042028e-39
1.075221e+00  7.13336471855406964e-39  8.28873373255238434e-39 -1.55220012212200736e-38
1.088496e+00  3.32709819756349747e-38  4.20897118579780242e-38 -5.25935916756376302e-38
1.101770e+00 -1.64959139716546239e-37 -1.89620538376503146e-37  3.78710712095390005e-37
1.115044e+00 -1.03034318507088148e-36 -1.28355413956255003e-36  1.75449904092100113e-36
1.128319e+00  2.95436035624520514e-36  3.29765790557056658e-36 -7.54539075846381303e-36
1.141593e+00  2.89024302368733583e-35  3.55295149094920295e-35 -5.24742484011530648e-35
1.154867e+00 -2.82277562036004497e-35 -2.71997370520552226e-35  1.03220345796942985e-34
1.168142e+00 -7.00503111022274621e-34 -8.50798826189861589e-34  1.35133774825320681e-33
1.181416e+00 -5.38430251907106730e-34 -8.03591846656020107e-34 -4.06216024713438852e-35
1.194690e+00  1.39240151641426993e-32  1.66881239260376792e-32 -2.87552534966109427e-32
1.207965e+00  3.68812515970452479e-32  4.73970149924448189e-32 -5.24290868529339965e-32
1.221239e+00 -2.04355922186524487e-31 -2.39623087615008971e-31  4.68494703226034126e-31
1.234513e+00 -1.12387601864483913e-30 -1.39828738080105367e-30  1.95998060232838150e-30
1.247788e+00  1.40868662650577823e-30  1.49710258255504146e-30 -4.54250473292441443e-30
1.261062e+00  2.32856262829284337e-29  2.84588798479842422e-29 -4.52180582601346375e-29
1.274336e+00  2.85323155831308375e-29  3.86028392351146518e-29 -2.39652030154022657e-29
1.287611e+00 -3.24916234240414504e-28 -3.89608178525412067e-28  7.05250078322988872e-28
1.300885e+00 -1.25039643968489248e-27 -1.57109647666999975e-27  2.09651830094503028e-27
1.314159e+00  2.02691381513403867e-27  2.27262681460276912e-27 -5.93489317681890068e-27
1.327434e+00  2.42784945440056524e-26  2.98627304397176003e-26 -4.71933537101692959e-26
1.340708e+00  3.31022883935004874e-26  4.38176807651048352e-26 -3.48802839109212100e-26
1.353982e+00 -2.60726755618311538e-25 -3.13705517940170956e-25  5.85349821892839220e-25
1.367257e+00 -1.16653521931349922e-24 -1.46009132049328095e-24  2.07311259752237461e-24
1.380531e+00  3.00499514636815716e-25  2.20273513220138595e-25 -2.17345375279252596e-24
1.393805e+00  1.60890076541210690e-23  1.97554161209276752e-23 -3.32163123794574366e-23
1.407080e+00  4.19995360180817005e-23  5.34205787957920518e-23 -6.72317144012888292e-23
1.420354e+00 -7.61915513951885997e-23 -8.89978102257756060e-23  2.13312521344576634e-22
1.433628e+00 -7.22709313539646457e-22 -8.97980747528960152e-22  1.42632217535934295e-21
1.446903e+00 -1.26422409690173858e-21 -1.63253724410537081e-21  1.77982464944027295e-21
1.460177e+00  4.27996360351761598e-21  5.16594827363916241e-21 -1.05833464843219476e-20
1.473451e+00  2.66538804003425238e-20  3.33851378051181321e-20 -5.14468817483304946e-20
1.486726e+00  3.67731725961254142e-20  4.79301577719200312e-20 -4.71052005324835762e-20
1.500000e+00 -1.56779517995093556e-19 -1.91762491204405945e-19  3.76073125968647612e-19
1.513274e+00 -8.49853604732945300e-19 -1.07041495572550977e-18  1.63901942144037696e-18
1.526549e+00 -1.17983904014970661e-18 -1.53494218829218075e-18  1.59254649255664826e-18
1.539823e+00  4.07915105332260595e-18  5.01864045382622159e-18 -1.00113260185874038e-17
1.553097e+00  2.34740595745667854e-17  2.96873077002318298e-17 -4.61549328219758537e-17
1.566372e+00  4.01524291984258338e-17  5.18824605741382783e-17 -6.24330941796373477e-17
1.579646e+00 -6.53780386266485418e-17 -8.00352583968668158e-17  1.80889696242815323e-16
1.592920e+00 -5.32539745114782336e-16 -6.75883737980318933e-16  1.08664456715658637e-15
1.606195e+00 -1.22366888141785227e-15 -1.57557625514067021e-15  2.14625189274298195e-15
1.619469e+00 -2.74778485455213346e-17 -9.12409139215235676e-17 -1.05200614217395532e-15
1.632743e+00  8.64574229321577997e-15  1.10059735183859395e-14 -1.87626408087514223e-14
1.646018e+00  2.83923148994781235e-14  3.65967879425250846e-14 -5.42937582883824171e-14
1.659292e+00  3.58225366195292456e-14  4.69272779014131492e-14 -5.47970154576853259e-14
1.672566e+00 -6.15279951804301394e-14 -7.78343837407195210e-14  1.61132107251019146e-13
1.685841e+00 -4.13511525601680135e-13 -5.35147181951464695e-13  8.52256097456530401e-13
1.699115e+00 -9.83641678263888286e-13 -1.28568507859859567e-12  1.84903800362151630e-12
1.712389e+00 -9.31041234703471326e-13 -1.24033504500085270e-12  1.39281428816549876e-12
1.725664e+00  1.97122680732409912e-12  2.53648785859882257e-12 -4.77052799762247969e-12
1.738938e+00  1.02887381600326824e-11  1.35333625051947652e-11 -2.10085729529221921e-11
1.752212e+00  2.21743108767284948e-11  2.96225447368876370e-11 -4.27391694291534229e-11
1.765487e+00  2.48785081864464427e-11  3.43508411615978207e-11 -4.58684987181076508e-11
1.778761e+00  1.31849793267703045e-12  4.62169722734086944e-12 -4.16817864570403077e-12
1.792035e+00 -1.91384208238901886e-11 -2.50991823341409353e-11  9.98508849197103698e-12
1.805310e+00  1.48358020980937655e-10  1.75051365386942824e-10 -3.63287675108685460e-10
1.818584e+00  8.71511243476538542e-10  1.05539845264446831e-09 -1.71722414468672266e-09
1.831858e+00  2.01325608642181053e-09  2.36350565965951668e-09 -3.23566931622386480e-09
1.845133e+00 -1.99547262444830160e-10 -9.92900895842629565e-10  4.03245936086274358e-09
1.858407e+00 -2.21278962642854775e-08 -3.06740330815719077e-08  5.54197759883951100e-08
1.871681e+00 -1.11300992736623403e-07 -1.48975790291348102e-07  2.48411866379570794e-07
1.884956e+00 -3.70307675449757682e-07 -4.88732049533801518e-07  7.82139003983862144e-07
1.898230e+00 -9.43909816006551172e-07 -1.23139197057708086e-06  1.90333355399480770e-06
1.911504e+00 -1.81165888767085051e-06 -2.31996220384147813e-06  3.41574987999696748e-06
1.924779e+00 -1.94458897950452747e-06 -2.31230607407905706e-06  2.82123311153803038e-06
1.938053e+00  3.20241125639630067e-06  5.00849808566801691e-06 -1.00361538233927713e-05
1.951327e+00  2.79251371885458470e-05  3.90420767925224108e-05 -6.60280020882647269e-05
1.964602e+00  1.09815693657755101e-04  1.50627453766779163e-04 -2.44713043184971142e-04
1.977876e+00  3.35933678213069429e-04  4.57333804639968513e-04 -7.27774023430475701e-04
1.991150e+00  8.87971136975407890e-04  1.20445015842472335e-03 -1.89034550092819463e-03
2.004425e+00  2.11144976520009952e-03  2.85866011059073824e-03 -4.43966656481467343e-03
2.017699e+00  4.60789701919035732e-03  6.23334307391381660e-03 -9.59797673478653135e-03
2.030973e+00  9.33592794220123971e-03  1.26270660673406740e-02 -1.93003943948806787e-02
2.044248e+00  1.76870783311996772e-02  2.39298207078652153e-02 -3.63386403269476896e-02
2.057522e+00  3.14793886986738242e-02  4.26205231459871325e-02 -6.43366177720052779e-02
2.070796e+00  5.27965726927675030e-02  7.15581190252380928e-02 -1.07414784637903493e-01
2.084071e+00  8.36087260227753037e-02  1.13478300876470747e-01 -1.69417687050249427e-01
2.097345e+00  1.25157159622263592e-01  1.70169108457585538e-01 -2.52672765964769008e-01
2.110619e+00  1.77175803680017674e-01  2.41418572309318652e-01 -3.56427741480645766e-01
2.123894e+00  2.37137888571526789e-01  3.23984341126006214e-01 -4.75345350089290741e-01
2.137168e+00  2.99815947459613430e-01  4.10971392812257919e-01 -5.98632694926466202e-01
2.150442e+00  3.57464925520017573e-01  4.92037859777723685e-01 -7.10427979756412142e-01
2.163717e+00  4.00830340559995113e-01  5.54709584838486536e-01 -7.91855679852124905e-01
2.176991e+00  4.20938150382047960e-01  5.86758341440381748e-01 -8.24673203978419034e-01
2.190265e+00  4.11302526165000348e-01  5.79167824041984636e-01 -7.95786642246363418e-01
2.203540e+00  3.69919146062940796e-01  5.28844859340914186e-01 -7.01359754955261594e-01
2.216814e+00  3.00339264651680260e-01  4.40125798946086999e-01 -5.49069555803449072e-01
2.230088e+00  2.11329919485345769e-01  3.24399201801961856e-01 -3.57457854548804743e-01
2.243363e+00  1.15081664537128273e-01  1.97771437070922707e-01 -1.52236150519877517e-01
2.256637e+00  2.44586014098467641e-02  7.74189314227545222e-02  3.95017229666375300e-02
2.269912e+00 -4.98378810764542948e-02 -2.22146718482781128e-02  1.95390000435588129e-01
2.283186e+00 -1.01283093006458338e-01 -9.21550979927348302e-02  3.02313120753913200e-01
2.296460e+00 -1.28142884483699399e-01 -1.29778499665996749e-01  3.58051583957121722e-01
2.309735e+00 -1.32658426977491167e-01 -1.37778845384063237e-01  3.69876003413003807e-01
2.323009e+00 -1.19289717103429310e-01 -1.21858903843641536e-01  3.51003363267949064e-01
2.336283e+00 -9.27727822756234249e-02 -8.81481837277991176e-02  3.16417949713033553e-01
2.349558e+00 -5.66879511686215060e-02 -4.12830241768852788e-02  2.79451039894716202e-01
2.362832e+00 -1.29383062623315732e-02  1.63088088318700253e-02  2.49873344612391107e-01
2.376106e+00  3.78330843303997452e-02  8.38698561800983317e-02  2.33478889999736788e-01
2.389381e+00  9.51558798902200770e-02  1.60870230009573373e-01  2.32613216218908875e-01
2.402655e+00  1.57408525053313347e-01  2.45232885658578426e-01  2.46995827862709433e-01
2.415929e+00  2.20736456827563488e-01  3.31865134951458418e-01  2.74422784187607016e-01
2.429204e+00  2.78644861620042261e-01  4.12079163979718166e-01  3.11274575753272553e-01
2.442478e+00  3.22559492538424419e-01  4.74305236021601129e-01  3.52973900994040135e-01
2.455752e+00  3.43401547243428307e-01  5.06174376308295870e-01  3.94543603975303803e-01
2.469027e+00  3.33886688874844739e-01  4.97597056066447829e-01  4.31260610971546610e-01
2.482301e+00  2.90928108421298237e-01  4.44015699179228562e-01  4.59227331863772736e-01
2.495575e+00  2.17346501673401804e-01  3.48760746002633959e-01  4.75623928676405905e-01
2.508850e+00  1.22190032121772929e-01  2.23562656575400226e-01  4.78521945649580560e-01
2.522124e+00  1.93607647339563600e-02  8.67917136608936657e-02  4.66382152109582060e-01
2.535398e+00 -7.51950627765288343e-02 -4.02514803135334276e-02  4.37589515027235865e-01
2.548673e+00 -1.46968399680114492e-01 -1.37985489543478695e-01  3.90440459383199157e-01
2.561947e+00 -1.86034072700167197e-01 -1.92792790973502742e-01  3.23810668081743469e-01
2.575221e+00 -1.88977524082877296e-01 -1.99665451261235471e-01  2.38354092282106356e-01
2.588496e+00 -1.59138387691067945e-01 -1.62614588933160026e-01  1.37704309746025627e-01
2.601770e+00 -1.05248585624073160e-01 -9.29280654074156054e-02  2.89919459732486048e-02
2.615044e+00 -3.89946634434918393e-02 -5.96845651662276152e-03 -7.78168573812544478e-02
2.628319e+00  2.77424191875882686e-02  8.24913653757361337e-02 -1.71775495710315224e-01
2.641593e+00  8.52509903597705732e-02  1.59435364380269506e-01 -2.43478059116365886e-01
2.654867e+00  1.27465041928602724e-01  2.16611826197262269e-01 -2.87390008395148999e-01
2.668142e+00  1.52378247648677717e-01  2.51135380106457806e-01 -3.03182360267957696e-01
2.681416e+00  1.61519696781202621e-01  2.64835875904333440e-01 -2.95660231885306879e-01
2.694690e+00  1.58820429562141874e-01  2.62783030306272425e-01 -2.73410527496116440e-01
2.707965e+00  1.49270830856186504e-01  2.51515909546290328e-01 -2.46704051234397620e-01
2.721239e+00  1.37709839200748779e-01  2.37432698021219940e-01 -2.25307668900617653e-01
2.734513e+00  1.27944872018015382e-01  2.25609648522289569e-01 -2.16698248431187401e-01
2.747788e+00  1.22248685919735978e-01  2.19114894143389971e-01 -2.24873769282000646e-01
2.761062e+00  1.21179738510527657e-01  2.18749160538300236e-01 -2.49720120850718902e-01
2.774336e+00  1.23649563135201687e-01  2.23114250603216352e-01 -2.86831590629880673e-01
2.787611e+00  1.27190446173584881e-01  2.28950176560267726e-01 -3.27782716362697679e-01
2.800885e+00  1.28410178950387255e-01  2.31726754996931600e-01 -3.60984705157074981e-01
2.814159e+00  1.23618054622908105e-01  2.26471461838625265e-01 -3.73282940302730404e-01
2.827434e+00  1.09560867847933605e-01  2.08753281668033919e-01 -3.52284369722174140e-01
2.840708e+00  8.41459534437360018e-02  1.75658032251200580e-01 -2.89087568631387182e-01
2.853982e+00  4.69910911823085975e-02  1.26539227453781267e-01 -1.80774406441362501e-01
2.867257e+00 -3.40802853549611762e-04  6.33515116810471207e-02 -3.18945357743281518e-02
2.880531e+00 -5.44875765377964630e-02 -9.52413807238679071e-03  1.45649586903803946e-01
2.893805e+00 -1.10772250451954796e-01 -8.59100111888326107e-02  3.34452128480726418e-01
2.907080e+00 -1.63892441432854197e-01 -1.58739312018166573e-01  5.14756501608340522e-01
2.920354e+00 -2.08647123645251648e-01 -2.21018504033129282e-01  6.68049845783664775e-01
2.933628e+00 -2.40566328948540992e-01 -2.66665529318672767e-01  7.80137462796068881e-01
2.946903e+00 -2.56380700725104993e-01 -2.91141485576317471e-01  8.42999972823665455e-01
2.960177e+00 -2.54326458498857932e-01 -2.91872467078388376e-01  8.55222039365939768e-01
2.973451e+00 -2.34291944286981857e-01 -2.68470563758286984e-01  8.21246551906966715e-01
2.986726e+00 -1.97783039807668481e-01 -2.22719160672424116e-01  7.49948787840323039e-01
3.000000e+00 -1.47664559620371311e-01 -1.58255066371480291e-01  6.52986165643550387e-01
3.013274e+00 -8.76723906386648877e-02 -7.99296177817286624e-02  5.43167822062983530e-01
3.026549e+00 -2.17907323790024962e-02  7.02864908854693680e-03  4.32889462965250493e-01
3.039823e+00  4.63061990013432581e-02  9.77745656730686780e-02  3.32631736078552120e-01
3.053097e+00  1.13522403082183893e-01  1.88211923895705957e-01  2.49632866139822635e-01
3.066372e+00  1.77195967211011468e-01  2.74789200163911618e-01  1.87000700101752959e-01
3.079646e+00  2.34625457655046055e-01  3.53842485617332836e-01  1.43569002354249187e-01
3.092920e+00  2.82556112828358241e-01  4.20894960812527474e-01  1.14643645650371745e-01
3.106195e+00  3.17003317123834227e-01  4.70437050157613557e-01  9.34793654264045454e-02
3.119469e+00  3.33690628757871033e-01  4.96550258524490251e-01  7.30429400813186330e-02
3.132743e+00  3.29111284285447225e-01  4.94348156445967912e-01  4.75299768064684977e-02
3.146018e+00  3.01891861812276840e-01  4.61767316210143830e-01  1.32762024880537354e-02
3.159292e+00  2.53895117961649153e-01  4.00968318716661110e-01 -3.09600680797883776e-02
3.172566e+00  1.90481143238392936e-01  3.18653844790791507e-01 -8.40829119195412034e-02
3.185841e+00  1.19611074105529624e-01  2.24986073148931209e-01 -1.42801586821146714e-01
3.199115e+00  4.99616876118333317e-02  1.31346165154377581e-01 -2.01733282635784023e-01
3.212389e+00 -1.12734045213831822e-02  4.76880226192722412e-02 -2.53673336101867097e-01
3.225664e+00 -5.99571170870530704e-02 -1.95333837527124736e-02 -2.90389584811886869e-01
3.238938e+00 -9.52061596735889609e-02 -6.80545790093311509e-02 -3.04134389485287759e-01
3.252212e+00 -1.18097205898726590e-01 -9.88476385956709447e-02 -2.89653079794080892e-01
3.265487e+00 -1.29570132666298632e-01 -1.13939510630267721e-01 -2.46051369139491855e-01
3.278761e+00 -1.28736565580702372e-01 -1.14001040417946106e-01 -1.77741616860354446e-01
3.292035e+00 -1.12675685487577573e-01 -9.69001153623844647e-02 -9.39355401241881022e-02
3.305310e+00 -7.80143384940580886e-02 -5.81250987161326879e-02 -6.67458958773219351e-03
3.318584e+00 -2.35549942662612172e-02  6.73190810378773187e-03  7.20746263757509470e-02
3.331858e+00  4.74511102770159704e-02  9.81635458816549206e-02  1.33421674664784634e-01
3.345133e+00  1.26659074578387321e-01  2.09133841283557748e-01  1.73807166229635796e-01
3.358407e+00  2.02025955138539354e-01  3.23506681539614593e-01  1.95895185886862194e-01
3.371681e+00  2.60602503214351244e-01  4.17943449067376516e-01  2.07826006373583699e-01
3.384956e+00  2.91480416982454582e-01  4.67523905741173973e-01  2.20930327941308735e-01
3.398230e+00  2.87846191093354409e-01  4.53730126674673107e-01  2.46405137687593701e-01
3.411504e+00  2.47852696537070788e-01  3.72015105376219513e-01  2.91821987733035915e-01
3.424779e+00  1.74755458488924736e-01  2.35698159503055393e-01  3.58538411785578381e-01
3.438053e+00  7.69441475400137742e-02  7.38602415414713470e-02  4.40930260869795365e-01
3.451327e+00 -3.19549199582616281e-02 -7.68946401133884794e-02  5.27793111865985876e-01
3.464602e+00 -1.33421161313615338e-01 -1.84333626732800154e-01  6.05450792111421610e-01
3.477876e+00 -2.05689793092135698e-01 -2.31843894273618956e-01  6.61433269207897578e-01
3.491150e+00 -2.27235098128478197e-01 -2.24663008795956326e-01  6.87407209713622014e-01
3.504425e+00 -1.81727256727896441e-01 -1.88554932900972111e-01  6.80464115012547111e-01
3.517699e+00 -6.31768744331608206e-02 -1.61356921167326417e-01  6.42649038625762503e-01
3.530973e+00  1.20452450338598402e-01 -1.80562053248428112e-01  5.79309725935236441e-01
3.544248e+00  3.46590017091776448e-01 -2.71416621798274971e-01  4.97115467176970471e-01
3.557522e+00  5.80928776225435817e-01 -4.39442778964361513e-01  4.02392876131778321e-01
3.570796e+00  7.83357169391655117e-01 -6.69296512221764894e-01  3.00003764045197796e-01
3.584071e+00  9.15664293651359373e-01 -9.29470264515800171e-01  1.92685344285441679e-01
3.597345e+00  9.49302267403086431e-01 -1.18057502685423765e+00  8.07586851047996102e-02
3.610619e+00  8.71467218133150090e-01 -1.38433179356962599e+00 -3.77023211446590317e-02
3.623894e+00  6.88086296150049903e-01 -1.51089110268196913e+00 -1.66013556121424821e-01
3.637168e+00  4.22924673978412324e-01 -1.54319118327076965e+00 -3.07227339859783233e-01
3.650442e+00  1.12888226696580177e-01 -1.47819933072374532e+00 -4.61950335271944790e-01
3.663717e+00 -1.99465468309647370e-01 -1.32568341012497704e+00 -6.26316540844922609e-01
3.676991e+00 -4.74452006270619842e-01 -1.10550581619353960e+00 -7.90981410534176033e-01
3.690265e+00 -6.82790474042066609e-01 -8.44368835964311559e-01 -9.41788012315742273e-01
3.703540e+00 -8.10423885795889198e-01 -5.72598662392275859e-01 -1.06219106490531345e+00
3.716814e+00 -8.59699957928011127e-01 -3.21113210670040394e-01 -1.13684300134801530e+00
3.730088e+00 -8.46942030576749327e-01 -1.18390985679072872e-01 -1.15524648402101593e+00
3.743363e+00 -7.97265987385770147e-01  1.27634725019646275e-02 -1.11428124563381825e+00
3.756637e+00 -7.38012515210134112e-01  5.85266454498298561e-02 -1.01877461937107960e+00
3.769912e+00 -6.92334360793977366e-01  1.67912493979803581e-02 -8.79978073679539730e-01
3.783186e+00 -6.74343042552481564e-01 -1.01650413576441667e-01 -7.12575073805608028e-01
3.796460e+00 -6.86809501589245475e-01 -2.74292138378591621e-01 -5.31377491785237299e-01
3.809735e+00 -7.21763663943741585e-01 -4.70579640709983260e-01 -3.48941882665494474e-01
3.823009e+00 -7.63563947307749125e-01 -6.57232224710659230e-01 -1.74896917048810330e-01
3.836283e+00 -7.93342228053851350e-01 -8.03739021096786299e-01 -1.69782577552168995e-02
3.849558e+00 -7.93445036585908703e-01 -8.86554542808099644e-01  1.17049617949644330e-01
3.862832e+00 -7.50732706061501220e-01 -8.91193791465731078e-01  2.17870819541851862e-01
3.876106e+00 -6.58252315496625662e-01 -8.12386782208683100e-01  2.74655179491718304e-01
3.889381e+00 -5.15525357137698537e-01 -6.53159223836539238e-01  2.77118749193519143e-01
3.902655e+00 -3.28106938138265081e-01 -4.23802254018427194e-01  2.19095656969388236e-01
3.915929e+00 -1.06994981423750607e-01 -1.41204005008049777e-01  1.02292142059636132e-01
3.929204e+00  1.31979578389968488e-01  1.71696529900134037e-01 -6.13902290741463533e-02
3.942478e+00  3.69117889000589172e-01  4.87045608260988250e-01 -2.50186756494968576e-01
3.955752e+00  5.82654134771955157e-01  7.74462795498778500e-01 -4.35776085917294886e-01
3.969027e+00  7.51575867075540915e-01  1.00480529778277372e+00 -5.88824452099494189e-01
3.982301e+00  8.59078164371018138e-01  1.15470562518716990e+00 -6.85232865146293113e-01
3.995575e+00  8.95762902217685619e-01  1.21073340803785801e+00 -7.11289487070558168e-01
4.008850e+00  8.61554076337450403e-01  1.17192090030192309e+00 -6.66266469144692675e-01
4.022124e+00  7.65616706869685526e-01  1.04976293290799805e+00 -5.61795380255400323e-01
4.035398e+00  6.24205371748151716e-01  8.65521666231420572e-01 -4.18331649593300436e-01
4.048673e+00  4.57059821377429010e-01  6.45497643943439892e-01 -2.59863720202077264e-01
4.061947e+00  2.83439389458308377e-01  4.15603477770390806e-01 -1.08475907281102846e-01
4.075221e+00  1.18972456599548818e-01  1.96850354670424582e-01  1.97050254670733532e-02
4.088496e+00 -2.58394027243530264e-02  3.07475891857938565e-03  1.16229719205376877e-01
4.101770e+00 -1.45266229669315294e-01 -1.58586316216271977e-01  1.79633569082871786e-01
4.115044e+00 -2.36660336158968171e-01 -2.85060738493388977e-01  2.13085130701982317e-01
4.128319e+00 -2.98441612887588692e-01 -3.74060255073783932e-01  2.21600201978111394e-01
4.141593e+00 -3.28810841209608296e-01 -4.21956621298596402e-01  2.09984633328130776e-01
4.154867e+00 -3.25809204979467804e-01 -4.24058397785003149e-01  1.82142818258854311e-01
4.168142e+00 -2.88636962719760359e-01 -3.77315902077687670e-01  1.41671015539348188e-01
4.181416e+00 -2.19525259126623046e-01 -2.84167966354465673e-01  9.30796916903463278e-02
4.194690e+00 -1.25221536869680156e-01 -1.55490257685490907e-01  4.27856948003448173e-02
4.207965e+00 -1.73639925476649602e-02 -1.08249864853489641e-02 -7.88792484854723718e-04
4.221239e+00  8.85085355639873561e-02  1.24789564909626921e-01 -2.82259988776563560e-02
4.234513e+00  1.75128058304831413e-01  2.26525457283623666e-01 -3.09645971159902278e-02
4.247788e+00  2.26439441984897100e-01  2.75915982462823062e-01 -3.39309880131735643e-03
4.261062e+00  2.30844262191579608e-01  2.65044894314979351e-01  5.55063178278670660e-02
4.274336e+00  1.84227952239078396e-01  1.97145357676863114e-01  1.41488127939632752e-01
4.287611e+00  9.21211437792951865e-02  8.35238335444695029e-02  2.45512375251812826e-01
4.300885e+00 -2.97617704162527578e-02 -6.16612630837632750e-02  3.55097412645437815e-01
4.314159e+00 -1.57226601467392313e-01 -2.26307427488906365e-01  4.56010540586649471e-01
4.327434e+00 -2.61649141682389952e-01 -4.02720221405037881e-01  5.33751037193957112e-01
4.340708e+00 -3.15697658433106321e-01 -5.86452948123205253e-01  5.74598443947413884e-01
4.353982e+00 -2.99366415781667505e-01 -7.72433698819608661e-01  5.66459888285169577e-01
4.367257e+00 -2.04721619297037999e-01 -9.50567570141219176e-01  5.00042379505252654e-01
4.380531e+00 -3.81143958411822442e-02 -1.10335163292423588e+00  3.70742514428498815e-01
4.393805e+00  1.80615764275401547e-01 -1.20718536516392838e+00  1.81082927535312355e-01
4.407080e+00  4.21601292370064218e-01 -1.23740945748504605e+00 -5.71661264722141127e-02
4.420354e+00  6.50165383993393298e-01 -1.17542583442883797e+00 -3.22411971531604113e-01
4.433628e+00  8.32703387563414443e-01 -1.01527961885750262e+00 -5.85178983877864045e-01
4.446903e+00  9.42207537052990429e-01 -7.67199746413565919e-01 -8.12666507155832218e-01
4.460177e+00  9.62591527438385941e-01 -4.56694067767024148e-01 -9.74953480894056090e-01
4.473451e+00  8.91154385553348805e-01 -1.19389389577136476e-01 -1.05111022127226272e+00
4.486726e+00  7.38741331148940472e-01  2.06732375592024897e-01 -1.03338316233839222e+00
4.500000e+00  5.27488411089350406e-01  4.89244864997943729e-01 -9.28225712156012128e-01
4.513274e+00  2.86493199659027253e-01  7.06971048478030606e-01 -7.53971940742695801e-01
4.526549e+00  4.62408000708894873e-02  8.52001281540608613e-01 -5.35967421221327012e-01
4.539823e+00 -1.67035019349171421e-01  9.27922094293854860e-01 -3.00630839685153861e-01
4.553097e+00 -3.35811533576884869e-01  9.45412303381959473e-01 -7.00627128789010761e-02
4.566372e+00 -4.53588224583926669e-01  9.17091490301766399e-01  1.41513081956005732e-01
4.579646e+00 -5.24624335095753014e-01  8.53461217764313163e-01  3.28820197612825438e-01
4.592920e+00 -5.61332434701554694e-01  7.61061486595937087e-01  4.94172975967100470e-01
4.606195e+00 -5.80129120065066117e-01  6.42953410129013303e-01  6.44353993171381756e-01
4.619469e+00 -5.96864382311711794e-01  5.00799969340560480e-01  7.86743311942972201e-01
4.632743e+00 -6.22933214477372710e-01  3.37463344048396341e-01  9.25773953650619652e-01
4.646018e+00 -6.62845098449750370e-01  1.59186332457162322e-01  1.06058178611834020e+00
4.659292e+00 -7.13531267737829600e-01 -2.31646363844603062e-02  1.18434382095308766e+00
4.672566e+00 -7.65211306836235727e-01 -1.93957460496481326e-01  1.28536964995685521e+00
4.685841e+00 -8.03391642499192149e-01 -3.33775470049244016e-01  1.34961859456907951e+00
4.699115e+00 -8.11569085417484404e-01 -4.21557187389772048e-01  1.36402010318171563e+00
4.712389e+00 -7.74344244327033970e-01 -4.37882162252862694e-01  1.31981356551161655e+00
4.725664e+00 -6.80716051079483853e-01 -3.69113777833490420e-01  1.21512125722261932e+00
4.738938e+00 -5.27202345316787113e-01 -2.11643002233133870e-01  1.05613731808803069e+00
4.752212e+00 -3.20166203298704821e-01  2.49360889534375602e-02  8.56634925711303730e-01
4.765487e+00 -7.65453692853732826e-02  3.16950236700702548e-01  6.35889873839832531e-01
4.778761e+00  1.77674713434204629e-01  6.28861255480430370e-01  4.15484288833021409e-01
4.792035e+00  4.11357669448886965e-01  9.18521941848291168e-01  2.15690422959567168e-01
4.805310e+00  5.93821004981299305e-01  1.14449224512986647e+00  5.21902208191323547e-02
4.818584e+00  7.00825019859774301e-01  1.27375459802009927e+00 -6.62252142655630899e-02
4.831858e+00  7.19385086239914040e-01  1.28796828721322987e+00 -1.38555618240860268e-01
4.845133e+00  6.50144609328096479e-01  1.18672671629718685e+00 -1.70952427505736665e-01
4.858407e+00  5.06746466298808262e-01  9.87016298902026468e-01 -1.74709860380692195e-01
4.871681e+00  3.12470475902510481e-01  7.19027132325440466e-01 -1.63358647269470997e-01
4.884956e+00  9.51001687867231577e-02  4.19407792618424258e-01 -1.49576059010331497e-01
4.898230e+00 -1.18618053176543184e-01  1.23750735257801336e-01 -1.42712371771725327e-01
4.911504e+00 -3.07520648059752877e-01 -1.39684741560258230e-01 -1.47572742512293659e-01
4.924779e+00 -4.58502941829574906e-01 -3.53399347460504831e-01 -1.64671795197468079e-01
4.938053e+00 -5.66499796618112228e-01 -5.10583943499067994e-01 -1.91622536015977785e-01
4.951327e+00 -6.32370361584464580e-01 -6.12156837229079764e-01 -2.24873983838024566e-01
4.964602e+00 -6.59818993321290015e-01 -6.62568676548799917e-01 -2.60922858404695923e-01
4.977876e+00 -6.52801184463571160e-01 -6.66418034745479781e-01 -2.96496968971920238e-01
4.991150e+00 -6.14554784468981707e-01 -6.27395372056490541e-01 -3.27889765353615303e-01
5.004425e+00 -5.48534652892283980e-01 -5.49817432869718736e-01 -3.50250313249427292e-01
5.017699e+00 -4.60490690360482013e-01 -4.41585073708590792e-01 -3.57810305859070421e-01
5.030973e+00 -3.60230367541557128e-01 -3.16489409697245039e-01 -3.45579513308464648e-01
5.044248e+00 -2.61625391296012699e-01 -1.93896704191421299e-01 -3.12138678703967387e-01
5.057522e+00 -1.80182148881016385e-01 -9.49885423448346700e-02 -2.62282553750974423e-01
5.070796e+00 -1.28649415696286379e-01 -3.64372175403693821e-02 -2.07940438868419258e-01
5.084071e+00 -1.12154320411065198e-01 -2.38729283574745758e-02 -1.66291077651262609e-01
5.097345e+00 -1.24794617783139453e-01 -4.80286772121429686e-02 -1.55130173862707887e-01
5.110619e+00 -1.49302946103964551e-01 -8.57128169249186112e-02 -1.86821794623692805e-01
5.123894e+00 -1.60470196300614543e-01 -1.05998838504125129e-01 -2.62961340010083922e-01
5.137168e+00 -1.31798754630228498e-01 -7.99419289968194002e-02 -3.71820353472849585e-01
5.150442e+00 -4.37312612180680849e-02  9.40268816906772616e-03 -4.89759957162090698e-01
5.163717e+00  1.08904070113548107e-01  1.60222980120050318e-01 -5.86469801057267315e-01
5.176991e+00  3.12642580076213039e-01  3.50998147021712670e-01 -6.32634627742490907e-01
5.190265e+00  5.36040779407528922e-01  5.45897998605533896e-01 -6.07877244466380584e-01
5.203540e+00  7.35610352837007930e-01  7.04864423920018024e-01 -5.06760392772089729e-01
5.216814e+00  8.65746993335299919e-01  7.95094840931324875e-01 -3.41192184674623866e-01
5.230088e+00  8.89967397088982759e-01  8.00213136807648162e-01 -1.38555928399342471e-01
5.243363e+00  7.90173339877329739e-01  7.24275764720796467e-01  6.40013582474518866e-02
5.256637e+00  5.71197635127111081e-01  5.89570288076863402e-01  2.27711195823121493e-01
5.269912e+00  2.59420250130021957e-01  4.29249858777415394e-01  3.20738028742697689e-01
5.283186e+00 -1.03808099998316014e-01  2.77467973387971134e-01  3.25039417286371035e-01
5.296460e+00 -4.71612835408315889e-01  1.60288951753815134e-01  2.39890670385238786e-01
5.309735e+00 -8.00975260591439642e-01  9.00951740762431785e-02  8.13308759488993727e-02
5.323009e+00 -1.05960707946711219e+00  6.47711261995848331e-02 -1.22136900348440811e-01
5.336283e+00 -1.22914176031683975e+00  7.12118770821492941e-02 -3.36320533307613634e-01
5.349558e+00 -1.30484857590270775e+00  9.13448269652963746e-02 -5.28782930268895668e-01
5.362832e+00 -1.29300684980458991e+00  1.08329240208820329e-01 -6.75140553142884015e-01
5.376106e+00 -1.20730998659808653e+00  1.10988769133775103e-01 -7.62870712170860110e-01
5.389381e+00 -1.06533631875675039e+00  9.55394297420234656e-02 -7.92043568865519299e-01
5.402655e+00 -8.85592704400084307e-01  6.47926978643736523e-02 -7.73206631176750259e-01
5.415929e+00 -6.85253933538421123e-01  2.57780651158979641e-02 -7.23296889326407788e-01
5.429204e+00 -4.78616757336176757e-01 -1.30734273471004112e-02 -6.60803050448008578e-01
5.442478e+00 -2.76347133751917884e-01 -4.43256854697136674e-02 -6.01404977766569537e-01
5.455752e+00 -8.56017161614988087e-02 -6.31299886563801704e-02 -5.55023081576310418e-01
5.469027e+00  8.90831019163567384e-02 -6.79991191976633130e-02 -5.24726520677981534e-01
5.482301e+00  2.44548716750498163e-01 -6.08728364097589209e-02 -5.07420350718729485e-01
5.495575e+00  3.78035214278284848e-01 -4.65278271599361484e-02 -4.95805288992592796e-01
5.508850e+00  4.86980167058191526e-01 -3.13341041576401316e-02 -4.80889331003146181e-01
5.522124e+00  5.69695787737933723e-01 -2.14649799899036715e-02 -4.54358947231574273e-01
5.535398e+00  6.26512817857760029e-01 -2.09281730575077603e-02 -4.10330406316718854e-01
5.548673e+00  6.60668300783469720e-01 -3.00417282745781070e-02 -3.46284444209819353e-01
5.561947e+00  6.78288905023607946e-01 -4.50187265535235900e-02 -2.63224443102118510e-01
5.575221e+00  6.87235695183478601e-01 -5.90358961186256415e-02 -1.65224936418126300e-01
5.588496e+00  6.95098125451166227e-01 -6.46194237880298172e-02 -5.85637860031805665e-02
5.601770e+00  7.06995327690286168e-01 -5.66219184334004547e-02  4.93841634640985808e-02
5.615044e+00  7.23922253999527587e-01 -3.47538232277977976e-02  1.51319914461471056e-01
5.628319e+00  7.42188955265383976e-01 -4.72337296095698498e-03  2.41073273106480079e-01
5.641593e+00  7.54164318400740386e-01  2.25063869634654738e-02  3.14346385464824629e-01
5.654867e+00  7.50178341942646654e-01  3.32134337207398711e-02  3.69008553826531360e-01
5.668142e+00  7.21140355016636092e-01  1.44876575505157382e-02  4.04918914373423422e-01
5.681416e+00  6.61235478123490927e-01 -4.21036694579345408e-02  4.23399996367606224e-01
5.694690e+00  5.70001368955825205e-01 -1.37742215220850561e-01  4.26597156564856028e-01
5.707965e+00  4.53194501165932961e-01 -2.65220223209655992e-01  4.16975734997913905e-01
5.721239e+00  3.22133969781819018e-01 -4.09781681557069122e-01  3.97110106097236903e-01
5.734513e+00  1.91608675687803098e-01 -5.51820746584842814e-01  3.69746820897258022e-01
5.747788e+00  7.68412518255498639e-02 -6.70861132306777463e-01  3.37960154606188057e-01
5.761062e+00 -9.71519061102659592e-03 -7.49887952514729728e-01  3.05149810565736979e-01
5.774336e+00 -6.09158483710370846e-02 -7.78953564708597557e-01  2.74707790185211298e-01
5.787611e+00 -7.61595285342972217e-02 -7.57111296237878872e-01  2.49380242650929507e-01
5.800885e+00 -6.10553165039592963e-02 -6.92155357014820116e-01  2.30570792703650163e-01
5.814159e+00 -2.56867687094865689e-02 -5.98262970875586886e-01  2.17950304168399778e-01
5.827434e+00  1.80037870685649908e-02 -4.92249978699700941e-01  2.09670276043651876e-01
5.840708e+00  5.89990206828353361e-02 -3.89544353312950675e-01  2.03228078528990108e-01
5.853982e+00  8.94550213881016021e-02 -3.01006192687058582e-01  1.96710139098832920e-01
5.867257e+00  1.05897835621433567e-01 -2.31373563388618669e-01  1.89906126707783673e-01
5.880531e+00  1.09164241004501159e-01 -1.79538966505468245e-01  1.84771186929736875e-01
5.893805e+00  1.03240506293735532e-01 -1.40292312514725154e-01  1.84944060600670618e-01
5.907080e+00  9.34556367336265154e-02 -1.06804161949409920e-01  1.94419137665120617e-01
5.920354e+00  8.46356933725878752e-02 -7.30530754385646380e-02  2.15847576135262315e-01
5.933628e+00  7.97637592725151667e-02 -3.55761190347417336e-02  2.49132606540563684e-01
5.946903e+00  7.94374943419421248e-02  5.78765612180143912e-03  2.90897767157594245e-01
5.960177e+00  8.20855877442285692e-02  4.82074990528802705e-02  3.35077075467020535e-01
5.973451e+00  8.46503070146101960e-02  8.70475184016996639e-02  3.74445435464378085e-01
5.986726e+00  8.33785769171167673e-02  1.17577574789561795e-01  4.02563919214190047e-01
6.000000e+00  7.44934981665961032e-02  1.36719542219826323e-01  4.15495803779858008e-01
6.013274e+00  5.47338046873014489e-02  1.44273570066629053e-01  4.12780198156575906e-01
6.026549e+00  2.18961276263344197e-02  1.43151348606403078e-01  3.97445438333794143e-01
6.039823e+00 -2.45073159065667644e-02  1.38433153329726416e-01  3.75160673904464392e-01
6.053097e+00 -8.25372862602568869e-02  1.35512802182702979e-01  3.52838878419037327e-01
6.066372e+00 -1.47324939361994839e-01  1.38016523930040852e-01  3.37076268841075222e-01
6.079646e+00 -2.11118492372055322e-01  1.46345332884857127e-01  3.32774454192287517e-01
6.092920e+00 -2.64100445977274834e-01  1.57459927490345014e-01  3.42200076994189917e-01
6.106195e+00 -2.95931327136241207e-01  1.65978341603613633e-01  3.64631577277883201e-01
6.119469e+00 -2.97704365679724581e-01  1.66066633252179408e-01  3.96630255446196844e-01
6.132743e+00 -2.63852685871893589e-01  1.53291712255903850e-01  4.32847776990431976e-01
6.146018e+00 -1.93578620625761394e-01  1.25731680847295219e-01  4.67161734336457413e-01
6.159292e+00 -9.15110364709235125e-02  8.40986133246364453e-02  4.93855953939669023e-01
6.172566e+00  3.25556538553313859e-02  3.11272376749572172e-02  5.08568599069060823e-01
6.185841e+00  1.64870971133543320e-01 -2.92649718980392999e-02  5.08821412501498593e-01
6.199115e+00  2.89793832995208334e-01 -9.26272487907646574e-02  4.94080006063887189e-01
6.212389e+00  3.92432634918032430e-01 -1.54305228654417620e-01  4.65421488034513053e-01
6.225664e+00  4.61339470368830273e-01 -2.09581282725636892e-01  4.24962434848917270e-01
6.238938e+00  4.90575047993729529e-01 -2.53829990776254677e-01  3.75220637037112170e-01
6.252212e+00  4.80532347955165473e-01 -2.82794053137595147e-01  3.18564151131059348e-01
6.265487e+00  4.37266552230529237e-01 -2.92945659212947296e-01  2.56860176190417400e-01
6.278761e+00  3.70595339483228481e-01 -2.81839300053672803e-01  1.91382071079188337e-01
6.292035e+00  2.91648669163907581e-01 -2.48402395797391873e-01  1.22965669278996173e-01
6.305310e+00  2.10642066390477500e-01 -1.93175170368972554e-01  5.23341760610246468e-02
6.318584e+00  1.35396795545264098e-01 -1.18517937570182780e-01 -1.95442185136665177e-02
6.331858e+00  7.07184090278783206e-02 -2.87370811331866850e-02 -9.12136974877414408e-02
6.345133e+00  1.84300489915083035e-02  6.99987382920493340e-02 -1.60703720136013584e-01
6.358407e+00 -2.22130968757967909e-02  1.70094024537658012e-01 -2.25726924616856367e-01
6.371681e+00 -5.38774376846438557e-02  2.63370669488647957e-01 -2.84020007697973975e-01
6.384956e+00 -8.02851232061650016e-02  3.42229777398527502e-01 -3.33697676863181247e-01
6.398230e+00 -1.05144934558282416e-01  4.00898335610415490e-01 -3.73504958156362643e-01
6.411504e+00 -1.31044460512638961e-01  4.36453743701427477e-01 -4.02917320036022153e-01
6.424779e+00 -1.58623208265865984e-01  4.49337245602667357e-01 -4.22110088325581723e-01
6.438053e+00 -1.86351753457712654e-01  4.43170827404094747e-01 -4.31859012489150484e-01
6.451327e+00 -2.11051514158324793e-01  4.23857988150310450e-01 -4.33431334980615923e-01
6.464602e+00 -2.28998321666818355e-01  3.98142528420747210e-01 -4.28495328027038658e-01
6.477876e+00 -2.37221516572963254e-01  3.71972123193623161e-01 -4.19040038972715634e-01
6.491150e+00 -2.34553474706922699e-01  3.49105164958199099e-01 -4.07277215353130606e-01
6.504425e+00 -2.22105876479479492e-01  3.30360411051470182e-01 -3.95500349222264957e-01
6.517699e+00 -2.03064010045877791e-01  3.13731277859193858e-01 -3.85893874707360696e-01
6.530973e+00 -1.81900054818709439e-01  2.95321694645788113e-01 -3.80309127111691236e-01
6.544248e+00 -1.63251211134173346e-01  2.70803199000831885e-01 -3.80044059977063253e-01
6.557522e+00 -1.50773685077256248e-01  2.36939496604099797e-01 -3.85673284212191492e-01
6.570796e+00 -1.46274304628595447e-01  1.92727869145122271e-01 -3.96971109394696653e-01
6.584071e+00 -1.49342787262147308e-01  1.39853611514936221e-01 -4.12954020993653581e-01
6.597345e+00 -1.57568533473927658e-01  8.23784135883393331e-02 -4.32043602854709219e-01
6.610619e+00 -1.67259049372684571e-01  2.58044329503733620e-02 -4.52323233846837869e-01
6.623894e+00 -1.74438041667782234e-01 -2.41925626687113753e-02 -4.71839353600217115e-01
6.637168e+00 -1.75840073150389326e-01 -6.30164532591817594e-02 -4.88886080693697322e-01
6.650442e+00 -1.69651396838660928e-01 -8.80900869713600321e-02 -5.02215081129690821e-01
6.663717e+00 -1.55846858957721324e-01 -9.92906443394274557e-02 -5.11131328010096198e-01
6.676991e+00 -1.36092292208142784e-01 -9.88298502044798743e-02 -5.15464184927787450e-01
6.690265e+00 -1.13282661623693715e-01 -9.06579583490219609e-02 -5.15433877288353548e-01
6.703540e+00 -9.08540320463538525e-02 -7.95634393928950634e-02 -5.11456456433429740e-01
6.716814e+00 -7.20407171009292691e-02 -7.01843091897808025e-02 -5.03938897000084096e-01
6.730088e+00 -5.92459223629857729e-02 -6.61435769762285519e-02 -4.93111329874514948e-01
6.743363e+00 -5.36524715332132238e-02 -6.94772092782362377e-02 -4.78931229696276772e-01
6.756637e+00 -5.51285036659424910e-02 -8.04481552824392460e-02 -4.61078235270331593e-01
6.769912e+00 -6.24069700819565309e-02 -9.77478728905462751e-02 -4.39040403207396568e-01
6.783186e+00 -7.34647021791402510e-02 -1.18996593331138725e-01 -4.12274070818326843e-01
6.796460e+00 -8.60044554653294074e-02 -1.41391529272695077e-01 -3.80400543241317002e-01
6.809735e+00 -9.79383344275451123e-02 -1.62340645108608739e-01 -3.43387793846274436e-01
6.823009e+00 -1.07769608258830210e-01 -1.79957560413435497e-01 -3.01661720195757876e-01
6.836283e+00 -1.14779447375654264e-01 -1.93353869282180013e-01 -2.56104624664223568e-01
6.849558e+00 -1.18969434576999294e-01 -2.02715243893056701e-01 -2.07928676941654650e-01
6.862832e+00 -1.20796514883831863e-01 -2.09170600457848604e-01 -1.58451596611185408e-01
6.876106e+00 -1.20829319149007242e-01 -2.14471048708016698e-01 -1.08836382296840631e-01
6.889381e+00 -1.19494792587399104e-01 -2.20514939347602162e-01 -5.98723888425196221e-02
6.902655e+00 -1.17034470252271303e-01 -2.28799299026102798e-01 -1.18638229821135151e-02
6.915929e+00 -1.13669490498862213e-01 -2.39925577508379839e-01  3.53427433612414355e-02
6.929204e+00 -1.09852505606915785e-01 -2.53301872374395498e-01  8.22039871723078824e-02
6.942478e+00 -1.06436010916336116e-01 -2.67141852573786531e-01  1.29247369909960413e-01
6.955752e+00 -1.04635455661569843e-01 -2.78772138529030711e-01  1.76827194441190910e-01
6.969027e+00 -1.05777302222967828e-01 -2.85163849786244816e-01  2.24930837519086019e-01
6.982301e+00 -1.10928550427258923e-01 -2.83544648557603474e-01  2.73075651865778701e-01
6.995575e+00 -1.20546741065806387e-01 -2.71946265259403797e-01  3.20311707958234215e-01
7.008850e+00 -1.34257928430690371e-01 -2.49588583396012892e-01  3.65324213801151376e-01
7.022124e+00 -1.50803846784357598e-01 -2.17062824644766866e-01  4.06614357029086881e-01
7.035398e+00 -1.68149834461151559e-01 -1.76318357575534435e-01  4.42726030886244182e-01
7.048673e+00 -1.83734089215830981e-01 -1.30464967633712403e-01  4.72474906340622391e-01
7.061947e+00 -1.94844001139333006e-01 -8.33921778642191663e-02  4.95129971081142484e-01
7.075221e+00 -1.99084078099414752e-01 -3.92148764794492746e-02  5.10506380533757409e-01
7.088496e+00 -1.94840584408306400e-01 -1.60279454045848032e-03  5.18954349145238525e-01
7.101770e+00 -1.81594571148625594e-01  2.68741977892616273e-02  5.21261389713069456e-01
7.115044e+00 -1.59952112024552229e-01  4.52037362711212448e-02  5.18508017555885270e-01
7.128319e+00 -1.31369327199095887e-01  5.40395086793041546e-02  5.11916845675440602e-01
7.141593e+00 -9.76953262159772767e-02  5.54226389733870617e-02  5.02715359710080412e-01
7.154867e+00 -6.07413006623369819e-02  5.22205382757610984e-02  4.92013935150187598e-01
7.168142e+00 -2.20469922483685077e-02  4.74782100899692958e-02  4.80698380900632272e-01
7.181416e+00  1.71166875601942436e-02  4.38672870983574312e-02  4.69347617007685070e-01
7.194690e+00  5.56051186905712272e-02  4.33282091727977339e-02  4.58197436976750860e-01
7.207965e+00  9.22656276621750260e-02  4.69015859164028312e-02  4.47166399546708337e-01
7.221239e+00  1.25910663573006232e-01  5.46994887115915332e-02  4.35938878053450940e-01
7.234513e+00  1.55402209595395163e-01  6.59845939244315394e-02  4.24079077772499369e-01
7.247788e+00  1.79783217880799845e-01  7.93611235554929489e-02  4.11144117336216697e-01
7.261062e+00  1.98389094783637393e-01  9.30849932771113386e-02  3.96774153031853649e-01
7.274336e+00  2.10915713373003189e-01  1.05457485483843372e-01  3.80751556642768330e-01
7.287611e+00  2.17460316595465442e-01  1.15210904549204921e-01  3.63028148909725568e-01
7.300885e+00  2.18552168882060305e-01  1.21774635717795066e-01  3.43717827268075260e-01
7.314159e+00  2.15156735630041923e-01  1.25345579312677285e-01  3.23050778700745667e-01
7.327434e+00  2.08608422867613080e-01  1.26756541080940255e-01  3.01293663362735664e-01
7.340708e+00  2.00437801380598579e-01  1.27199586927670721e-01  2.78655463837027828e-01
7.353982e+00  1.92111437402404744e-01  1.27891040996708255e-01  2.55209919569811983e-01
7.367257e+00  1.84760364218091555e-01  1.29761316227929413e-01  2.30862508640232167e-01
7.380531e+00  1.78993009262620045e-01  1.33234362329832601e-01  2.05372898438296148e-01
7.393805e+00  1.74854615937370228e-01  1.38141173151559382e-01  1.78423040944967248e-01
7.407080e+00  1.71931388088015752e-01  1.43787857558511922e-01  1.49707928455441924e-01
7.420354e+00  1.69544917039711279e-01  1.49164783779605431e-01  1.19024927739293754e-01
7.433628e+00  1.66967377093828528e-01  1.53241825633302520e-01  8.63450070584629303e-02
7.446903e+00  1.63604886247788434e-01  1.55262087042349228e-01  5.18570102787929352e-02
7.460177e+00  1.59120438979597489e-01  1.54943044248920664e-01  1.59795953142958594e-02
7.473451e+00  1.53482696170764626e-01  1.52526857188487575e-01 -2.06636206572546471e-02
7.486726e+00  1.46936590222845664e-01  1.48676738868325387e-01 -5.73076707804985319e-02
7.500000e+00  1.39907069131159634e-01  1.44267626323073411e-01 -9.31432465819107269e-02
7.513274e+00  1.32867733049902181e-01  1.40144464867280605e-01 -1.27429710254623851e-01
7.526549e+00  1.26216998125338570e-01  1.36914577568572809e-01 -1.59596676946660160e-01
7.539823e+00  1.20194106768087547e-01  1.34814939878684786e-01 -1.89306773565754843e-01
7.553097e+00  1.14843017922622123e-01  1.33669221850451631e-01 -2.16463851676154284e-01
7.566372e+00  1.10014018048787382e-01  1.32932356502720422e-01 -2.41169394085568894e-01
7.579646e+00  1.05392580852577980e-01  1.31809719145445453e-01 -2.63645790385915402e-01
7.592920e+00  1.00554092114148230e-01  1.29427159338943387e-01 -2.84149537701707644e-01
7.606195e+00  9.50436539475112280e-02  1.25015846120652169e-01 -3.02891288016857052e-01
7.619469e+00  8.84674581613924121e-02  1.18069748855013049e-01 -3.19972535945012071e-01
7.632743e+00  8.05705812078099520e-02  1.08441046674141617e-01 -3.35346639936837387e-01
7.646018e+00  7.12804581311469870e-02  9.63572461565693622e-02 -3.48813504495926019e-01
7.659292e+00  6.07125263666734652e-02  8.23640645049237008e-02 -3.60056076001701308e-01
7.672566e+00  4.91469752141324365e-02  6.72128446566211402e-02 -3.68715474849063918e-01
7.685841e+00  3.69824291026097027e-02  5.17182079696850636e-02 -3.74483001558756301e-01
7.699115e+00  2.46645140972358637e-02  3.66138414504615858e-02 -3.77176063575841158e-01
7.712389e+00  1.25937996636485781e-02  2.24348434876029124e-02 -3.76772146614218539e-01
7.725664e+00  1.03872527691894340e-03  9.45081836736292279e-03 -3.73396795008791749e-01
7.738938e+00 -9.90768811582409988e-03 -2.33881156428967585e-03 -3.67283646900934679e-01
7.752212e+00 -2.03029919703834848e-02 -1.31529177675979939e-02 -3.58731287891212502e-01
7.765487e+00 -3.02741207878878017e-02 -2.33396655366726949e-02 -3.48070126724880413e-01
7.778761e+00 -3.99207861996362240e-02 -3.32759660621297290e-02 -3.35636886641888565e-01
7.792035e+00 -4.92429311940315306e-02 -4.32785561546095154e-02 -3.21750492557028811e-01
7.805310e+00 -5.81070587337925576e-02 -5.35422645053921023e-02 -3.06691594196627948e-01
7.818584e+00 -6.62468209615460629e-02 -6.41128111829459280e-02 -2.90695342349413244e-01
7.831858e+00 -7.32943398058524404e-02 -7.48933063069784771e-02 -2.73961611649102321e-01
7.845133e+00 -7.88479805341979756e-02 -8.56751682605407794e-02 -2.56672004564455991e-01
7.858407e+00 -8.25772109996689985e-02 -9.61790946783918077e-02 -2.38994988995218982e-01
7.871681e+00 -8.43401519189048710e-02 -1.06093431178497483e-01 -2.21071015829334777e-01
7.884956e+00 -8.42659591936578967e-02 -1.15105008028701300e-01 -2.02990384177910793e-01
7.898230e+00 -8.27594635488422548e-02 -1.22926237291701573e-01 -1.84786333558864396e-01
7.911504e+00 -8.04210964801215789e-02 -1.29324287226851409e-01 -1.66452660452053147e-01
7.924779e+00 -7.79148525931144253e-02 -1.34151246277911529e-01 -1.47971913762557306e-01
7.938053e+00 -7.58332328563333796e-02 -1.37366379476971612e-01 -1.29330783854490122e-01
7.951327e+00 -7.45954601719286542e-02 -1.39040708423888465e-01 -1.10513307112506398e-01
7.964602e+00 -7.43924244203551105e-02 -1.39339593783516735e-01 -9.14862180405092429e-02
7.977876e+00 -7.51797191472327875e-02 -1.38486226859245581e-01 -7.22003259271741943e-02
7.991150e+00 -7.67189696634206636e-02 -1.36713801856922001e-01 -5.26171752265539999e-02
8.004425e+00 -7.86616836338291936e-02 -1.34215845564445768e-01 -3.27466697860980330e-02
8.017699e+00 -8.06518976760816630e-02 -1.31106649278412923e-01 -1.26718156735955434e-02
8.030973e+00 -8.24071831237301600e-02 -1.27406842398911174e-01  7.45255187995204522e-03
8.044248e+00 -8.37434817122652275e-02 -1.23064731110594280e-01  2.74221432033485008e-02
8.057522e+00 -8.45429446669007795e-02 -1.18008742274696377e-01  4.70129142550841650e-02
8.070796e+00 -8.47024595420378251e-02 -1.12208868528538314e-01  6.60093237987394305e-02
8.084071e+00 -8.41110752523493571e-02 -1.05718340845751407e-01  8.42304124111682845e-02
8.097345e+00 -8.26763400145527627e-02 -9.86782993752021581e-02  1.01552288080435510e-01
8.110619e+00 -8.03755551384261191e-02 -9.12914818120073024e-02  1.17918907575521134e-01
8.123894e+00 -7.72855790159933526e-02 -8.37869295152013499e-02  1.33331744450462336e-01
8.137168e+00 -7.35627897633908262e-02 -7.63938895680984498e-02  1.47818344371736132e-01
8.150442e+00 -6.93855618290262349e-02 -6.93259134443890007e-02  1.61393634189958085e-01
8.163717e+00 -6.48986450721900227e-02 -6.27622676562819837e-02  1.74033331101044075e-01
8.176991e+00 -6.01908109666481062e-02 -5.68160468655791034e-02  1.85669686150167240e-01
8.190265e+00 -5.53050625557656717e-02 -5.14955214705580464e-02  1.96204677314914977e-01
8.203540e+00 -5.02560792164885722e-02 -4.66808728241016463e-02  2.05527707386283343e-01
8.216814e+00 -4.50342861759719104e-02 -4.21375272423502450e-02  2.13528144345219384e-01
8.230088e+00 -3.96013360785122531e-02 -3.75703484118590225e-02  2.20102440045038233e-01
8.243363e+00 -3.38993396830524416e-02 -3.27015518086545970e-02  2.25161703712737915e-01
8.256637e+00 -2.78870883513972351e-02 -2.73430208172351814e-02  2.28643138404179713e-01
8.269912e+00 -2.15890984403803443e-02 -2.14385407229834464e-02  2.30522104788959847e-01
8.283186e+00 -1.51247924731603318e-02 -1.50673581350263160e-02  2.30818189471905355e-01
8.296460e+00 -8.69498049995464858e-03 -8.41438316980660031e-03  2.29590446059346087e-01
8.309735e+00 -2.53230453190250379e-03 -1.71840788331956802e-03  2.26922133433568735e-01
8.323009e+00  3.15593939953513845e-03  4.78988272936576014e-03  2.22901083139682987e-01
8.336283e+00  8.22788636949142900e-03  1.09484346988228953e-02  2.17605122529535289e-01
8.349558e+00  1.26265291460017082e-02  1.67079145207525981e-02  2.11101130025183603e-01
8.362832e+00  1.63892587376763994e-02  2.21420127493193557e-02  2.03460908457965162e-01
8.376106e+00  1.96512541153641626e-02  2.74141911682109565e-02  1.94787780210669420e-01
8.389381e+00  2.26300570803349976e-02  3.27089361192533373e-02  1.85239113494943347e-01
8.402655e+00  2.55770865614445599e-02  3.81538441702766254e-02  1.75028370916462839e-01
8.415929e+00  2.87024500938898620e-02  4.37657898893381858e-02  1.64398381079125244e-01
8.429204e+00  3.21046657860444840e-02  4.94428707886617816e-02  1.53571668919918081e-01
8.442478e+00  3.57423766868573134e-02  5.49993724233079698e-02  1.42695465859817905e-01
8.455752e+00  3.94630334240991115e-02  6.02205037893851491e-02  1.31801737955500153e-01
8.469027e+00  4.30705881277098426e-02  6.49093934322941962e-02  1.20796953396935830e-01
8.482301e+00  4.63953549220157274e-02  6.89103964441717398e-02  1.09487282133603814e-01
8.495575e+00  4.93343394929581305e-02  7.21110635857064586e-02  9.76356822412729058e-02
8.508850e+00  5.18503517256599031e-02  7.44371217388387629e-02  8.50388644626482310e-02
8.522124e+00  5.39380248970158238e-02  7.58528746204508442e-02  7.16048274431793641e-02
8.535398e+00  5.55762670513739662e-02  7.63688019806832014e-02  5.74078514871551385e-02
8.548673e+00  5.66902204927923897e-02  7.60494041835069884e-02  4.27020421531779659e-02
8.561947e+00  5.71435325810211378e-02  7.50134300091717804e-02  2.78873323461139265e-02
8.575221e+00  5.67722656474861365e-02  7.34244805391057603e-02  1.34373038292172047e-02
8.588496e+00  5.54548409623274868e-02  7.14753075555374373e-02 -1.90914965574117931e-04
8.601770e+00  5.31937466341013826e-02  6.93679491311025020e-02 -1.26420336061404369e-02
8.615044e+00  5.01733738467659077e-02  6.72878426810793184e-02 -2.37252397517939626e-02
8.628319e+00  4.67609867568735335e-02  6.53709434583153726e-02 -3.34420031226362185e-02
8.641593e+00  4.34354608227112138e-02  6.36703737951624521e-02 -4.19722577727742741e-02
8.654867e+00  4.06560476220739972e-02  6.21372574581724874e-02 -4.96202730018628843e-02
8.668142e+00  3.87116823249566006e-02  6.06295415303335500e-02 -5.67329980120031482e-02
8.681416e+00  3.76080765394462072e-02  5.89494778017007684e-02 -6.36141464307747179e-02
8.694690e+00  3.70436175733191222e-02  5.68948659125370626e-02 -7.04611113820142604e-02
8.707965e+00  3.64930650533750317e-02  5.43041669093705243e-02 -7.73440977054759005e-02
8.721239e+00  3.53725690576241411e-02  5.10840125927504857e-02 -8.42289848762798610e-02
8.734513e+00  3.32245145443611292e-02  4.72210562401851330e-02 -9.10271385279238926e-02
8.747788e+00  2.98556510723472050e-02  4.27858462751935648e-02 -9.76460599538364338e-02
8.761062e+00  2.53870274411979839e-02  3.79298153727010007e-02 -1.04017277355418963e-01
8.774336e+00  2.02114632603961689e-02  3.28678278310808661e-02 -1.10090313589953540e-01
8.787611e+00  1.48829401959356990e-02  2.78402707827463819e-02 -1.15798406555717728e-01
8.800885e+00  9.97363834321412894e-03  2.30603786651798308e-02 -1.21015931970796062e-01
8.814159e+00  5.93448341590791656e-03  1.86649224639718961e-02 -1.25533906808906498e-01
8.827434e+00  2.99290274732260698e-03  1.46887787841970818e-02 -1.29075130581707914e-01
8.840708e+00  1.11558034971826142e-03  1.10725428051502966e-02 -1.31354234433938150e-01
8.853982e+00  4.71184916555807820e-05  7.69687768490197582e-03 -1.32165811894744356e-01
8.867257e+00 -5.91345199436389669e-04  4.42940948071835969e-03 -1.31466166574498888e-01
8.880531e+00 -1.18348227837152854e-03  1.16991043193137145e-03 -1.29411170704965134e-01
8.893805e+00 -2.02371194349226704e-03 -2.11783639432015650e-03 -1.26327920282199552e-01
8.907080e+00 -3.27269154608645762e-03 -5.39583625602409276e-03 -1.22624927076832591e-01
8.920354e+00 -4.95849938631312461e-03 -8.56753389032795590e-03 -1.18672097054409023e-01
8.933628e+00 -7.00383397725556651e-03 -1.15157529185458893e-02 -1.14695477594854725e-01
8.946903e+00 -9.26304664905054989e-03 -1.41484398210101302e-02 -1.10726081453399169e-01
8.960177e+00 -1.15637852500290322e-02 -1.64324478348175096e-02 -1.06620456731214966e-01
8.973451e+00 -1.37513888728207131e-02 -1.84020514806099086e-02 -1.02143193334114299e-01
8.986726e+00 -1.57261270955825032e-02 -2.01420566112093073e-02 -9.70783355909942691e-02
9.000000e+00 -1.74565163810313263e-02 -2.17567764566511425e-02 -9.13267474878010632e-02
