# Author: SW4
# Scenario: test
# Date: UTC  09/20/2017:18:19:07.000
# Bandwith (Hz): 1.234000e+00
# Station: v1
# Target location (WGS84 longitude, latitude) (deg): 1.181803e+02 3.713475e+01
# Actual location (WGS84 longitude, latitude) (deg): 1.181803e+02 3.713475e+01
# Distance from target to actual location (m): 0.000000e+00
# nColumns: 4
# Column 1: Time (s)
# Column 2: East-west displacement (m)
# Column 3: North-sourth displacement (m)
# Column 4: Up-down displacement (m)
0.000000e+00  0.00000000000000000e+00  0.00000000000000000e+00 -0.00000000000000000e+00
1.162791e-01  0.00000000000000000e+00  0.00000000000000000e+00 -0.00000000000000000e+00
2.325581e-01  0.00000000000000000e+00  0.00000000000000000e+00 -0.00000000000000000e+00
3.488372e-01  4.73141533856430447e-18 -8.98782136102305485e-21  6.20501848383851070e-08
4.651163e-01 -2.92954814754073019e-07  5.56498500649526959e-10  2.40611730698674301e-06
5.813953e-01 -9.51989440355889545e-06  1.80840412756817039e-08 -2.93980322048543927e-05
6.976744e-01 -1.99533155055203847e-05  3.79034226528427636e-08 -3.18562591654055112e-04
8.139535e-01  5.49939516690143410e-04 -1.04466798657293991e-06 -9.94150463870017769e-04
9.302326e-01  4.51765103709608675e-03 -8.58175357422352446e-06 -4.96792121193022655e-04
1.046512e+00  1.74024547197103030e-02 -3.30577941423154171e-05  6.46011042049851516e-03
1.162791e+00  4.12035363975338798e-02 -7.82704535712611783e-05  2.87772176402167380e-02
1.279070e+00  6.11920828051485746e-02 -1.16240801030265147e-04  7.44717885428253651e-02
1.395349e+00  3.72236345255499770e-02 -7.07102111279174007e-05  1.39749517046099420e-01
1.511628e+00 -8.60503005132641219e-02  1.63461601599794150e-04  1.92947700139585843e-01
1.627907e+00 -3.48070427734955723e-01  6.61196407772155631e-04  1.65902910044741669e-01
1.744186e+00 -7.35759057110878523e-01  1.39765175890769490e-03 -2.82571785030921799e-02
1.860465e+00 -1.16701329086853711e+00  2.21686456033023428e-03 -4.47257831417762597e-01
1.976744e+00 -1.51258805147156483e+00  2.87332018574596847e-03 -1.06702294779996310e+00
2.093023e+00 -1.64924858338660441e+00  3.13292124802071062e-03 -1.76371151882860033e+00
2.209302e+00 -1.51521584221788763e+00  2.87831195081230491e-03 -2.35153565036152035e+00
2.325581e+00 -1.13968724365438301e+00  2.16495585790431192e-03 -2.65942280424728139e+00
2.441860e+00 -6.32608066050170392e-01  1.20170559596806110e-03 -2.60470508192372208e+00
2.558140e+00 -1.37555978308605220e-01  2.61302056934284801e-04 -2.22589034995439627e+00
2.674419e+00  2.29523362797510011e-01 -4.36003782248919306e-04 -1.65904516658253742e+00
2.790698e+00  4.21637646952705114e-01 -8.00945082754601304e-04 -1.07217727748579339e+00
2.906977e+00  4.61481657029693515e-01 -8.76632973006583960e-04 -5.95670107744663890e-01
3.023256e+00  4.09389351251579936e-01 -7.77678156082354903e-04 -2.84065799638481054e-01
3.139535e+00  3.24982961109399837e-01 -6.17339335234268899e-04 -1.19608127786034579e-01
3.255814e+00  2.45275120501826649e-01 -4.65925903694779499e-04 -4.63950558349223094e-02
3.372093e+00  1.83387912224763583e-01 -3.48364638676352948e-04 -1.22357511728866854e-02
3.488372e+00  1.38249539779777886e-01 -2.62619549937813184e-04  7.84780822041742342e-03
3.604651e+00  1.05115738521674051e-01 -1.99678407509008371e-04  1.68220955786843734e-02
3.720930e+00  8.09854742561261637e-02 -1.53840431111410626e-04  1.43952382792562790e-02
3.837209e+00  6.41609201941173296e-02 -1.21880420084473668e-04  7.00823809085561553e-03
3.953488e+00  5.27036041637051478e-02 -1.00116042539267114e-04  2.82530529554688445e-03
4.069767e+00  4.47571861861363468e-02 -8.50209853249977499e-05  3.45114402635617436e-03
4.186047e+00  3.87263146791337054e-02 -7.35647102184258748e-05  4.51689148319673727e-03
4.302326e+00  3.33288066791250226e-02 -6.33115757490927607e-05  2.73510611857673280e-03
4.418605e+00  2.86651935059410827e-02 -5.44525517371614919e-05 -5.01910213842054792e-04
4.534884e+00  2.56125035850247804e-02 -4.86536459721185726e-05 -1.68396018089197260e-03
4.651163e+00  2.35870637640396875e-02 -4.48061098788149609e-05  1.97260795543028255e-04
4.767442e+00  2.11138149126547173e-02 -4.01079134057194964e-05  2.02599401402651967e-03
4.883721e+00  1.82597589443117513e-02 -3.46863337375473833e-05  8.14592723386996513e-04
5.000000e+00  1.62656058962468847e-02 -3.08982301622716485e-05 -1.57938430946659566e-03
5.116279e+00  1.53403373086836887e-02 -2.91405851071902635e-05 -1.41098097585127440e-03
5.232558e+00  1.43814963910798860e-02 -2.73191658767852254e-05  8.49717168084161440e-04
5.348837e+00  1.26781814040478370e-02 -2.40835398054309113e-05  1.58726427318878574e-03
5.465116e+00  1.09830564673089829e-02 -2.08634715968138971e-05 -1.37128252349923759e-04
5.581395e+00  1.02834230373359120e-02 -1.95344442677082130e-05 -1.52879343709672174e-03
5.697674e+00  1.00990550269122355e-02 -1.91842178294015074e-05 -5.35619826349382024e-04
5.813953e+00  9.29756045987628101e-03 -1.76616945520087265e-05  1.17773868872939557e-03
5.930233e+00  7.99816503544347954e-03 -1.51933561967241581e-05  9.60073070672587555e-04
6.046512e+00  7.19782298059334046e-03 -1.36730222370223594e-05 -6.90578103259861234e-04
6.162791e+00  7.10662032604383528e-03 -1.34997731971156598e-05 -1.14938570412724344e-03
6.279070e+00  6.96945345107708673e-03 -1.32392102824300116e-05  1.32887194590382860e-04
6.395349e+00  6.23981892460892702e-03 -1.18531927142612308e-05  1.10369758726223521e-03
6.511628e+00  5.35325244772543590e-03 -1.01690663913307303e-05  3.73187821643918298e-04
6.627907e+00  5.05971514314379565e-03 -9.61146138920220267e-06 -8.82917611291508288e-04
6.744186e+00  5.20107135277300681e-03 -9.87998238545667380e-06 -7.32684267870263562e-04
6.860465e+00  4.97379541499056582e-03 -9.44824782433877534e-06  5.46850744027127110e-04
6.976744e+00  4.27922093305450717e-03 -8.12883049965588534e-06  8.84682977737954210e-04
7.093023e+00  3.78901854256009484e-03 -7.19763947059424756e-06 -1.68871540301417935e-04
7.209302e+00  3.81186898711175946e-03 -7.24104629533272355e-06 -8.51970387986875880e-04
7.325581e+00  3.90715711102314345e-03 -7.42205611430041918e-06 -2.13398433912696713e-04
7.441860e+00  3.59379865642299370e-03 -6.82679875223399469e-06  6.55948336462763306e-04
7.558140e+00  3.04585739264792970e-03 -5.78592665800253420e-06  5.03083775821988773e-04
7.674419e+00  2.82612842601127120e-03 -5.36852836196866879e-06 -3.92958191104773771e-04
7.790698e+00  2.98826200483088677e-03 -5.67651815726906880e-06 -6.64772945391241309e-04
7.906977e+00  2.99587522015911821e-03 -5.69098026124446947e-06  1.07403683532067889e-04
8.023256e+00  2.61311391542899717e-03 -4.96388488167733638e-06  6.66667911657797883e-04
8.139535e+00  2.23771511252900080e-03 -4.25077534909779278e-06  1.63350763795094026e-04
8.255814e+00  2.23492873843851754e-03 -4.24548233852729107e-06 -5.18156932697242875e-04
8.372093e+00  2.40141304695812166e-03 -4.56173680292019645e-06 -3.70660957063871058e-04
8.488372e+00  2.29431144705186194e-03 -4.35828604259545763e-06  3.01853745632686601e-04
8.604651e+00  1.92195492503369550e-03 -3.65095564322386233e-06  5.10961336925133832e-04
8.720930e+00  1.72611346707144970e-03 -3.27893418379388213e-06 -5.66223449850437475e-05
8.837209e+00  1.84911056228141669e-03 -3.51258010996824399e-06 -5.23725429850720398e-04
8.953488e+00  1.93834176178512294e-03 -3.68208416405050647e-06 -1.33005655997813502e-04
9.069767e+00  1.74665524491594945e-03 -3.31795545248584159e-06  4.39550572900400220e-04
9.186047e+00  1.46331428127232646e-03 -2.77971947380394232e-06  2.91648398053479213e-04
9.302326e+00  1.39988173140717523e-03 -2.65922266982659685e-06 -2.32042578252994355e-04
9.418605e+00  1.54960676369293574e-03 -2.94364112513562106e-06 -3.49825429995774344e-04
9.534884e+00  1.57536594141386072e-03 -2.99257339415130824e-06  4.47506157229904194e-05
9.651163e+00  1.33626565082649589e-03 -2.53837722997500565e-06  4.07338710392113714e-04
9.767442e+00  1.13556709340917740e-03 -2.15712919874357877e-06  1.77096393486466595e-04
9.883721e+00  1.19588455375781145e-03 -2.27170856233150215e-06 -3.11340859232795168e-04
1.000000e+01  1.31891080957121667e-03 -2.50540988259029454e-06 -2.06786108833383828e-04
1.011628e+01  1.25558348713520067e-03 -2.38511296907153339e-06  3.02129421341672103e-04
1.023256e+01  1.04211877942007305e-03 -1.97961429218187474e-06  3.32731132023229056e-04
1.034884e+01  9.19722787947075088e-04 -1.74711022581977850e-06 -1.00314423448481712e-04
1.046512e+01  1.01752771411868764e-03 -1.93290097562788858e-06 -3.17807207842166683e-04
1.058140e+01  1.12596319307981842e-03 -2.13888557953322361e-06 -2.27722159884258190e-05
1.069767e+01  1.01193792684854504e-03 -1.92228258679948808e-06  4.84248460038623030e-04
1.081395e+01  8.25429440053986876e-04 -1.56799008798475309e-06  5.47108948267969282e-04
1.093023e+01  8.08412896041607555e-04 -1.53566537176801857e-06 -1.74001745482341456e-06
1.104651e+01  8.92543649465502302e-04 -1.69548059204296428e-06 -4.44369128625086290e-04
1.116279e+01  8.83822246772370695e-04 -1.67891336966030393e-06 -3.48723400068364181e-04
1.127907e+01  7.51252722820615641e-04 -1.42708360742172161e-06 -9.34547760914257203e-05
1.139535e+01  6.50836873164298475e-04 -1.23633313361437877e-06  1.10877991167621017e-04
1.151163e+01  7.38394584842585783e-04 -1.40265822117002693e-06  4.41952120576492272e-04
1.162791e+01  8.90333284150195982e-04 -1.69128177021554506e-06  8.88152533070517107e-04
1.174419e+01  8.39601343608230451e-04 -1.59491111043627325e-06  1.11858030041134108e-03
1.186047e+01  6.25099836422530683e-04 -1.18744292352112750e-06  6.46134286560213415e-04
1.197674e+01  5.05202994355892932e-04 -9.59686254230928925e-07 -5.50248787728128529e-04
1.209302e+01  5.38815085484260076e-04 -1.02353595894731383e-06 -1.57639570672420733e-03
1.220930e+01  5.92197136193646457e-04 -1.12494078191768189e-06 -1.58544262775261687e-03
1.232558e+01  5.70461952638565552e-04 -1.08365251327517824e-06 -7.09487953138567603e-04
1.244186e+01  5.20150374838407314e-04 -9.88080376860236581e-07  4.38501705768303874e-04
1.255814e+01  5.75657111181600745e-04 -1.09352126378578076e-06  1.41249590743495893e-03
1.267442e+01  7.17134933457557583e-04 -1.36227327590050699e-06  2.02838262958480054e-03
1.279070e+01  7.35084488458677041e-04 -1.39637034494377330e-06  2.21856001502944346e-03
1.290698e+01  5.78615197566406799e-04 -1.09914046022708404e-06  1.75307448985880551e-03
1.302326e+01  4.34490487521851010e-04 -8.25360405818703944e-07  5.35633723115105107e-04
1.313953e+01  4.13755920054681393e-04 -7.85972913162365491e-07 -8.61485120671134051e-04
1.325581e+01  4.39768036691940551e-04 -8.35385666231919811e-07 -1.71687832267620522e-03
1.337209e+01  3.99437261583951593e-04 -7.58773114312858638e-07 -1.89593886186311495e-03
1.348837e+01  2.96873802420415393e-04 -5.63943030150067701e-07 -1.64067620234290652e-03
1.360465e+01  2.73044468027697012e-04 -5.18676701767671023e-07 -1.15058688156837786e-03
1.372093e+01  3.89979916647948993e-04 -7.40807892351877290e-07 -4.34357028371419108e-04
1.383721e+01  4.98866575052144185e-04 -9.47649559110743027e-07  5.63047049933951944e-04
1.395349e+01  4.78853935173954067e-04 -9.09633443622298929e-07  1.55541845473889219e-03
1.406977e+01  4.13389397143705301e-04 -7.85276664179299481e-07  2.07962403520054817e-03
1.418605e+01  4.25840520905775466e-04 -8.08928884113548426e-07  2.10816215562160004e-03
1.430233e+01  5.04829394816286260e-04 -9.58976562769366959e-07  1.92368024281258892e-03
1.441860e+01  5.26981676277421584e-04 -1.00105715270942528e-06  1.66587298377870291e-03
1.453488e+01  4.27553627535142723e-04 -8.12183110530673516e-07  1.29350675360361033e-03
1.465116e+01  3.15153955914397263e-04 -5.98668105450494693e-07  6.88362617948246915e-04
1.476744e+01  3.05252458274464218e-04 -5.79859168717574184e-07 -5.40178555490179643e-05
1.488372e+01  3.33841936039972885e-04 -6.34167890536180104e-07 -5.55160482973351055e-04
1.500000e+01  2.87462340177416556e-04 -5.46064967080459050e-07 -7.31719890826279746e-04
