# Author: SW4
# Scenario: test
# Date: UTC  09/20/2017:18:19:07.000
# Bandwith (Hz): 1.234000e+00
# Station: v10
# Target location (WGS84 longitude, latitude) (deg): 1.182817e+02 3.713475e+01
# Actual location (WGS84 longitude, latitude) (deg): 1.182817e+02 3.713475e+01
# Distance from target to actual location (m): 0.000000e+00
# nColumns: 4
# Column 1: Time (s)
# Column 2: East-west displacement (m)
# Column 3: North-sourth displacement (m)
# Column 4: Up-down displacement (m)
0.000000e+00  0.00000000000000000e+00  0.00000000000000000e+00 -0.00000000000000000e+00
1.162791e-01  0.00000000000000000e+00  0.00000000000000000e+00 -0.00000000000000000e+00
2.325581e-01  0.00000000000000000e+00  0.00000000000000000e+00 -0.00000000000000000e+00
3.488372e-01  0.00000000000000000e+00  0.00000000000000000e+00 -0.00000000000000000e+00
4.651163e-01  0.00000000000000000e+00  0.00000000000000000e+00 -0.00000000000000000e+00
5.813953e-01  0.00000000000000000e+00  0.00000000000000000e+00 -0.00000000000000000e+00
6.976744e-01  0.00000000000000000e+00  0.00000000000000000e+00 -0.00000000000000000e+00
8.139535e-01  0.00000000000000000e+00  0.00000000000000000e+00 -0.00000000000000000e+00
9.302326e-01  0.00000000000000000e+00  0.00000000000000000e+00 -0.00000000000000000e+00
1.046512e+00  0.00000000000000000e+00  0.00000000000000000e+00 -0.00000000000000000e+00
1.162791e+00  0.00000000000000000e+00  0.00000000000000000e+00 -0.00000000000000000e+00
1.279070e+00  0.00000000000000000e+00  0.00000000000000000e+00 -0.00000000000000000e+00
1.395349e+00  0.00000000000000000e+00  0.00000000000000000e+00 -0.00000000000000000e+00
1.511628e+00  0.00000000000000000e+00  0.00000000000000000e+00 -0.00000000000000000e+00
1.627907e+00 -3.66967388711452235e-52  1.08921293717028958e-54  1.86593926356516503e-43
1.744186e+00 -3.67873706667228543e-40  1.09189531686506895e-42 -8.63439416567001761e-38
1.860465e+00  4.30042648116396261e-36 -1.27642053514657777e-38 -3.09452849728130316e-34
1.976744e+00  6.30435250018775542e-33 -1.87121091996100653e-35 -2.97387799220175618e-32
2.093023e+00  2.01229779107807562e-31 -5.97275231796859002e-34  6.21626912135013958e-31
2.209302e+00  4.97576163672960482e-30 -1.47686848244824286e-32 -2.28256978435173403e-29
2.325581e+00  3.41602690956507839e-29 -1.01391964612823729e-31  1.03455182399677166e-27
2.441860e+00 -1.07634258661652907e-27  3.19471984099337465e-30 -1.09110897643710033e-26
2.558140e+00  1.83240885370113756e-26 -5.43881938196918753e-29  5.03176358491920481e-26
2.674419e+00  2.30760156897800285e-26 -6.84925098121230186e-29 -9.58310959005348149e-26
2.790698e+00 -1.48548874322352199e-24  4.40911696754845010e-27 -4.80140865517035682e-25
2.906977e+00  1.02834040898985877e-23 -3.05224335517684823e-26  6.11101122912492535e-24
3.023256e+00 -2.71166194495003663e-23  8.04855287277386181e-26 -1.93329474065303082e-23
3.139535e+00 -4.87268904206555646e-22  1.44627524314589060e-24 -2.42173756688512953e-22
3.255814e+00  7.46180712776099268e-21 -2.21475797549277706e-23  2.80099728066786185e-21
3.372093e+00 -3.51510204721284674e-21  1.04332639003286626e-23  6.46500418608374148e-21
3.488372e+00 -5.73266937647265584e-19  1.70152819618875881e-21 -2.37071428366127550e-19
3.604651e+00  1.64328946686413772e-18 -4.87748931386947295e-21  1.58449280727371996e-19
3.720930e+00  3.13205110533971117e-17 -9.29632064516281089e-20  1.35469804507031390e-17
3.837209e+00 -9.56137248552798524e-17  2.83793531599051463e-19 -1.56088758386681546e-17
3.953488e+00 -1.43064798532527166e-15  4.24634271748175740e-18 -6.04491583114878025e-16
4.069767e+00  2.42932210046487752e-15 -7.21053279041382881e-18  1.35333528548093297e-16
4.186047e+00  5.38851505916038192e-14 -1.59937887685934813e-16  2.13025617465508691e-14
4.302326e+00  2.38094138352267508e-14 -7.06693275241519581e-17  3.27407684299343384e-14
4.418605e+00 -1.47998525254943277e-12  4.39278191673050288e-15 -5.31124277462606961e-13
4.534884e+00 -4.35315444903924510e-12  1.29207085756654195e-14 -2.11497120716937885e-12
4.651163e+00  2.24821342159029936e-11 -6.67297950861319632e-14  6.60553195306360672e-12
4.767442e+00  1.60540539206447637e-10 -4.76504462671785370e-13  6.36893231253264888e-11
4.883721e+00  7.66236872533835341e-11 -2.27428717401055212e-13  7.07945753989363298e-11
5.000000e+00 -2.60777545149475431e-09  7.74020472601753230e-12 -8.87734469736085805e-10
5.116279e+00 -1.04349469455533178e-08  3.09722317607596889e-11 -4.17761781834935499e-09
5.232558e+00  1.24928090331485571e-09 -3.70802246275165879e-12 -1.67989632025778247e-09
5.348837e+00  1.49498672766290731e-07 -4.43730817703547331e-10  5.07410769410587613e-08
5.465116e+00  5.60184985649049698e-07 -1.66269932132369218e-09  2.11669687604165935e-07
5.581395e+00  4.42591010165307167e-07 -1.31366564809506274e-09  2.26985267692364340e-07
5.697674e+00 -4.32268139724506896e-06  1.28302607346214842e-08 -1.36460362448546597e-06
5.813953e+00 -2.20730518085351268e-05  6.55155871753175029e-08 -7.65826252659639063e-06
5.930233e+00 -5.11715958389755797e-05  1.51883716722494395e-07 -1.85733095871175553e-05
6.046512e+00 -2.52464947710374831e-05  7.49347640457862930e-08 -1.20983148300772897e-05
6.162791e+00  2.97117981340572126e-04 -8.81883446689723536e-07  9.24892848569217030e-05
6.279070e+00  1.45201523924865438e-03 -4.30976340798056149e-06  4.71006583670906958e-04
6.395349e+00  4.25917835199534668e-03 -1.26417757288766502e-05  1.38068150046316649e-03
6.511628e+00  9.51750186088637200e-03 -2.82491396417164099e-05  3.04568287022145227e-03
6.627907e+00  1.74116282375262714e-02 -5.16798971684909856e-05  5.45798408251694893e-03
6.744186e+00  2.69470838993476625e-02 -7.99823259439641011e-05  8.21607940679952575e-03
6.860465e+00  3.59057144412278720e-02 -1.06572665391772221e-04  1.05622213273132079e-02
6.976744e+00  4.15672327017262699e-02 -1.23376761914432688e-04  1.16660282240951506e-02
7.093023e+00  4.18827411843367275e-02 -1.24313230676266338e-04  1.10090653519409800e-02
7.209302e+00  3.64090637038081144e-02 -1.08066669156105436e-04  8.63501739520285659e-03
7.325581e+00  2.64794131668937734e-02 -7.85942205334752434e-05  5.13080947021579865e-03
7.441860e+00  1.45977133038172682e-02 -4.33278445958572623e-05  1.38002604305165655e-03
7.558140e+00  3.42796498784153636e-03 -1.01746301754282258e-05 -1.77542261958580088e-03
7.674419e+00 -5.16299496661328742e-03  1.53244168389128310e-05 -3.82563077665396553e-03
7.790698e+00 -1.06139542454433515e-02  3.15035478860814603e-05 -4.71484479199333218e-03
7.906977e+00 -1.35107828246999670e-02  4.01016985615022442e-05 -4.73667968355310533e-03
8.023256e+00 -1.49115709495792441e-02  4.42594134668017756e-05 -4.28183144819556123e-03
8.139535e+00 -1.56569525711981669e-02  4.64717996394816403e-05 -3.62510527731569080e-03
8.255814e+00 -1.61086928093682816e-02  4.78126213442049648e-05 -2.87742108177597425e-03
8.372093e+00 -1.63208536428633040e-02  4.84423413168986078e-05 -2.06277968945240862e-03
8.488372e+00 -1.63152764158678125e-02  4.84257874074236786e-05 -1.19979959141753158e-03
8.604651e+00 -1.61931152266442252e-02  4.80631976707842384e-05 -3.20654635225123340e-04
8.720930e+00 -1.60695539885205886e-02  4.76964524133631187e-05  5.57602018914965221e-04
8.837209e+00 -1.59827003253584232e-02  4.74386598439507213e-05  1.45547778842748015e-03
8.953488e+00 -1.59064738635134074e-02  4.72124101413920754e-05  2.40613593791323254e-03
9.069767e+00 -1.58383632301570647e-02  4.70102492360648095e-05  3.40186807489047420e-03
9.186047e+00 -1.58154908617515640e-02  4.69423611769477099e-05  4.37603644644154761e-03
9.302326e+00 -1.58185975629095803e-02  4.69515822557592914e-05  5.24534165830347742e-03
9.418605e+00 -1.57127280545815567e-02  4.66373482720661419e-05  5.98069482212183409e-03
9.534884e+00 -1.53349157543028591e-02  4.55159539624104634e-05  6.69631965399562247e-03
9.651163e+00 -1.46471718892048075e-02  4.34746438826351411e-05  7.75182062668544874e-03
9.767442e+00 -1.38547070100305189e-02  4.11225086942102261e-05  9.74603035699569444e-03
9.883721e+00 -1.34804344941103372e-02  4.00116209086511006e-05  1.32113332410190056e-02
1.000000e+01 -1.42957591839347701e-02  4.24316068832027908e-05  1.79992061330706797e-02
1.011628e+01 -1.68866134956560596e-02  5.01215875433579230e-05  2.26797312691136253e-02
1.023256e+01 -2.08567014783725031e-02  6.19053067853343980e-05  2.45157803997561978e-02
1.034884e+01 -2.41231849690726786e-02  7.16006396168701484e-05  2.05665662755824055e-02
1.046512e+01 -2.29895587652527815e-02  6.82358948129023496e-05  1.00470832005059105e-02
1.058140e+01 -1.34990841325326062e-02  4.00669753753749556e-05 -2.88313577899951485e-03
1.069767e+01  5.96092034828765976e-03 -1.76927594838710225e-05 -7.76837731647475865e-03
1.081395e+01  3.16812235075093623e-02 -9.40338462724190841e-05  9.98545076287346220e-03
1.093023e+01  5.30483703719495311e-02 -1.57454219006916268e-04  6.26611979120877405e-02
1.104651e+01  5.42856988413902911e-02 -1.61126765146320396e-04  1.51292276466304720e-01
1.116279e+01  2.01627053707860437e-02 -5.98454392654011261e-05  2.58703021347401085e-01
1.127907e+01 -5.60540995588407476e-02  1.66375600349055589e-04  3.49809757334202609e-01
1.139535e+01 -1.66154771169564924e-01  4.93168207530989239e-04  3.81954360259573356e-01
1.151163e+01 -2.86049048294458375e-01  8.49029464639125845e-04  3.22707973906581624e-01
1.162791e+01 -3.82336597664360733e-01  1.13482299193940319e-03  1.67226426196253775e-01
1.174419e+01 -4.24629921488768936e-01  1.26035488340533932e-03 -5.45142723293135442e-02
1.186047e+01 -3.98167429825292851e-01  1.18181088801702747e-03 -2.86321133915501458e-01
1.197674e+01 -3.10233494151743117e-01  9.20811934258412173e-04 -4.67625579284508208e-01
1.209302e+01 -1.86852315599427637e-01  5.54601116227684864e-04 -5.58041865395947356e-01
1.220930e+01 -6.14252094839895929e-02  1.82317728496103620e-04 -5.51924868596397999e-01
1.232558e+01  3.87951780755600231e-02 -1.15148955986660523e-04 -4.75668363308490327e-01
1.244186e+01  1.01583896216311476e-01 -3.01513749249379931e-04 -3.70452694284625961e-01
1.255814e+01  1.30119107074254642e-01 -3.86209835261656052e-04 -2.71322216478603662e-01
1.267442e+01  1.36204788438426150e-01 -4.04272901093949248e-04 -1.94516304952628921e-01
1.279070e+01  1.31634344504772210e-01 -3.90707250065611730e-04 -1.38364655233051470e-01
1.290698e+01  1.22948412424220443e-01 -3.64926313865319432e-04 -9.37448760339819054e-02
1.302326e+01  1.11468340087735693e-01 -3.30852018817139276e-04 -5.48280234111091155e-02
1.313953e+01  9.67145392787885083e-02 -2.87060886922405208e-04 -2.28262056364047158e-02
1.325581e+01  7.96221606066057491e-02 -2.36328562518597028e-04 -2.19001112570159188e-03
1.337209e+01  6.30829142424505773e-02 -1.87238004204187642e-04  5.52881036623298350e-03
1.348837e+01  5.00774434491122744e-02 -1.48636135150930138e-04  4.29801476856731327e-03
1.360465e+01  4.16284639126465045e-02 -1.23558503830802015e-04  9.64399837904984986e-04
1.372093e+01  3.64819983085102745e-02 -1.08283148213825320e-04  3.90474389245879644e-04
1.383721e+01  3.25318767196862285e-02 -9.65586917339101078e-05  2.82551407552750515e-03
1.395349e+01  2.85006349440543282e-02 -8.45934603615059908e-05  5.33712119455175861e-03
1.406977e+01  2.44974126146417573e-02 -7.27113942215057023e-05  5.34944885978133264e-03
1.418605e+01  2.13189122102640898e-02 -6.32772062292263747e-05  2.92126034965181506e-03
1.430233e+01  1.93845104660802722e-02 -5.75356591514629689e-05  1.65948146710243933e-04
1.441860e+01  1.82732043377504400e-02 -5.42371631320083791e-05 -1.01674095180100989e-03
1.453488e+01  1.71682486873299227e-02 -5.09575161279008892e-05 -5.35742239206964208e-04
1.465116e+01  1.56572947380745758e-02 -4.64728152336091874e-05  2.60015707797850437e-04
1.476744e+01  1.40273680167667582e-02 -4.16349882250980884e-05  1.87041332742574691e-04
1.488372e+01  1.28375481864950736e-02 -3.81034536876834003e-05 -6.69338499799745326e-04
1.500000e+01  1.23397468501757531e-02 -3.66259168644103515e-05 -1.28841034429074720e-03
