0.000000000000000000e+00  0.000000000000000000e+00  0.000000000000000000e+00  0.000000000000000000e+00
5.813953488372092943e-02  2.241449763893885024e-07  2.631157463487124442e-05  2.624153199345751440e-03
1.162790697674418589e-01  2.402582886610752226e-05  1.372092176828833580e-03  6.588743194325460961e-02
1.744186046511627952e-01  3.421781837422332366e-04  1.264722623954940214e-02  3.882269313149973589e-01
2.325581395348837177e-01  2.126411302771733826e-03  5.707660606661469488e-02  1.253589814903003807e+00
2.906976744186046679e-01  8.367851718259473534e-03  1.734749868797315075e-01  2.889772666412556479e+00
3.488372093023255904e-01  2.461084108045199018e-02  4.090809086695146868e-01  5.342291308536118777e+00
4.069767441860465129e-01  5.908922215736505529e-02  8.067957861800564290e-01  8.412444222341864730e+00
4.651162790697674354e-01  1.220584509776901500e-01  1.391007740029277295e+00  1.166997368996869433e+01
5.232558139534884134e-01  2.243626139899685679e-01  2.156050787408021918e+00  1.452769706657788440e+01
5.813953488372093359e-01  3.754817043104874963e-01  3.060233656546520464e+00  1.635397426152604439e+01
6.395348837209302584e-01  5.814315555606734964e-01  4.026844196736958814e+00  1.659572751096352761e+01
6.976744186046511809e-01  8.429252457102663909e-01  4.952000966520246017e+00  1.488726405291235544e+01
7.558139534883721034e-01  1.154158511919766816e+00  5.717947194107447118e+00  1.112616125156702473e+01
8.139534883720930258e-01  1.502472570024623311e+00  6.209512077387984164e+00  5.505173043031659219e+00
8.720930232558139483e-01  1.869001342303254320e+00  6.331056290038130641e+00  -1.502887203561023677e+00
9.302325581395348708e-01  2.230253201352848436e+00  6.021258022812736144e+00  -9.203077746724117603e+00
9.883720930232557933e-01  2.560434256113289564e+00  5.263517428097516770e+00  -1.676907006010575429e+01
1.046511627906976827e+00  2.834210400192498813e+00  4.090462073196217574e+00  -2.335280005416396421e+01
1.104651162790697638e+00  3.029541934771592615e+00  2.581907139477452429e+00  -2.819731396708743532e+01
1.162790697674418672e+00  3.130213708108918080e+00  8.565402964916193351e-01  -3.073733787610025558e+01
1.220930232558139483e+00  3.127724614069919085e+00  -9.415521033922442662e-01  -3.067419919916274296e+01
1.279069767441860517e+00  3.022285964105233980e+00  -2.659722101988269749e+00  -2.801533952367864444e+01
1.337209302325581328e+00  2.822796612088371848e+00  -4.154729498571860802e+00  -2.307333076772788871e+01
1.395348837209302362e+00  2.545798121846700734e+00  -5.309466981836461485e+00  -1.642452089397918513e+01
1.453488372093023173e+00  2.213548254761978473e+00  -6.046224462798208243e+00  -8.832636268173745364e+00
1.511627906976744207e+00  1.851468196029878444e+00  -6.334724500987677587e+00  -1.147301241415416451e+00
1.569767441860465018e+00  1.485302717217289681e+00  -6.193849389446524079e+00  5.809015976766753298e+00
1.627906976744186052e+00  1.138371021045772924e+00  -5.686832880136012847e+00  1.135010420930069941e+01
1.686046511627906863e+00  8.292726067337528040e-01  -4.910606267696971727e+00  1.501548077742105214e+01
1.744186046511627897e+00  5.703466816642812631e-01  -3.980854520137939279e+00  1.662647160493436971e+01
1.802325581395348708e+00  3.670719032182712671e-01  -3.015031958509968302e+00  1.629913189148288311e+01
1.860465116279069742e+00  2.184490080864897321e-01  -2.115992373276074812e+00  1.441011456381543887e+01
1.918604651162790775e+00  1.182519091736070060e-01  -1.358907767869389271e+00  1.151890229916370956e+01
1.976744186046511587e+00  5.688761071564914923e-02  -7.837196638866313902e-01  8.257827221621752756e+00
2.034883720930232620e+00  2.349858359622097534e-02  -3.944754225464806585e-01  5.208955756489341837e+00
2.093023255813953654e+00  7.898528043245740468e-03  -1.656091800793871027e-01  2.792803305773880584e+00
2.151162790697674243e+00  1.973122273234014738e-03  -5.368588787299845289e-02  1.196160879563743729e+00
2.209302325581395277e+00  3.086187349784214181e-04  -1.160783702413913272e-02  3.628322849611302914e-01
2.267441860465116310e+00  2.047078656333755980e-05  -1.199201464872861342e-03  5.910126275795379858e-02
2.325581395348837344e+00  1.606294576113100758e-07  -1.982328136381184027e-05  2.079442875277171844e-03
2.383720930232557933e+00  0.000000000000000000e+00  0.000000000000000000e+00  0.000000000000000000e+00
2.441860465116278966e+00  0.000000000000000000e+00  0.000000000000000000e+00  0.000000000000000000e+00
2.500000000000000000e+00  0.000000000000000000e+00  0.000000000000000000e+00  0.000000000000000000e+00
2.558139534883721034e+00  0.000000000000000000e+00  0.000000000000000000e+00  0.000000000000000000e+00
2.616279069767441623e+00  0.000000000000000000e+00  0.000000000000000000e+00  0.000000000000000000e+00
2.674418604651162656e+00  0.000000000000000000e+00  0.000000000000000000e+00  0.000000000000000000e+00
2.732558139534883690e+00  0.000000000000000000e+00  0.000000000000000000e+00  0.000000000000000000e+00
2.790697674418604723e+00  0.000000000000000000e+00  0.000000000000000000e+00  0.000000000000000000e+00
2.848837209302325757e+00  0.000000000000000000e+00  0.000000000000000000e+00  0.000000000000000000e+00
2.906976744186046346e+00  0.000000000000000000e+00  0.000000000000000000e+00  0.000000000000000000e+00
2.965116279069767380e+00  0.000000000000000000e+00  0.000000000000000000e+00  0.000000000000000000e+00
3.023255813953488413e+00  0.000000000000000000e+00  0.000000000000000000e+00  0.000000000000000000e+00
3.081395348837209447e+00  0.000000000000000000e+00  0.000000000000000000e+00  0.000000000000000000e+00
3.139534883720930036e+00  0.000000000000000000e+00  0.000000000000000000e+00  0.000000000000000000e+00
3.197674418604651070e+00  0.000000000000000000e+00  0.000000000000000000e+00  0.000000000000000000e+00
3.255813953488372103e+00  0.000000000000000000e+00  0.000000000000000000e+00  0.000000000000000000e+00
3.313953488372093137e+00  0.000000000000000000e+00  0.000000000000000000e+00  0.000000000000000000e+00
3.372093023255813726e+00  0.000000000000000000e+00  0.000000000000000000e+00  0.000000000000000000e+00
3.430232558139534760e+00  0.000000000000000000e+00  0.000000000000000000e+00  0.000000000000000000e+00
3.488372093023255793e+00  0.000000000000000000e+00  0.000000000000000000e+00  0.000000000000000000e+00
3.546511627906976827e+00  0.000000000000000000e+00  0.000000000000000000e+00  0.000000000000000000e+00
3.604651162790697416e+00  0.000000000000000000e+00  0.000000000000000000e+00  0.000000000000000000e+00
3.662790697674418450e+00  0.000000000000000000e+00  0.000000000000000000e+00  0.000000000000000000e+00
3.720930232558139483e+00  0.000000000000000000e+00  0.000000000000000000e+00  0.000000000000000000e+00
3.779069767441860517e+00  0.000000000000000000e+00  0.000000000000000000e+00  0.000000000000000000e+00
3.837209302325581550e+00  0.000000000000000000e+00  0.000000000000000000e+00  0.000000000000000000e+00
3.895348837209302140e+00  0.000000000000000000e+00  0.000000000000000000e+00  0.000000000000000000e+00
3.953488372093023173e+00  0.000000000000000000e+00  0.000000000000000000e+00  0.000000000000000000e+00
4.011627906976744207e+00  0.000000000000000000e+00  0.000000000000000000e+00  0.000000000000000000e+00
4.069767441860465240e+00  0.000000000000000000e+00  0.000000000000000000e+00  0.000000000000000000e+00
4.127906976744186274e+00  0.000000000000000000e+00  0.000000000000000000e+00  0.000000000000000000e+00
4.186046511627907307e+00  0.000000000000000000e+00  0.000000000000000000e+00  0.000000000000000000e+00
4.244186046511627453e+00  0.000000000000000000e+00  0.000000000000000000e+00  0.000000000000000000e+00
4.302325581395348486e+00  0.000000000000000000e+00  0.000000000000000000e+00  0.000000000000000000e+00
4.360465116279069520e+00  0.000000000000000000e+00  0.000000000000000000e+00  0.000000000000000000e+00
4.418604651162790553e+00  0.000000000000000000e+00  0.000000000000000000e+00  0.000000000000000000e+00
4.476744186046511587e+00  0.000000000000000000e+00  0.000000000000000000e+00  0.000000000000000000e+00
4.534883720930232620e+00  0.000000000000000000e+00  0.000000000000000000e+00  0.000000000000000000e+00
4.593023255813953654e+00  0.000000000000000000e+00  0.000000000000000000e+00  0.000000000000000000e+00
4.651162790697674687e+00  0.000000000000000000e+00  0.000000000000000000e+00  0.000000000000000000e+00
4.709302325581395721e+00  0.000000000000000000e+00  0.000000000000000000e+00  0.000000000000000000e+00
4.767441860465115866e+00  0.000000000000000000e+00  0.000000000000000000e+00  0.000000000000000000e+00
4.825581395348836899e+00  0.000000000000000000e+00  0.000000000000000000e+00  0.000000000000000000e+00
4.883720930232557933e+00  0.000000000000000000e+00  0.000000000000000000e+00  0.000000000000000000e+00
4.941860465116278966e+00  0.000000000000000000e+00  0.000000000000000000e+00  0.000000000000000000e+00
5.000000000000000000e+00  0.000000000000000000e+00  0.000000000000000000e+00  0.000000000000000000e+00
5.058139534883721034e+00  0.000000000000000000e+00  0.000000000000000000e+00  0.000000000000000000e+00
5.116279069767442067e+00  0.000000000000000000e+00  0.000000000000000000e+00  0.000000000000000000e+00
5.174418604651163101e+00  0.000000000000000000e+00  0.000000000000000000e+00  0.000000000000000000e+00
5.232558139534883246e+00  0.000000000000000000e+00  0.000000000000000000e+00  0.000000000000000000e+00
5.290697674418604279e+00  0.000000000000000000e+00  0.000000000000000000e+00  0.000000000000000000e+00
5.348837209302325313e+00  0.000000000000000000e+00  0.000000000000000000e+00  0.000000000000000000e+00
5.406976744186046346e+00  0.000000000000000000e+00  0.000000000000000000e+00  0.000000000000000000e+00
5.465116279069767380e+00  0.000000000000000000e+00  0.000000000000000000e+00  0.000000000000000000e+00
5.523255813953488413e+00  0.000000000000000000e+00  0.000000000000000000e+00  0.000000000000000000e+00
5.581395348837209447e+00  0.000000000000000000e+00  0.000000000000000000e+00  0.000000000000000000e+00
5.639534883720930480e+00  0.000000000000000000e+00  0.000000000000000000e+00  0.000000000000000000e+00
5.697674418604651514e+00  0.000000000000000000e+00  0.000000000000000000e+00  0.000000000000000000e+00
5.755813953488371659e+00  0.000000000000000000e+00  0.000000000000000000e+00  0.000000000000000000e+00
5.813953488372092693e+00  0.000000000000000000e+00  0.000000000000000000e+00  0.000000000000000000e+00
5.872093023255813726e+00  0.000000000000000000e+00  0.000000000000000000e+00  0.000000000000000000e+00
5.930232558139534760e+00  0.000000000000000000e+00  0.000000000000000000e+00  0.000000000000000000e+00
5.988372093023255793e+00  0.000000000000000000e+00  0.000000000000000000e+00  0.000000000000000000e+00
6.046511627906976827e+00  0.000000000000000000e+00  0.000000000000000000e+00  0.000000000000000000e+00
6.104651162790697860e+00  0.000000000000000000e+00  0.000000000000000000e+00  0.000000000000000000e+00
6.162790697674418894e+00  0.000000000000000000e+00  0.000000000000000000e+00  0.000000000000000000e+00
6.220930232558139039e+00  0.000000000000000000e+00  0.000000000000000000e+00  0.000000000000000000e+00
6.279069767441860073e+00  0.000000000000000000e+00  0.000000000000000000e+00  0.000000000000000000e+00
6.337209302325581106e+00  0.000000000000000000e+00  0.000000000000000000e+00  0.000000000000000000e+00
6.395348837209302140e+00  0.000000000000000000e+00  0.000000000000000000e+00  0.000000000000000000e+00
6.453488372093023173e+00  0.000000000000000000e+00  0.000000000000000000e+00  0.000000000000000000e+00
6.511627906976744207e+00  0.000000000000000000e+00  0.000000000000000000e+00  0.000000000000000000e+00
6.569767441860465240e+00  0.000000000000000000e+00  0.000000000000000000e+00  0.000000000000000000e+00
6.627906976744186274e+00  0.000000000000000000e+00  0.000000000000000000e+00  0.000000000000000000e+00
6.686046511627907307e+00  0.000000000000000000e+00  0.000000000000000000e+00  0.000000000000000000e+00
6.744186046511627453e+00  0.000000000000000000e+00  0.000000000000000000e+00  0.000000000000000000e+00
6.802325581395348486e+00  0.000000000000000000e+00  0.000000000000000000e+00  0.000000000000000000e+00
6.860465116279069520e+00  0.000000000000000000e+00  0.000000000000000000e+00  0.000000000000000000e+00
6.918604651162790553e+00  0.000000000000000000e+00  0.000000000000000000e+00  0.000000000000000000e+00
6.976744186046511587e+00  0.000000000000000000e+00  0.000000000000000000e+00  0.000000000000000000e+00
7.034883720930232620e+00  0.000000000000000000e+00  0.000000000000000000e+00  0.000000000000000000e+00
7.093023255813953654e+00  0.000000000000000000e+00  0.000000000000000000e+00  0.000000000000000000e+00
7.151162790697674687e+00  0.000000000000000000e+00  0.000000000000000000e+00  0.000000000000000000e+00
7.209302325581394832e+00  0.000000000000000000e+00  0.000000000000000000e+00  0.000000000000000000e+00
7.267441860465115866e+00  0.000000000000000000e+00  0.000000000000000000e+00  0.000000000000000000e+00
7.325581395348836899e+00  0.000000000000000000e+00  0.000000000000000000e+00  0.000000000000000000e+00
7.383720930232557933e+00  0.000000000000000000e+00  0.000000000000000000e+00  0.000000000000000000e+00
7.441860465116278966e+00  0.000000000000000000e+00  0.000000000000000000e+00  0.000000000000000000e+00
7.500000000000000000e+00  0.000000000000000000e+00  0.000000000000000000e+00  0.000000000000000000e+00
7.558139534883721034e+00  0.000000000000000000e+00  0.000000000000000000e+00  0.000000000000000000e+00
7.616279069767442067e+00  0.000000000000000000e+00  0.000000000000000000e+00  0.000000000000000000e+00
7.674418604651163101e+00  0.000000000000000000e+00  0.000000000000000000e+00  0.000000000000000000e+00
7.732558139534883246e+00  0.000000000000000000e+00  0.000000000000000000e+00  0.000000000000000000e+00
7.790697674418604279e+00  0.000000000000000000e+00  0.000000000000000000e+00  0.000000000000000000e+00
7.848837209302325313e+00  0.000000000000000000e+00  0.000000000000000000e+00  0.000000000000000000e+00
7.906976744186046346e+00  0.000000000000000000e+00  0.000000000000000000e+00  0.000000000000000000e+00
7.965116279069767380e+00  0.000000000000000000e+00  0.000000000000000000e+00  0.000000000000000000e+00
8.023255813953488413e+00  0.000000000000000000e+00  0.000000000000000000e+00  0.000000000000000000e+00
8.081395348837208559e+00  0.000000000000000000e+00  0.000000000000000000e+00  0.000000000000000000e+00
8.139534883720930480e+00  0.000000000000000000e+00  0.000000000000000000e+00  0.000000000000000000e+00
8.197674418604650626e+00  0.000000000000000000e+00  0.000000000000000000e+00  0.000000000000000000e+00
8.255813953488372547e+00  0.000000000000000000e+00  0.000000000000000000e+00  0.000000000000000000e+00
8.313953488372092693e+00  0.000000000000000000e+00  0.000000000000000000e+00  0.000000000000000000e+00
8.372093023255814614e+00  0.000000000000000000e+00  0.000000000000000000e+00  0.000000000000000000e+00
8.430232558139534760e+00  0.000000000000000000e+00  0.000000000000000000e+00  0.000000000000000000e+00
8.488372093023254905e+00  0.000000000000000000e+00  0.000000000000000000e+00  0.000000000000000000e+00
8.546511627906976827e+00  0.000000000000000000e+00  0.000000000000000000e+00  0.000000000000000000e+00
8.604651162790696972e+00  0.000000000000000000e+00  0.000000000000000000e+00  0.000000000000000000e+00
8.662790697674418894e+00  0.000000000000000000e+00  0.000000000000000000e+00  0.000000000000000000e+00
8.720930232558139039e+00  0.000000000000000000e+00  0.000000000000000000e+00  0.000000000000000000e+00
8.779069767441860961e+00  0.000000000000000000e+00  0.000000000000000000e+00  0.000000000000000000e+00
8.837209302325581106e+00  0.000000000000000000e+00  0.000000000000000000e+00  0.000000000000000000e+00
8.895348837209303028e+00  0.000000000000000000e+00  0.000000000000000000e+00  0.000000000000000000e+00
8.953488372093023173e+00  0.000000000000000000e+00  0.000000000000000000e+00  0.000000000000000000e+00
9.011627906976743319e+00  0.000000000000000000e+00  0.000000000000000000e+00  0.000000000000000000e+00
9.069767441860465240e+00  0.000000000000000000e+00  0.000000000000000000e+00  0.000000000000000000e+00
9.127906976744185386e+00  0.000000000000000000e+00  0.000000000000000000e+00  0.000000000000000000e+00
9.186046511627907307e+00  0.000000000000000000e+00  0.000000000000000000e+00  0.000000000000000000e+00
9.244186046511627453e+00  0.000000000000000000e+00  0.000000000000000000e+00  0.000000000000000000e+00
9.302325581395349374e+00  0.000000000000000000e+00  0.000000000000000000e+00  0.000000000000000000e+00
9.360465116279069520e+00  0.000000000000000000e+00  0.000000000000000000e+00  0.000000000000000000e+00
9.418604651162791441e+00  0.000000000000000000e+00  0.000000000000000000e+00  0.000000000000000000e+00
9.476744186046511587e+00  0.000000000000000000e+00  0.000000000000000000e+00  0.000000000000000000e+00
9.534883720930231732e+00  0.000000000000000000e+00  0.000000000000000000e+00  0.000000000000000000e+00
9.593023255813953654e+00  0.000000000000000000e+00  0.000000000000000000e+00  0.000000000000000000e+00
9.651162790697673799e+00  0.000000000000000000e+00  0.000000000000000000e+00  0.000000000000000000e+00
9.709302325581395721e+00  0.000000000000000000e+00  0.000000000000000000e+00  0.000000000000000000e+00
9.767441860465115866e+00  0.000000000000000000e+00  0.000000000000000000e+00  0.000000000000000000e+00
9.825581395348837788e+00  0.000000000000000000e+00  0.000000000000000000e+00  0.000000000000000000e+00
9.883720930232557933e+00  0.000000000000000000e+00  0.000000000000000000e+00  0.000000000000000000e+00
9.941860465116278078e+00  0.000000000000000000e+00  0.000000000000000000e+00  0.000000000000000000e+00
1.000000000000000000e+01  0.000000000000000000e+00  0.000000000000000000e+00  0.000000000000000000e+00
1.005813953488372015e+01  0.000000000000000000e+00  0.000000000000000000e+00  0.000000000000000000e+00
1.011627906976744207e+01  0.000000000000000000e+00  0.000000000000000000e+00  0.000000000000000000e+00
1.017441860465116221e+01  0.000000000000000000e+00  0.000000000000000000e+00  0.000000000000000000e+00
1.023255813953488413e+01  0.000000000000000000e+00  0.000000000000000000e+00  0.000000000000000000e+00
1.029069767441860428e+01  0.000000000000000000e+00  0.000000000000000000e+00  0.000000000000000000e+00
1.034883720930232620e+01  0.000000000000000000e+00  0.000000000000000000e+00  0.000000000000000000e+00
1.040697674418604635e+01  0.000000000000000000e+00  0.000000000000000000e+00  0.000000000000000000e+00
1.046511627906976649e+01  0.000000000000000000e+00  0.000000000000000000e+00  0.000000000000000000e+00
1.052325581395348841e+01  0.000000000000000000e+00  0.000000000000000000e+00  0.000000000000000000e+00
1.058139534883720856e+01  0.000000000000000000e+00  0.000000000000000000e+00  0.000000000000000000e+00
1.063953488372093048e+01  0.000000000000000000e+00  0.000000000000000000e+00  0.000000000000000000e+00
1.069767441860465063e+01  0.000000000000000000e+00  0.000000000000000000e+00  0.000000000000000000e+00
1.075581395348837255e+01  0.000000000000000000e+00  0.000000000000000000e+00  0.000000000000000000e+00
1.081395348837209269e+01  0.000000000000000000e+00  0.000000000000000000e+00  0.000000000000000000e+00
1.087209302325581461e+01  0.000000000000000000e+00  0.000000000000000000e+00  0.000000000000000000e+00
1.093023255813953476e+01  0.000000000000000000e+00  0.000000000000000000e+00  0.000000000000000000e+00
1.098837209302325491e+01  0.000000000000000000e+00  0.000000000000000000e+00  0.000000000000000000e+00
1.104651162790697683e+01  0.000000000000000000e+00  0.000000000000000000e+00  0.000000000000000000e+00
1.110465116279069697e+01  0.000000000000000000e+00  0.000000000000000000e+00  0.000000000000000000e+00
1.116279069767441889e+01  0.000000000000000000e+00  0.000000000000000000e+00  0.000000000000000000e+00
1.122093023255813904e+01  0.000000000000000000e+00  0.000000000000000000e+00  0.000000000000000000e+00
1.127906976744186096e+01  0.000000000000000000e+00  0.000000000000000000e+00  0.000000000000000000e+00
1.133720930232558111e+01  0.000000000000000000e+00  0.000000000000000000e+00  0.000000000000000000e+00
1.139534883720930303e+01  0.000000000000000000e+00  0.000000000000000000e+00  0.000000000000000000e+00
1.145348837209302317e+01  0.000000000000000000e+00  0.000000000000000000e+00  0.000000000000000000e+00
1.151162790697674332e+01  0.000000000000000000e+00  0.000000000000000000e+00  0.000000000000000000e+00
1.156976744186046524e+01  0.000000000000000000e+00  0.000000000000000000e+00  0.000000000000000000e+00
1.162790697674418539e+01  0.000000000000000000e+00  0.000000000000000000e+00  0.000000000000000000e+00
1.168604651162790731e+01  0.000000000000000000e+00  0.000000000000000000e+00  0.000000000000000000e+00
1.174418604651162745e+01  0.000000000000000000e+00  0.000000000000000000e+00  0.000000000000000000e+00
1.180232558139534937e+01  0.000000000000000000e+00  0.000000000000000000e+00  0.000000000000000000e+00
1.186046511627906952e+01  0.000000000000000000e+00  0.000000000000000000e+00  0.000000000000000000e+00
1.191860465116278966e+01  0.000000000000000000e+00  0.000000000000000000e+00  0.000000000000000000e+00
1.197674418604651159e+01  0.000000000000000000e+00  0.000000000000000000e+00  0.000000000000000000e+00
1.203488372093023173e+01  0.000000000000000000e+00  0.000000000000000000e+00  0.000000000000000000e+00
1.209302325581395365e+01  0.000000000000000000e+00  0.000000000000000000e+00  0.000000000000000000e+00
1.215116279069767380e+01  0.000000000000000000e+00  0.000000000000000000e+00  0.000000000000000000e+00
1.220930232558139572e+01  0.000000000000000000e+00  0.000000000000000000e+00  0.000000000000000000e+00
1.226744186046511587e+01  0.000000000000000000e+00  0.000000000000000000e+00  0.000000000000000000e+00
1.232558139534883779e+01  0.000000000000000000e+00  0.000000000000000000e+00  0.000000000000000000e+00
1.238372093023255793e+01  0.000000000000000000e+00  0.000000000000000000e+00  0.000000000000000000e+00
1.244186046511627808e+01  0.000000000000000000e+00  0.000000000000000000e+00  0.000000000000000000e+00
1.250000000000000000e+01  0.000000000000000000e+00  0.000000000000000000e+00  0.000000000000000000e+00
1.255813953488372015e+01  0.000000000000000000e+00  0.000000000000000000e+00  0.000000000000000000e+00
1.261627906976744207e+01  0.000000000000000000e+00  0.000000000000000000e+00  0.000000000000000000e+00
1.267441860465116221e+01  0.000000000000000000e+00  0.000000000000000000e+00  0.000000000000000000e+00
1.273255813953488413e+01  0.000000000000000000e+00  0.000000000000000000e+00  0.000000000000000000e+00
1.279069767441860428e+01  0.000000000000000000e+00  0.000000000000000000e+00  0.000000000000000000e+00
1.284883720930232620e+01  0.000000000000000000e+00  0.000000000000000000e+00  0.000000000000000000e+00
1.290697674418604635e+01  0.000000000000000000e+00  0.000000000000000000e+00  0.000000000000000000e+00
1.296511627906976649e+01  0.000000000000000000e+00  0.000000000000000000e+00  0.000000000000000000e+00
1.302325581395348841e+01  0.000000000000000000e+00  0.000000000000000000e+00  0.000000000000000000e+00
1.308139534883720856e+01  0.000000000000000000e+00  0.000000000000000000e+00  0.000000000000000000e+00
1.313953488372093048e+01  0.000000000000000000e+00  0.000000000000000000e+00  0.000000000000000000e+00
1.319767441860465063e+01  0.000000000000000000e+00  0.000000000000000000e+00  0.000000000000000000e+00
1.325581395348837255e+01  0.000000000000000000e+00  0.000000000000000000e+00  0.000000000000000000e+00
1.331395348837209269e+01  0.000000000000000000e+00  0.000000000000000000e+00  0.000000000000000000e+00
1.337209302325581461e+01  0.000000000000000000e+00  0.000000000000000000e+00  0.000000000000000000e+00
1.343023255813953476e+01  0.000000000000000000e+00  0.000000000000000000e+00  0.000000000000000000e+00
1.348837209302325491e+01  0.000000000000000000e+00  0.000000000000000000e+00  0.000000000000000000e+00
1.354651162790697683e+01  0.000000000000000000e+00  0.000000000000000000e+00  0.000000000000000000e+00
1.360465116279069697e+01  0.000000000000000000e+00  0.000000000000000000e+00  0.000000000000000000e+00
1.366279069767441889e+01  0.000000000000000000e+00  0.000000000000000000e+00  0.000000000000000000e+00
1.372093023255813904e+01  0.000000000000000000e+00  0.000000000000000000e+00  0.000000000000000000e+00
1.377906976744186096e+01  0.000000000000000000e+00  0.000000000000000000e+00  0.000000000000000000e+00
1.383720930232558111e+01  0.000000000000000000e+00  0.000000000000000000e+00  0.000000000000000000e+00
1.389534883720930125e+01  0.000000000000000000e+00  0.000000000000000000e+00  0.000000000000000000e+00
1.395348837209302317e+01  0.000000000000000000e+00  0.000000000000000000e+00  0.000000000000000000e+00
1.401162790697674332e+01  0.000000000000000000e+00  0.000000000000000000e+00  0.000000000000000000e+00
1.406976744186046524e+01  0.000000000000000000e+00  0.000000000000000000e+00  0.000000000000000000e+00
1.412790697674418539e+01  0.000000000000000000e+00  0.000000000000000000e+00  0.000000000000000000e+00
1.418604651162790731e+01  0.000000000000000000e+00  0.000000000000000000e+00  0.000000000000000000e+00
1.424418604651162745e+01  0.000000000000000000e+00  0.000000000000000000e+00  0.000000000000000000e+00
1.430232558139534937e+01  0.000000000000000000e+00  0.000000000000000000e+00  0.000000000000000000e+00
1.436046511627906952e+01  0.000000000000000000e+00  0.000000000000000000e+00  0.000000000000000000e+00
1.441860465116278966e+01  0.000000000000000000e+00  0.000000000000000000e+00  0.000000000000000000e+00
1.447674418604651159e+01  0.000000000000000000e+00  0.000000000000000000e+00  0.000000000000000000e+00
1.453488372093023173e+01  0.000000000000000000e+00  0.000000000000000000e+00  0.000000000000000000e+00
1.459302325581395365e+01  0.000000000000000000e+00  0.000000000000000000e+00  0.000000000000000000e+00
1.465116279069767380e+01  0.000000000000000000e+00  0.000000000000000000e+00  0.000000000000000000e+00
1.470930232558139572e+01  0.000000000000000000e+00  0.000000000000000000e+00  0.000000000000000000e+00
1.476744186046511587e+01  0.000000000000000000e+00  0.000000000000000000e+00  0.000000000000000000e+00
1.482558139534883779e+01  0.000000000000000000e+00  0.000000000000000000e+00  0.000000000000000000e+00
1.488372093023255793e+01  0.000000000000000000e+00  0.000000000000000000e+00  0.000000000000000000e+00
1.494186046511627808e+01  0.000000000000000000e+00  0.000000000000000000e+00  0.000000000000000000e+00
1.500000000000000000e+01  0.000000000000000000e+00  0.000000000000000000e+00  0.000000000000000000e+00
