# Author: SW4
# Scenario: test
# Date: UTC  09/20/2017:18:38:12.000
# Bandwith (Hz): 1.234000e+00
# Station: v1
# Target location (WGS84 longitude, latitude) (deg): 1.181803e+02 3.713475e+01
# Actual location (WGS84 longitude, latitude) (deg): 1.181803e+02 3.713475e+01
# Distance from target to actual location (m): 0.000000e+00
# nColumns: 4
# Column 1: Time (s)
# Column 2: East-west displacement (m)
# Column 3: North-sourth displacement (m)
# Column 4: Up-down displacement (m)
0.000000e+00  0.00000000000000000e+00  0.00000000000000000e+00 -0.00000000000000000e+00
5.813953e-02  0.00000000000000000e+00  0.00000000000000000e+00 -0.00000000000000000e+00
1.162791e-01  0.00000000000000000e+00  0.00000000000000000e+00 -0.00000000000000000e+00
1.744186e-01  0.00000000000000000e+00  0.00000000000000000e+00 -0.00000000000000000e+00
2.325581e-01  4.66209229128234091e-24 -8.85613493728137945e-27  1.10279336841671950e-14
2.906977e-01  4.49602809192646033e-13 -8.54067851431485423e-16 -3.13373966185231045e-12
3.488372e-01  1.94106099093777827e-11 -3.68724962596355906e-14  1.96881831807223950e-10
4.069767e-01 -4.04392575041707150e-10  7.68186253820033097e-13  1.51986330405130108e-09
4.651163e-01 -2.91862973272157613e-10  5.54424432851888477e-13 -1.84895800809972958e-09
5.232558e-01  3.51307043356015413e-09 -6.67344699760269476e-12 -5.31849179690510339e-08
5.813953e-01 -2.40761825889273418e-07  4.57352425607006873e-10 -3.26613467708869553e-07
6.395349e-01 -1.93128996521719657e-06  3.66868853432255507e-09 -1.11118160632996447e-06
6.976744e-01 -3.21861702008682458e-06  6.11410175097189540e-09 -6.46915564594511171e-07
7.558140e-01  2.89353551037093294e-05 -5.49657521228733763e-08  1.43231591493871503e-05
8.139535e-01  2.35774192614885694e-04 -4.47877891313003857e-07  8.65036615495621419e-05
8.720930e-01  9.81715567853296694e-04 -1.86487203507226273e-06  3.00499112969301852e-04
9.302326e-01  2.93752742870341576e-03 -5.58014249078863079e-06  7.72914475844677768e-04
9.883721e-01  7.05215538667434624e-03 -1.33963113128087974e-05  1.64030894661963298e-03
1.046512e+00  1.43813008970514519e-02 -2.73187945155209115e-05  3.11190563979449157e-03
1.104651e+00  2.57627298687913321e-02 -4.89390166079249015e-05  5.64116173469092659e-03
1.162791e+00  4.13150704427096421e-02 -7.84823242277093628e-05  1.01794450968349191e-02
1.220930e+00  5.97887931054904356e-02 -1.13575104566146861e-04  1.83494193618085437e-02
1.279070e+00  7.79238549028197225e-02 -1.48024562950612224e-04  3.22819805913125563e-02
1.337209e+00  9.00564154811340500e-02 -1.71071638577404946e-04  5.39002388516379993e-02
1.395349e+00  8.82221295417150442e-02 -1.67587219398604556e-04  8.36787063460585762e-02
1.453488e+00  6.29355905287648093e-02 -1.19552777434806347e-04  1.19244574607508161e-01
1.511628e+00  4.64541237446551656e-03 -8.82444967992275098e-06  1.54377064876157627e-01
1.569767e+00 -9.43874906744184283e-02  1.79298971701432578e-04  1.78871727651879503e-01
1.627907e+00 -2.38198730180969237e-01  4.52483555573616840e-04  1.79445338379941505e-01
1.686047e+00 -4.25620999899029073e-01  8.08511880876929814e-04  1.41531801209095143e-01
1.744186e+00 -6.49485938176997180e-01  1.23376689026901852e-03  5.16084267104428701e-02
1.802326e+00 -8.96703964376693197e-01  1.70338354780425394e-03 -1.00359175705544548e-01
1.860465e+00 -1.14925100354445453e+00  2.18312322628766041e-03 -3.18731577383653875e-01
1.918605e+00 -1.38596369900440686e+00  2.63278390252113734e-03 -6.00614884640515045e-01
1.976744e+00 -1.58492487347941080e+00  3.01073159174334486e-03 -9.35197145538625652e-01
2.034884e+00 -1.72610147999082408e+00  3.27891141297718351e-03 -1.30421021540369209e+00
2.093023e+00 -1.79384510721393142e+00  3.40759756210179962e-03 -1.68350895687050217e+00
2.151163e+00 -1.77890700273162250e+00  3.37922106057941037e-03 -2.04551830433763815e+00
2.209302e+00 -1.67969951345519042e+00  3.19076599428587751e-03 -2.36218838749925730e+00
2.267442e+00 -1.50262650023821021e+00  2.85439717084307650e-03 -2.60811094254810083e+00
2.325581e+00 -1.26142111961627412e+00  2.39620216634258082e-03 -2.76343387830089915e+00
2.383721e+00 -9.75569935307951663e-01  1.85319775929755322e-03 -2.81616333622203374e+00
2.441860e+00 -6.68042792912506900e-01  1.26901758872782441e-03 -2.76350834344794949e+00
2.500000e+00 -3.62640838920868569e-01  6.88874437182834332e-04 -2.61210164186393401e+00
2.558140e+00 -8.13072483478951835e-02  1.54451674861684794e-04 -2.37709170492681521e+00
2.616279e+00  1.58238824238628145e-01 -3.00591299403299634e-04 -2.08022247456891840e+00
2.674419e+00  3.44201106342929330e-01 -6.53846224588096846e-04 -1.74715421742671806e+00
2.732558e+00  4.71509597399047575e-01 -8.95682101060380409e-04 -1.40440295133799609e+00
2.790698e+00  5.41667461085927782e-01 -1.02895434641668950e-03 -1.07632036504096584e+00
2.848837e+00  5.61711579818871209e-01 -1.06703025935488941e-03 -7.82516288862051601e-01
2.906977e+00  5.42483323520256300e-01 -1.03050416297113269e-03 -5.36086717470582230e-01
2.965116e+00  4.96551111157972569e-01 -9.43251091768157078e-04 -3.42913884078709041e-01
3.023256e+00  4.36197907336105861e-01 -8.28603829646837797e-04 -2.02104446327417003e-01
3.081395e+00  3.71823414953021569e-01 -7.06317706713049226e-04 -1.07406229300887932e-01
3.139535e+00  3.10965821244880203e-01 -5.90712302924847931e-04 -4.92865586857491114e-02
3.197674e+00  2.58007982948376680e-01 -4.90113315894014859e-04 -1.72332722100789308e-02
3.255814e+00  2.14524277663757978e-01 -4.07511441560753343e-04 -1.74888294713672105e-03
3.313953e+00  1.80094725529654276e-01 -3.42108883980621434e-04  4.41816042324697563e-03
3.372093e+00  1.53269010310750103e-01 -2.91150614832886157e-04  5.97278261766393155e-03
3.430233e+00  1.32350740838681258e-01 -2.51414160570374639e-04  5.51802168401180175e-03
3.488372e+00  1.15845470562235972e-01 -2.20060662696621486e-04  4.32654229774347317e-03
3.546512e+00  1.02607247988629649e-01 -1.94913265751608391e-04  3.01216957886182293e-03
3.604651e+00  9.18012513793572127e-02 -1.74386137989790662e-04  1.89172280820639740e-03
3.662791e+00  8.28104755675825310e-02 -1.57307213163103871e-04  1.09875949602227137e-03
3.720930e+00  7.51751316494378707e-02 -1.42803073859779724e-04  6.19011884119605366e-04
3.779070e+00  6.85708958571600302e-02 -1.30257632955020668e-04  3.48221516139289090e-04
3.837209e+00  6.27863311254598516e-02 -1.19269243490995703e-04  1.75480381957244418e-04
3.895349e+00  5.76844999441393225e-02 -1.09577778253638168e-04  4.82067286983986249e-05
3.953488e+00  5.31634286223914287e-02 -1.00989527489297825e-04 -2.62986759300575085e-05
4.011628e+00  4.91322648829413400e-02 -9.33319077351394332e-05 -3.71332023493069593e-05
4.069767e+00  4.55113657791737306e-02 -8.64536288292537037e-05 -1.39186939091573254e-05
4.127907e+00  4.22443296517482358e-02 -8.02475498881451154e-05 -4.43102035624551012e-06
4.186047e+00  3.92959561594440898e-02 -7.46468041594114000e-05 -2.17568259098051053e-05
4.244186e+00  3.66337029539554604e-02 -6.95895740238473902e-05 -3.65996835204735108e-05
4.302326e+00  3.42185798053545598e-02 -6.50017934398694264e-05 -2.45084672638304044e-05
4.360465e+00  3.20153435626346836e-02 -6.08165143339303401e-05 -1.02843952137273375e-06
4.418605e+00  3.00014942680319890e-02 -5.69909956641621491e-05  3.61891257625731513e-06
4.476744e+00  2.81613820405902833e-02 -5.34955088375888059e-05 -1.07306703910894859e-05
4.534884e+00  2.64771965241628465e-02 -5.02962212098885222e-05 -1.85315209801731757e-05
4.593023e+00  2.49297046038528120e-02 -4.73565974512837569e-05 -9.29202069366248197e-06
4.651163e+00  2.35036040046155241e-02 -4.46475692820731094e-05  2.22740458772664486e-06
4.709302e+00  2.21873368614972435e-02 -4.21471813231422325e-05  2.77734524349484213e-06
4.767442e+00  2.09701044314104627e-02 -3.98349202221727459e-05 -4.60566865383421936e-06
4.825581e+00  1.98432600978232301e-02 -3.76943608230882204e-05 -1.00004147014313904e-05
4.883721e+00  1.88006652332483488e-02 -3.57138421584171891e-05 -7.06970860462871584e-06
4.941860e+00  1.78332271517493146e-02 -3.38760917106997023e-05  1.67518844832669562e-06
5.000000e+00  1.69294434277750677e-02 -3.21592594138536743e-05  5.41049397759662013e-06
5.058140e+00  1.60847416051390982e-02 -3.05546594079987371e-05 -1.82755440234469779e-06
5.116279e+00  1.53005023890499959e-02 -2.90649144846767977e-05 -9.91216627720557416e-06
5.174419e+00  1.45716544931776461e-02 -2.76803912032440468e-05 -5.74607336781756931e-06
5.232558e+00  1.38866887072445176e-02 -2.63792266093425470e-05  5.31088443236738160e-06
5.290698e+00  1.32404433992383639e-02 -2.51516156367116265e-05  6.18573345161347063e-06
5.348837e+00  1.26358777600276678e-02 -2.40031795811957903e-05 -4.42995000167818385e-06
5.406977e+00  1.20731286752000233e-02 -2.29341784729190346e-05 -9.46942568503710621e-06
5.465116e+00  1.15447984815370899e-02 -2.19305596689249078e-05 -1.25677118050873777e-06
5.523256e+00  1.10432355186274589e-02 -2.09777880366633415e-05  7.05060297626636527e-06
5.581395e+00  1.05683030400649455e-02 -2.00756038139373367e-05  3.39065343994467485e-06
5.639535e+00  1.01241206487748155e-02 -1.92318326164772014e-05 -5.84162431165133604e-06
5.697674e+00  9.70895252407145450e-03 -1.84431770711328548e-05 -6.94182957857229411e-06
5.755814e+00  9.31466126847919386e-03 -1.76941793375352501e-05  1.61309626077877972e-06
5.813953e+00  8.93723710557867493e-03 -1.69772224205884747e-05  7.23244720260720098e-06
5.872093e+00  8.58054766924739101e-03 -1.62996532983162294e-05  1.27634871573057498e-06
5.930233e+00  8.24746390952199072e-03 -1.56669256444342019e-05 -7.00384359608281519e-06
5.988372e+00  7.93324120455911504e-03 -1.50700265479275404e-05 -4.24715381106270503e-06
6.046512e+00  7.63113427356616313e-03 -1.44961426386851699e-05  5.05177889761757899e-06
6.104651e+00  7.34137265490143655e-03 -1.39457099508229849e-05  6.00329432405510958e-06
6.162791e+00  7.06921297479608506e-03 -1.34287139965903373e-05 -2.11440997362890682e-06
6.220930e+00  6.81454874038124863e-03 -1.29449524823106679e-05 -5.98212125721791638e-06
6.279070e+00  6.57062357904267518e-03 -1.24815909690845371e-05 -2.58781192271153591e-07
6.337209e+00  6.33414613772512181e-03 -1.20323771827594902e-05  5.59291986634187702e-06
6.395349e+00  6.10902288231030509e-03 -1.16047318667954311e-05  3.12110289599243090e-06
6.453488e+00  5.89841122368044059e-03 -1.12046528574757234e-05 -3.28109259818134706e-06
6.511628e+00  5.69908340473798940e-03 -1.08260086883271330e-05 -4.12959135404368827e-06
6.569767e+00  5.50579488202177642e-03 -1.04588367976106727e-05  1.39468919343931686e-06
6.627907e+00  5.31840513113337240e-03 -1.01028702461573060e-05  4.84086083064077375e-06
6.686047e+00  5.14136950285583056e-03 -9.76657243913977175e-06  9.44406529611942003e-07
6.744186e+00  4.97578432855119712e-03 -9.45202597388186249e-06 -4.36029351952817363e-06
6.802326e+00  4.81673879310573570e-03 -9.14990224243007307e-06 -2.82091385359115078e-06
6.860465e+00  4.66085916067105876e-03 -8.85379247609998384e-06  2.79934473874247341e-06
6.918605e+00  4.51098962851064194e-03 -8.56909952707879219e-06  3.21582694062908256e-06
6.976744e+00  4.37060778028548844e-03 -8.30242943365548307e-06 -1.81824089712637692e-06
7.034884e+00  4.23798891434025004e-03 -8.05050594124830739e-06 -4.00462874410786862e-06
7.093023e+00  4.10863540284260760e-03 -7.80478533241251770e-06 -7.05156367917443672e-07
7.151163e+00  3.98172741468945292e-03 -7.56371025399577186e-06  2.41692569750784288e-06
7.209302e+00  3.86103970226822114e-03 -7.33445124343690138e-06  1.15872948472831941e-06
7.267442e+00  3.74841392314214728e-03 -7.12050672270136475e-06 -2.25773540020682859e-06
7.325581e+00  3.64030716334085274e-03 -6.91514655599287220e-06 -2.92357792247773083e-06
7.383721e+00  3.53344553640937533e-03 -6.71215164986826565e-06  2.06383884821589381e-07
7.441860e+00  3.42956059005759860e-03 -6.51481126102322051e-06  2.38913947125034763e-06
7.500000e+00  3.33186653325966489e-03 -6.32923111956942999e-06  2.52177769168377688e-07
7.558140e+00  3.24000325423680216e-03 -6.15472715372346127e-06 -2.47641455118240862e-06
7.616279e+00  3.15045180482063968e-03 -5.98461475059902825e-06 -1.36965635661151571e-06
7.674419e+00  3.06147293612737351e-03 -5.81559002591777839e-06  1.49038606366501118e-06
7.732558e+00  2.97583699647442027e-03 -5.65291554662833410e-06  1.74813987646637196e-06
7.790698e+00  2.89622760680018857e-03 -5.50168913234121891e-06 -3.95579696419833530e-07
7.848837e+00  2.82036976011644470e-03 -5.35758916966942639e-06 -1.44449056710545336e-06
7.906977e+00  2.74477550613172125e-03 -5.21398992916710665e-06 -2.10139327717991602e-08
7.965116e+00  2.67025407722352092e-03 -5.07242863200608299e-06  1.64815948735771880e-06
8.023256e+00  2.59989470739854745e-03 -4.93877360473418742e-06  1.28565204241235906e-06
8.081395e+00  2.53412479575516230e-03 -4.81383673647708520e-06 -3.07709555992167458e-07
8.139535e+00  2.47021272948247427e-03 -4.69242904028989327e-06 -7.30181015153547453e-07
8.197674e+00  2.40613064597105337e-03 -4.57069837872063019e-06  5.75172497503669176e-07
8.255814e+00  2.34360701246593859e-03 -4.45192815724775212e-06  1.65065588388809740e-06
8.313953e+00  2.28537740802067313e-03 -4.34131489550974843e-06  8.89221009439974190e-07
8.372093e+00  2.23049423128453706e-03 -4.23705852533749420e-06 -4.33370431380815052e-07
8.430233e+00  2.17586548940181283e-03 -4.13328548112447493e-06 -1.82235497070586319e-07
8.488372e+00  2.12115180832234780e-03 -4.02935108603569623e-06  1.04658213480457929e-06
8.546512e+00  2.06884268445299817e-03 -3.92998440025597655e-06  1.21579773300691010e-06
8.604651e+00  2.02031223583455004e-03 -3.83779570566352909e-06  3.67122370145664510e-07
8.662791e+00  1.97372503730619151e-03 -3.74929841953405525e-06 -3.79337649035724146e-08
8.720930e+00  1.92661182335009270e-03 -3.65980191164726058e-06  3.72429776430672726e-07
8.779070e+00  1.87979625500015140e-03 -3.57087081242971123e-06  9.04782919038107251e-07
8.837209e+00  1.83603055550742239e-03 -3.48773326059340336e-06  9.74903284778303029e-07
8.895349e+00  1.79525825444903984e-03 -3.41028198418681064e-06  6.29930494854369492e-07
8.953488e+00  1.75492304010291234e-03 -3.33366099933739740e-06  4.21491077952232997e-07
9.011628e+00  1.71406739199416358e-03 -3.25605139636939014e-06  7.01329104404953932e-07
9.069767e+00  1.67428561901801173e-03 -3.18048173232844686e-06  1.18433082175371483e-06
9.127907e+00  1.63733372959821597e-03 -3.11028772901923057e-06  1.33620196309253288e-06
9.186047e+00  1.60257213214460691e-03 -3.04425441663439680e-06  1.11994196340210108e-06
9.244186e+00  1.56749768954775564e-03 -2.97762682238957054e-06  1.13390332728037548e-06
9.302326e+00  1.53177424004471204e-03 -2.90976636985882825e-06  1.54069627586908763e-06
9.360465e+00  1.49794731407422964e-03 -2.84550856390439566e-06  1.79047631091985564e-06
9.418605e+00  1.46690758203769163e-03 -2.78654532705266905e-06  1.94927158764367862e-06
9.476744e+00  1.43660814429015255e-03 -2.72898835596995251e-06  2.32204092738751364e-06
9.534884e+00  1.40562479336084865e-03 -2.67013222010617563e-06  2.35246322050282789e-06
9.593023e+00  1.37483756105149482e-03 -2.61164863302841227e-06  2.20585030623416000e-06
9.651163e+00  1.34600136623107226e-03 -2.55687124580911278e-06  2.85915615144185087e-06
9.709302e+00  1.31937970622099930e-03 -2.50630060069179901e-06  3.60106499565876960e-06
9.767442e+00  1.29290891006711146e-03 -2.45601653832878678e-06  3.43160628642556209e-06
9.825581e+00  1.26537793050010387e-03 -2.40371854500554997e-06  3.34638213754444922e-06
9.883721e+00  1.23867106200996877e-03 -2.35298603748907537e-06  3.86879731363758204e-06
9.941860e+00  1.21435426103306122e-03 -2.30679371563285543e-06  4.25560132018573155e-06
1.000000e+01  1.19115636324871395e-03 -2.26272686715364765e-06  4.70890978875752895e-06
1.005814e+01  1.16741976781911845e-03 -2.21763670582075524e-06  5.18820044503025979e-06
1.011628e+01  1.14328070903418899e-03 -2.17178202377210040e-06  4.93186568177955203e-06
1.017442e+01  1.12025555886436355e-03 -2.12804332744694195e-06  4.92347651520342682e-06
1.023256e+01  1.09929243058930746e-03 -2.08822165903863198e-06  6.01605742273110528e-06
1.029070e+01  1.07898316421584767e-03 -2.04964207104115190e-06  6.61408098778740318e-06
1.034884e+01  1.05761307364717798e-03 -2.00904733456756769e-06  6.15681107898021175e-06
1.040698e+01  1.03624926401960104e-03 -1.96846452947299871e-06  6.19585089067855957e-06
1.046512e+01  1.01670643680397280e-03 -1.93134087336544175e-06  7.03266947861304608e-06
1.052326e+01  9.98505785533048557e-04 -1.89676682065737943e-06  7.83776472098364970e-06
1.058140e+01  9.80133007065084848e-04 -1.86186579397137804e-06  8.19073032959675885e-06
1.063953e+01  9.61112337762953317e-04 -1.82573403154391844e-06  7.77512427070293787e-06
1.069767e+01  9.42416592428803128e-04 -1.79021949556639751e-06  7.34235407784202144e-06
1.075581e+01  9.25432197343063778e-04 -1.75795584939081780e-06  8.23018700823032338e-06
1.081395e+01  9.09642854984659029e-04 -1.72796233262695299e-06  9.62526219962521003e-06
1.087209e+01  8.93095411140053318e-04 -1.69652872129096437e-06  9.90546140146676632e-06
1.093023e+01  8.75856228353992885e-04 -1.66378107887068997e-06  9.56575052068427900e-06
1.098837e+01  8.59767825861630923e-04 -1.63321946596764692e-06  9.80893053625505182e-06
1.104651e+01  8.45193078148022176e-04 -1.60553319877430697e-06  1.06083487910466438e-05
1.110465e+01  8.30852652911535580e-04 -1.57829205132140142e-06  1.11051024690797432e-05
1.116279e+01  8.15813592120842460e-04 -1.54972377313193587e-06  1.05905943053454978e-05
1.122093e+01  8.00570233859319619e-04 -1.52076740984013678e-06  9.90857409797753176e-06
1.127907e+01  7.86568391043465263e-04 -1.49416943554725232e-06  1.07791862642353500e-05
1.133721e+01  7.73982847364063022e-04 -1.47026187137832387e-06  1.27569122221089160e-05
1.139535e+01  7.61130649482923442e-04 -1.44584776877200938e-06  1.38395055783677748e-05
1.145349e+01  7.47329551029111690e-04 -1.41963112941655310e-06  1.37553790597976645e-05
1.151163e+01  7.33952873555857596e-04 -1.39422072333874121e-06  1.36163792160487838e-05
1.156977e+01  7.21953555810786398e-04 -1.37142675644591094e-06  1.39365709012115980e-05
1.162791e+01  7.10600412444602810e-04 -1.34986026550947078e-06  1.43622176596040168e-05
1.168605e+01  6.98717559670550747e-04 -1.32728753654167257e-06  1.39622295561045171e-05
1.174419e+01  6.86264750066615170e-04 -1.30363211398220228e-06  1.27402727709500651e-05
1.180233e+01  6.74534416996916235e-04 -1.28134911157200037e-06  1.26626089880830589e-05
1.186047e+01  6.64207228707957729e-04 -1.26173153119075548e-06  1.47609408409134771e-05
1.191860e+01  6.54138589995075328e-04 -1.24260509215500726e-06  1.71587107752946433e-05
1.197674e+01  6.43263641234429525e-04 -1.22194698205080045e-06  1.82139189261158712e-05
1.203488e+01  6.32197329208794589e-04 -1.20092535825550123e-06  1.87247177003277898e-05
1.209302e+01  6.22069801127317313e-04 -1.18168705289229764e-06  1.97545073289325272e-05
1.215116e+01  6.12912727449708939e-04 -1.16429222741610164e-06  2.07594914642879696e-05
1.220930e+01  6.03585956741055753e-04 -1.14657504512548810e-06  2.04275539040015970e-05
1.226744e+01  5.93382397094958523e-04 -1.12719230965268455e-06  1.84291231860819228e-05
1.232558e+01  5.83294236733883299e-04 -1.10802878742738799e-06  1.62239003580578850e-05
1.238372e+01  5.74466349302859788e-04 -1.09125928671841348e-06  1.56833847099640014e-05
1.244186e+01  5.66309357104154924e-04 -1.07576422120696578e-06  1.68026653778639848e-05
1.250000e+01  5.57633598809360474e-04 -1.05928370503271288e-06  1.80154429571276286e-05
1.255814e+01  5.48474852988816591e-04 -1.04188570407869714e-06  1.90914901186964695e-05
1.261628e+01  5.39871570832678362e-04 -1.02554286393845419e-06  2.16828517601592675e-05
1.267442e+01  5.32395236683979233e-04 -1.01134078002307919e-06  2.59967994096097364e-05
1.273256e+01  5.25169283642652903e-04 -9.97614322246490881e-07  2.95576200555718575e-05
1.279070e+01  5.17048270526191929e-04 -9.82187603003106622e-07  3.05955232699723565e-05
1.284884e+01  5.08547563899999539e-04 -9.66039615926635376e-07  2.98911451903070518e-05
1.290698e+01  5.00916003355787016e-04 -9.51542664094123662e-07  2.87433749319533252e-05
1.296512e+01  4.94038669282380956e-04 -9.38478444092192486e-07  2.74682393891053797e-05
1.302326e+01  4.86903081184578927e-04 -9.24923643255590213e-07  2.53922204879496078e-05
1.308140e+01  4.79120148217222384e-04 -9.10139143409219918e-07  2.18404309815474617e-05
1.313953e+01  4.71334253764606615e-04 -8.95349017284192750e-07  1.82814704645041191e-05
1.319767e+01  4.64527780777408716e-04 -8.82419405381322476e-07  1.73352549904449873e-05
1.325581e+01  4.58517151911592925e-04 -8.71001583779274046e-07  1.89009244477730878e-05
1.331395e+01  4.52061639886856468e-04 -8.58738658993524941e-07  2.10972807379016229e-05
1.337209e+01  4.45075029768283179e-04 -8.45466857696203531e-07  2.41456348903925954e-05
1.343023e+01  4.38719867659179326e-04 -8.33394559135199370e-07  2.94591091599395988e-05
1.348837e+01  4.33320027458399383e-04 -8.23136994039554267e-07  3.68262953277749943e-05
1.354651e+01  4.28088638125876601e-04 -8.13199419122808249e-07  4.42547280310796496e-05
1.360465e+01  4.22263695949662461e-04 -8.02134329065466995e-07  4.90963155543659274e-05
1.366279e+01  4.15881272792559156e-04 -7.90010244260757455e-07  5.02633182516875661e-05
1.372093e+01  4.09891629209648315e-04 -7.78632285532239355e-07  4.90735714992656725e-05
1.377907e+01  4.04677332300973564e-04 -7.68727180415574656e-07  4.60391359138292948e-05
1.383721e+01  3.99132093674874891e-04 -7.58193415817114303e-07  3.97497638292254506e-05
1.389535e+01  3.92663880921389076e-04 -7.45906364650977040e-07  3.04400240460836091e-05
1.395349e+01  3.86285778162192553e-04 -7.33790487932678859e-07  2.10099306003998896e-05
1.401163e+01  3.80814184201586265e-04 -7.23396619190556205e-07  1.44060482047631087e-05
1.406977e+01  3.75938248973907007e-04 -7.14134266633533283e-07  1.18519479942141285e-05
1.412791e+01  3.70968763604427848e-04 -7.04694206752821446e-07  1.26370267304098636e-05
1.418605e+01  3.65652775222516607e-04 -6.94595927247645893e-07  1.61068091371163087e-05
1.424419e+01  3.60725377861950713e-04 -6.85235816989865708e-07  2.35156104537133063e-05
1.430233e+01  3.56898047880282825e-04 -6.77965401351658296e-07  3.51907523334911936e-05
1.436047e+01  3.53393502566667070e-04 -6.71308148667899295e-07  4.81179605949062447e-05
1.441860e+01  3.49166556950855373e-04 -6.63278620475848410e-07  5.90988391929673774e-05
1.447674e+01  3.44551266307424533e-04 -6.54511390549402261e-07  6.71874440874033717e-05
1.453488e+01  3.40325246280091852e-04 -6.46483620364290294e-07  7.24359834915494103e-05
1.459302e+01  3.36507237412262696e-04 -6.39230910580455538e-07  7.47559426329830613e-05
1.465116e+01  3.32457603282331187e-04 -6.31538205027504751e-07  7.31017558467368200e-05
1.470930e+01  3.27587035766895040e-04 -6.22286049065618223e-07  6.62674139149406331e-05
1.476744e+01  3.22351113105123592e-04 -6.12339862669987833e-07  5.58899165807393060e-05
1.482558e+01  3.17786543875258763e-04 -6.03668983738881314e-07  4.54649405003354858e-05
1.488372e+01  3.13764366952959080e-04 -5.96028434982063983e-07  3.60854761702282518e-05
1.494186e+01  3.09347896969666095e-04 -5.87638885088896444e-07  2.70313681996754296e-05
1.500000e+01  3.04528043804932265e-04 -5.78483067547725210e-07  1.91164137571559729e-05
