# Author: SW4
# Scenario: test
# Date: UTC  09/20/2017:18:38:12.000
# Bandwith (Hz): 1.234000e+00
# Station: v10
# Target location (WGS84 longitude, latitude) (deg): 1.182817e+02 3.713475e+01
# Actual location (WGS84 longitude, latitude) (deg): 1.182817e+02 3.713475e+01
# Distance from target to actual location (m): 0.000000e+00
# nColumns: 4
# Column 1: Time (s)
# Column 2: East-west displacement (m)
# Column 3: North-sourth displacement (m)
# Column 4: Up-down displacement (m)
0.000000e+00  0.00000000000000000e+00  0.00000000000000000e+00 -0.00000000000000000e+00
5.813953e-02  0.00000000000000000e+00  0.00000000000000000e+00 -0.00000000000000000e+00
1.162791e-01  0.00000000000000000e+00  0.00000000000000000e+00 -0.00000000000000000e+00
1.744186e-01  0.00000000000000000e+00  0.00000000000000000e+00 -0.00000000000000000e+00
2.325581e-01  0.00000000000000000e+00  0.00000000000000000e+00 -0.00000000000000000e+00
2.906977e-01  0.00000000000000000e+00  0.00000000000000000e+00 -0.00000000000000000e+00
3.488372e-01  0.00000000000000000e+00  0.00000000000000000e+00 -0.00000000000000000e+00
4.069767e-01  0.00000000000000000e+00  0.00000000000000000e+00 -0.00000000000000000e+00
4.651163e-01  0.00000000000000000e+00  0.00000000000000000e+00 -0.00000000000000000e+00
5.232558e-01  0.00000000000000000e+00  0.00000000000000000e+00 -0.00000000000000000e+00
5.813953e-01  0.00000000000000000e+00  0.00000000000000000e+00 -0.00000000000000000e+00
6.395349e-01  0.00000000000000000e+00  0.00000000000000000e+00 -0.00000000000000000e+00
6.976744e-01  0.00000000000000000e+00  0.00000000000000000e+00 -0.00000000000000000e+00
7.558140e-01  0.00000000000000000e+00  0.00000000000000000e+00 -0.00000000000000000e+00
8.139535e-01  0.00000000000000000e+00  0.00000000000000000e+00 -0.00000000000000000e+00
8.720930e-01  0.00000000000000000e+00  0.00000000000000000e+00 -0.00000000000000000e+00
9.302326e-01  0.00000000000000000e+00  0.00000000000000000e+00 -0.00000000000000000e+00
9.883721e-01  0.00000000000000000e+00  0.00000000000000000e+00 -0.00000000000000000e+00
1.046512e+00  0.00000000000000000e+00  0.00000000000000000e+00 -0.00000000000000000e+00
1.104651e+00  0.00000000000000000e+00  0.00000000000000000e+00 -0.00000000000000000e+00
1.162791e+00  0.00000000000000000e+00  0.00000000000000000e+00 -0.00000000000000000e+00
1.220930e+00  0.00000000000000000e+00  0.00000000000000000e+00 -0.00000000000000000e+00
1.279070e+00  0.00000000000000000e+00  0.00000000000000000e+00 -0.00000000000000000e+00
1.337209e+00  0.00000000000000000e+00  0.00000000000000000e+00 -0.00000000000000000e+00
1.395349e+00  0.00000000000000000e+00  0.00000000000000000e+00 -0.00000000000000000e+00
1.453488e+00  0.00000000000000000e+00  0.00000000000000000e+00 -0.00000000000000000e+00
1.511628e+00  0.00000000000000000e+00  0.00000000000000000e+00 -0.00000000000000000e+00
1.569767e+00  1.89950855007257707e-81 -5.63797969954406593e-84 -6.95293450859506165e-78
1.627907e+00  6.97119986361304040e-75 -2.06913958406266088e-77 -7.09368451692369566e-73
1.686047e+00  1.89305114307749507e-70 -5.61881330535833726e-73  3.60540107637262005e-69
1.744186e+00 -8.30620192578232398e-68  2.46538494577517392e-70  3.24243994751200923e-65
1.802326e+00 -1.40898372153338370e-63  4.18204046442909494e-66  2.28406508954525005e-62
1.860465e+00 -6.90588771272694218e-61  2.04975411823744681e-63  1.52016482436610684e-60
1.918605e+00 -4.08014022153686810e-59  1.21103680945584488e-61 -3.11251810133397654e-58
1.976744e+00  2.44645435633388769e-57 -7.26138347533934982e-60 -1.80446845454244682e-56
2.034884e+00  1.11164501361140413e-55 -3.29950187355175960e-58 -6.90631585407934330e-55
2.093023e+00  7.18994755836651546e-54 -2.13406664439540601e-56 -7.69341119363506027e-54
2.151163e+00  7.60060024462290210e-55 -2.25595351391453518e-57  4.73248176770447466e-52
2.209302e+00 -2.20143895481862674e-51  6.53414702265073883e-54 -2.80725681249304659e-51
2.267442e+00  3.19592853922873264e-50 -9.48591688336514777e-53 -1.65601493136174002e-50
2.325581e+00 -7.24873716295132612e-50  2.15151613664317996e-52  2.03209113083582001e-49
2.383721e+00  9.84122601781967216e-49 -2.92099935557048086e-51 -1.07699325524331213e-48
2.441860e+00 -4.08677796797298256e-50  1.21300697591813036e-52 -1.21686269695699290e-48
2.500000e+00 -4.60492912961495940e-47  1.36680074166489324e-49  3.54689786165380457e-47
2.558140e+00 -2.39168183080997461e-46  7.09881174753084186e-49  2.69763104144309010e-47
2.616279e+00  2.25995893373277347e-45 -6.70784166231622945e-48 -6.35570927217056920e-46
2.674419e+00  9.40167922604986786e-45 -2.79053635297332894e-47 -4.52764684974285387e-45
2.732558e+00 -7.42266415037871352e-44  2.20313984869593863e-46  2.62136892814563182e-44
2.790698e+00 -1.17748573744319721e-43  3.49492540262447896e-46  1.84898790567225082e-43
2.848837e+00 -5.94181698672206221e-43  1.76360583099558270e-45 -2.03023350255788419e-42
2.906977e+00  2.35972967320287823e-41 -7.00397373484737966e-44  3.90221661119509510e-42
2.965116e+00  8.06285502981742440e-41 -2.39315653390423899e-43  1.14048688254565540e-40
3.023256e+00 -3.64666156864323427e-39  1.08237490661320984e-41 -1.49018594659065213e-39
3.081395e+00  1.69405759357464336e-38 -5.02817548359707795e-41  1.85302115070716952e-39
3.139535e+00  2.29918934828948863e-37 -6.82428245477960484e-40  1.22522713425498880e-37
3.197674e+00 -2.69236605660454968e-36  7.99128025518985162e-39 -8.87917038521532450e-37
3.255814e+00 -4.83808074419832671e-36  1.43600306612417296e-38 -4.94139990390435853e-36
3.313953e+00  2.07994525952636859e-34 -6.17353849174995448e-37  8.28000267062677550e-35
3.372093e+00 -3.66776807519940608e-34  1.08863958257291379e-36  3.62994765454091924e-35
3.430233e+00 -1.14485993052819229e-32  3.39808791428850244e-35 -5.03807996964234166e-33
3.488372e+00  4.39198652018417715e-32 -1.30359670349096472e-34  8.97351551685148713e-33
3.546512e+00  5.20902330115041169e-31 -1.54610347107877126e-33  2.43875892970542217e-31
3.604651e+00 -2.67071358500822635e-30  7.92701300285341950e-33 -7.17507456184684460e-31
3.662791e+00 -2.15719555544371571e-29  6.40282706228341354e-32 -1.03610468160319145e-29
3.720930e+00  1.18104847955379515e-28 -3.50550006821256045e-31  3.37990437458694220e-29
3.779070e+00  8.57658320012705732e-28 -2.54563750037050475e-30  4.06412786401757980e-28
3.837209e+00 -4.04115751257259544e-27  1.19946625233652390e-29 -1.12046760821845385e-27
3.895349e+00 -3.26448924427777146e-26  9.68941365795504673e-29 -1.47992374252281769e-26
3.953488e+00  1.02141388871023798e-25 -3.03168457394744940e-28  2.37541093471303843e-26
4.011628e+00  1.13575981377600291e-24 -3.37107762601685577e-27  4.84617765495705494e-25
4.069767e+00 -1.39972547224791939e-24  4.15456081895869092e-27 -4.13034737932361098e-26
4.127907e+00 -3.38900354208774099e-23  1.00589877161096053e-25 -1.34940403722546974e-23
4.186047e+00 -2.43078815977475038e-23  7.21488423838373638e-26 -2.25276060877081684e-23
4.244186e+00  8.01268063277047689e-22 -2.37826414334451862e-24  2.93029132472967350e-22
4.302326e+00  2.29800844828483032e-21 -6.82077739540328765e-24  1.14619150518970532e-21
4.360465e+00 -1.28755286827786193e-20  3.82161845657758936e-23 -4.02936843036161886e-21
4.418605e+00 -8.08921656823450872e-20  2.40098096925254915e-22 -3.41616945609605218e-20
4.476744e+00  5.71025996643424585e-20 -1.69487680212830130e-22 -3.57556584495277848e-21
4.534884e+00  1.73691073711262989e-18 -5.15536899021122486e-21  6.55014891702139643e-19
4.593023e+00  3.78654640618614229e-18 -1.12389448146878759e-20  1.86383157925223492e-18
4.651163e+00 -1.99840388703654478e-17  5.93151346756720101e-20 -6.28242195645490021e-18
4.709302e+00 -1.24259587486668642e-16  3.68818045957916736e-19 -4.99865654892803966e-17
4.767442e+00 -5.82510453518415228e-17  1.72896411103677905e-19 -5.03585682023228076e-17
4.825581e+00  1.74596595798060048e-15 -5.18224602186550784e-18  6.13410215072067870e-16
4.883721e+00  6.53035181113689507e-15 -1.93829035096352112e-17  2.70313734479959074e-15
4.941860e+00 -3.13243110286889749e-15  9.29744852550331968e-18  2.01246284216075165e-16
5.000000e+00 -9.93209135262762400e-14  2.94796932699022988e-16 -3.57330822123128408e-14
5.058140e+00 -3.01871114228721037e-13  8.95991341456210159e-16 -1.24172883483916291e-13
5.116279e+00  1.75995153898433599e-13 -5.22375698099321104e-16  1.03917692931139880e-14
5.174419e+00  4.22009182344509421e-12 -1.25257620081265191e-14  1.50032515253510295e-12
5.232558e+00  1.32593991036596539e-11 -3.93555601374625848e-14  5.23961117482232621e-12
5.290698e+00  2.60548219918507319e-12 -7.73339806543840171e-15  2.77589038153696525e-12
5.348837e+00 -1.28670851517671328e-10  3.81911231063595010e-13 -4.39170141584850043e-11
5.406977e+00 -5.09288523077903728e-10  1.51163223465984303e-12 -1.90316938275350071e-10
5.465116e+00 -7.04178681519905245e-10  2.09009067691666676e-12 -2.98805395578304182e-10
5.523256e+00  1.95585530847967626e-09 -5.80522394802954232e-12  5.87760759065201762e-10
5.581395e+00  1.37353337754634961e-08 -4.07681939567806883e-11  4.83133606276690407e-09
5.639535e+00  3.73044886792921915e-08 -1.10724402828328443e-10  1.37953635723934729e-08
5.697674e+00  3.70545593898765254e-08 -1.09982581339829772e-10  1.55440016908181618e-08
5.755814e+00 -1.38475147407649513e-07  4.11011611366419495e-10 -4.31960651243443864e-08
5.813953e+00 -8.26122634043340837e-07  2.45203562777126391e-09 -2.83257111598375162e-07
5.872093e+00 -2.36379356012987648e-06  7.01603586112438605e-09 -8.31525413206366097e-07
5.930233e+00 -4.07236547728304303e-06  1.20872916781500767e-08 -1.47130510380954050e-06
5.988372e+00 -1.51111619443032927e-06  4.48518245809331003e-09 -7.04740316868882299e-07
6.046512e+00  1.87980528621158876e-05 -5.57949794028008147e-08  6.02149710256867393e-06
6.104651e+00  8.70837320691476586e-05 -2.58475442789564255e-07  2.88404950674905204e-05
6.162791e+00  2.58669715346134541e-04 -7.67764169285425880e-07  8.60577110878584835e-05
6.220930e+00  6.19385237959031894e-04 -1.83841309777194477e-06  2.05571778736776873e-04
6.279070e+00  1.28396152976603456e-03 -3.81095891328505068e-06  4.23810437642610787e-04
6.337209e+00  2.38493676948833659e-03 -7.07879155924460562e-06  7.81525333545028873e-04
6.395349e+00  4.05278919059474593e-03 -1.20291868031098302e-05  1.31691157847183752e-03
6.453488e+00  6.39105082667405181e-03 -1.89694407102753862e-05  2.05746056880484448e-03
6.511628e+00  9.45143773528264036e-03 -2.80530530281524670e-05  3.01223662587659594e-03
6.569767e+00  1.32135126779627608e-02 -3.92193634688283027e-05  4.16598695730246039e-03
6.627907e+00  1.75722819645110842e-02 -5.21567375866878734e-05  5.47611015063067912e-03
6.686047e+00  2.23362727230617050e-02 -6.62968598747863138e-05  6.87323978143810146e-03
6.744186e+00  2.72376230986792443e-02 -8.08446827402416619e-05  8.26581786641584874e-03
6.802326e+00  3.19538407231037824e-02 -9.48430083723715892e-05  9.54832786696135395e-03
6.860465e+00  3.61385606745745214e-02 -1.07263782226523090e-04  1.06120819270892602e-02
6.918605e+00  3.94570943344645722e-02 -1.17113606490725698e-04  1.13570560599348894e-02
6.976744e+00  4.16222614319957662e-02 -1.23540094090088015e-04  1.17032855876042195e-02
7.034884e+00  4.24262099710986870e-02 -1.25926314221989357e-04  1.16004383728640272e-02
7.093023e+00  4.17641173753447378e-02 -1.23961140327968200e-04  1.10342555516807963e-02
7.151163e+00  3.96463557282000015e-02 -1.17675358053122606e-04  1.00288572193257992e-02
7.209302e+00  3.61974060730361341e-02 -1.07438442752241293e-04  8.64457863559475216e-03
7.267442e+00  3.16419093230034670e-02 -9.39171568402282799e-05  6.97170886286840527e-03
7.325581e+00  2.62798184197856957e-02 -7.80017982817915684e-05  5.12094912969324450e-03
7.383721e+00  2.04537093671149986e-02 -6.07091756374945971e-05  3.21172264100859665e-03
7.441860e+00  1.45124121687048580e-02 -4.30746601244868534e-05  1.35983062604747387e-03
7.500000e+00  8.77591558915283461e-03 -2.60480185436736719e-05 -3.33848285465336082e-04
7.558140e+00  3.50623175086666686e-03 -1.04069357478664237e-05 -1.79213908801119500e-03
7.616279e+00 -1.11230472679168038e-03  3.30145998503493680e-06 -2.96684343553487058e-03
7.674419e+00 -4.98125115353423471e-03  1.47849783991012348e-05 -3.83998809881400506e-03
7.732558e+00 -8.08426863218131633e-03  2.39951235975295294e-05 -4.42104970940215315e-03
7.790698e+00 -1.04727899202730849e-02  3.10845544577181238e-05 -4.74085501156391257e-03
7.848837e+00 -1.22445884027998445e-02  3.63434746535161519e-05 -4.84349295723398784e-03
7.906977e+00 -1.35197831802803779e-02  4.01284127461029743e-05 -4.77782427909790013e-03
7.965116e+00 -1.44188271028731184e-02  4.27968879074158470e-05 -4.59008312981734785e-03
8.023256e+00 -1.50463046595224938e-02  4.46593200223582300e-05 -4.31878652463894928e-03
8.081395e+00 -1.54828156845855970e-02  4.59549395118291886e-05 -3.99258953187779306e-03
8.139535e+00 -1.57847680135693898e-02  4.68511719088749145e-05 -3.63083117813699100e-03
8.197674e+00 -1.59895073952949739e-02  4.74588640815746756e-05 -3.24573819705914783e-03
8.255814e+00 -1.61221661910282595e-02  4.78526120314160550e-05 -2.84502028945436605e-03
8.313953e+00 -1.62011904314383545e-02  4.80871658917787572e-05 -2.43387403178819484e-03
8.372093e+00 -1.62411233004918151e-02  4.82056916573267257e-05 -2.01598373971355674e-03
8.430233e+00 -1.62531427205261161e-02  4.82413668040060679e-05 -1.59376460382992607e-03
8.488372e+00 -1.62450563265914942e-02  4.82173653722502867e-05 -1.16846812348909480e-03
8.546512e+00 -1.62220436843064503e-02  4.81490609626584402e-05 -7.40537524260254662e-04
8.604651e+00 -1.61879470552485603e-02  4.80478578896603685e-05 -3.10060020105667371e-04
8.662791e+00 -1.61461068588292997e-02  4.79236709371805373e-05  1.23018354612471162e-04
8.720930e+00 -1.60993554318754582e-02  4.77849068362828594e-05  5.58952312495849006e-04
8.779070e+00 -1.60497188484972041e-02  4.76375792291395040e-05  9.98292368883995848e-04
8.837209e+00 -1.59984631504353596e-02  4.74854458864796113e-05  1.44183612053956330e-03
8.895349e+00 -1.59465052260663737e-02  4.73312282480205389e-05  1.89047985459427168e-03
8.953488e+00 -1.58947250643417491e-02  4.71775382313859663e-05  2.34513569642622564e-03
9.011628e+00 -1.58438654977165159e-02  4.70265806565212037e-05  2.80679344082064661e-03
9.069767e+00 -1.57942707242952063e-02  4.68793771465741125e-05  3.27661287350530664e-03
9.127907e+00 -1.57459259235941638e-02  4.67358837124832148e-05  3.75590691802797421e-03
9.186047e+00 -1.56987608617884591e-02  4.65958918914496415e-05  4.24609120020704930e-03
9.244186e+00 -1.56527588734106105e-02  4.64593522182775578e-05  4.74876366980590218e-03
9.302326e+00 -1.56078017446484221e-02  4.63259138195485224e-05  5.26582835131204127e-03
9.360465e+00 -1.55636589520385636e-02  4.61948924726909225e-05  5.79940407208738920e-03
9.418605e+00 -1.55201739577603172e-02  4.60658235537922465e-05  6.35149020437084273e-03
9.476744e+00 -1.54771677322866879e-02  4.59381756807767020e-05  6.92363841286026960e-03
9.534884e+00 -1.54338861824487774e-02  4.58097106105279621e-05  7.51687264650665633e-03
9.593023e+00 -1.53884477542323098e-02  4.56748436546291993e-05  8.13206922926429897e-03
9.651163e+00 -1.53377583015018616e-02  4.55243909991351551e-05  8.77106668881143074e-03
9.709302e+00 -1.52780788609983825e-02  4.53472549320143597e-05  9.43845587344230817e-03
9.767442e+00 -1.52064183609961229e-02  4.51345575770904610e-05  1.01431316318953170e-02
9.825581e+00 -1.51226518665852384e-02  4.48859281118582493e-05  1.08979258958518191e-02
9.883721e+00 -1.50312536124722271e-02  4.46146466263292333e-05  1.17158132727921676e-02
9.941860e+00 -1.49405693481170290e-02  4.43454843519837150e-05  1.26026704500965571e-02
1.000000e+01 -1.48578123165570685e-02  4.40998510991289370e-05  1.35492675492045050e-02
1.005814e+01 -1.47798355909656027e-02  4.38684063941682573e-05  1.45281353684644718e-02
1.011628e+01 -1.46827794049200523e-02  4.35803314568025628e-05  1.55021060554838032e-02
1.017442e+01 -1.45167881976344740e-02  4.30876487274021154e-05  1.64482667120715575e-02
1.023256e+01 -1.42131496344595938e-02  4.21864113757025648e-05  1.73929706062016798e-02
1.029070e+01 -1.37081539932989750e-02  4.06875209531930987e-05  1.84428673690916235e-02
1.034884e+01 -1.29798699141114356e-02  3.85258824316091965e-05  1.97895220119170996e-02
1.040698e+01 -1.20832793821948180e-02  3.58646892416461185e-05  2.16681439562615430e-02
1.046512e+01 -1.11615009624926893e-02  3.31287352405325314e-05  2.42682037232591977e-02
1.052326e+01 -1.04125966211430828e-02  3.09058931937139609e-05  2.76219750129458042e-02
1.058140e+01 -1.00061235280387469e-02  2.96994300550071439e-05  3.15243762047533876e-02
1.063953e+01 -9.96857034219483969e-03  2.95879674877930589e-05  3.55469538575848079e-02
1.069767e+01 -1.00825596297379402e-02  2.99263019949469340e-05  3.91871614339763044e-02
1.075581e+01 -9.85738322844930022e-03  2.92579501840344622e-05  4.21414575606389036e-02
1.081395e+01 -8.61689638098215270e-03  2.55760295823882328e-05  4.46252348496740045e-02
1.087209e+01 -5.71397797681491137e-03  1.69598035425606233e-05  4.76144071671966637e-02
1.093023e+01 -8.30403870578056325e-04  2.46474287492747416e-06  5.28808057978549378e-02
1.098837e+01  5.72237552618604615e-03 -1.69847285227220805e-05  6.27465568502689475e-02
1.104651e+01  1.28023074694678246e-02 -3.79988548179210420e-05  7.95749486363233338e-02
1.110465e+01  1.84165480390574426e-02 -5.46626252222443852e-05  1.05109562656500594e-01
1.116279e+01  1.99142562447952171e-02 -5.91080110876471753e-05  1.39829866185523177e-01
1.122093e+01  1.43665909550106056e-02 -4.26418444667116126e-05  1.82488969298452541e-01
1.127907e+01 -9.37854109126317909e-04  2.78366866422289838e-06  2.29945586314682870e-01
1.133721e+01 -2.79745526651048355e-02  8.30319821526599396e-05  2.77326859503124412e-01
1.139535e+01 -6.75297852522860065e-02  2.00436875290429698e-04  3.18493526877087207e-01
1.145349e+01 -1.18883551084377162e-01  3.52861295408471605e-04  3.46739958568001105e-01
1.151163e+01 -1.79679581495905127e-01  5.33311541477289944e-04  3.55643504142634792e-01
1.156977e+01 -2.46013088549153991e-01  7.30197712981325267e-04  3.39964366259110473e-01
1.162791e+01 -3.12743236745768982e-01  9.28261165163663665e-04  2.96479972679286718e-01
1.168605e+01 -3.74007414377484193e-01  1.11010093091832044e-03  2.24624608368548945e-01
1.174419e+01 -4.23879109361423922e-01  1.25812637881026292e-03  1.26814202877768512e-01
1.180233e+01 -4.57079193795035976e-01  1.35666839487605818e-03  8.37935320744940398e-03
1.186047e+01 -4.69635627663342992e-01  1.39393746599705826e-03 -1.22900479544972477e-01
1.191860e+01 -4.59395782623371829e-01  1.36354432117072083e-03 -2.57596299959469588e-01
1.197674e+01 -4.26321874648450894e-01  1.26537681266512977e-03 -3.85647331660698811e-01
1.203488e+01 -3.72532059491285150e-01  1.10572189250975061e-03 -4.97463773537993093e-01
1.209302e+01 -3.02081161886332661e-01  8.96614789257581821e-04 -5.84983808819315665e-01
1.215116e+01 -2.20503750493705408e-01  6.54482797089660511e-04 -6.42561277422819987e-01
1.220930e+01 -1.34169762832559047e-01  3.98232689770130328e-04 -6.67566810677686306e-01
1.226744e+01 -4.95325197542952206e-02  1.47018733255543883e-04 -6.60602271135172225e-01
1.232558e+01  2.76228265682712561e-02 -8.19880149676057698e-05 -6.25273265947414170e-01
1.238372e+01  9.28099835310481208e-02 -2.75471675575675106e-04 -5.67541708195160366e-01
1.244186e+01  1.43247292169318252e-01 -4.25175935758929024e-04 -4.94770976766951698e-01
1.250000e+01  1.77978922527386757e-01 -5.28263772284588771e-04 -4.14646432212592120e-01
1.255814e+01  1.97711909472411407e-01 -5.86833753347384946e-04 -3.34176183738703614e-01
1.261628e+01  2.04428443627887230e-01 -6.06769269414681486e-04 -2.58944679677430178e-01
1.267442e+01  2.00874324291071410e-01 -5.96220197303463559e-04 -1.92719609354714883e-01
1.273256e+01  1.90038046963544233e-01 -5.64056766615967601e-04 -1.37425415102695236e-01
1.279070e+01  1.74719845451730665e-01 -5.18590422622461963e-04 -9.34171044520410443e-02
1.284884e+01  1.57252787991086718e-01 -4.66746004564996472e-04 -5.99320138623657336e-02
1.290698e+01  1.39389755986994018e-01 -4.13726284381745260e-04 -3.55764085235665620e-02
1.296512e+01  1.22324854750013451e-01 -3.63075516453398577e-04 -1.87256462015736140e-02
1.302326e+01  1.06789896859214611e-01 -3.16965812331102990e-04 -7.77587256336225059e-03
1.308140e+01  9.31656925358796406e-02 -2.76527464531210688e-04 -1.25762247309378389e-03
1.313953e+01  8.15720619832293742e-02 -2.42116114450177970e-04  2.12777723131779041e-03
1.319767e+01  7.19331712082495606e-02 -2.13506677280940016e-04  3.48415229818973540e-03
1.325581e+01  6.40345866099034655e-02 -1.90062687192551816e-04  3.68197634938698072e-03
1.331395e+01  5.75861031738254467e-02 -1.70922779292192762e-04  3.32534126032047904e-03
1.337209e+01  5.22879022157341777e-02 -1.55197054106781133e-04  2.76184853144403669e-03
1.343023e+01  4.78828509654948137e-02 -1.42122309313673882e-04  2.14927498641617320e-03
1.348837e+01  4.41777483953426503e-02 -1.31125100022946660e-04  1.55142015380523111e-03
1.354651e+01  4.10324903207712546e-02 -1.21789579435944249e-04  1.01370319117411833e-03
1.360465e+01  3.83350092376465307e-02 -1.13783117140220516e-04  5.86128710377691021e-04
1.366279e+01  3.59843777097069925e-02 -1.06806147842324531e-04  3.02314458746491186e-04
1.372093e+01  3.38917218202005599e-02 -1.00594882605849876e-04  1.53219613662278366e-04
1.377907e+01  3.19914692525565397e-02 -9.49546945687019503e-05  8.92029095043199514e-05
1.383721e+01  3.02479958112318384e-02 -8.97798466493429957e-05  5.20294582453401038e-05
1.389535e+01  2.86487513227824259e-02 -8.50330883574365446e-05  9.86066158754882905e-06
1.395349e+01  2.71878135930810200e-02 -8.06968418781231511e-05 -3.27761818148325639e-05
1.401163e+01  2.58522967776276327e-02 -7.67328604087101640e-05 -5.42335746727561055e-05
1.406977e+01  2.46208889379957718e-02 -7.30778874413066031e-05 -4.37463684953203689e-05
1.412791e+01  2.34725620254585612e-02 -6.96695090893191082e-05 -1.36803450009702405e-05
1.418605e+01  2.23954289124605604e-02 -6.64724428671644867e-05  1.13672289620901523e-05
1.424419e+01  2.13878204910116915e-02 -6.34817346520984030e-05  1.53399459736325228e-05
1.430233e+01  2.04518586706250241e-02 -6.07036825379837577e-05  1.91844607138674642e-06
1.436047e+01  1.95856903093338079e-02 -5.81327861675467035e-05 -1.19846949713901394e-05
1.441860e+01  1.87806171020518352e-02 -5.57432278794131117e-05 -1.23058300131876359e-05
1.447674e+01  1.80249311779596064e-02 -5.35002572440810301e-05  1.15469137785751232e-06
1.453488e+01  1.73104622770691927e-02 -5.13796239051414418e-05  1.67710968321129821e-05
1.459302e+01  1.66356008055629084e-02 -4.93765503857741974e-05  2.24437591169855174e-05
1.465116e+01  1.60025376333271969e-02 -4.74975394628172071e-05  1.58001263174277578e-05
1.470930e+01  1.54120305861934360e-02 -4.57448404586904440e-05  5.20101547866149491e-06
1.476744e+01  1.48602674289147977e-02 -4.41071381805361489e-05  1.75689026967961967e-06
1.482558e+01  1.43398929508093964e-02 -4.25626014403886050e-05  9.59365364870582465e-06
1.488372e+01  1.38441503671319181e-02 -4.10911752535344190e-05  2.24500600441444038e-05
1.494186e+01  1.33706253468178285e-02 -3.96856935821497249e-05  2.93477437198744854e-05
1.500000e+01  1.29211252539379751e-02 -3.83515209097709108e-05  2.44907416417565806e-05
