# Author: SW4
# Scenario: test
# Date: UTC  11/27/2017:20:25:06.000
# Bandwith (Hz): 1.234000e+00
# Station: sta10
# Target location (WGS84 longitude, latitude) (deg): 1.182594e+02 3.718865e+01
# Actual location (WGS84 longitude, latitude) (deg): 1.182594e+02 3.718865e+01
# Distance from target to actual location (m): 0.000000e+00
# nColumns: 4
# Column 1: Time (s)
# Column 2: X displacement (m)
# Column 3: Y displacement (m)
# Column 4: Z displacement (m)
0.000000e+00  0.00000000000000000e+00  0.00000000000000000e+00  0.00000000000000000e+00
8.387698e-03  0.00000000000000000e+00  0.00000000000000000e+00  0.00000000000000000e+00
1.677540e-02  0.00000000000000000e+00  0.00000000000000000e+00  0.00000000000000000e+00
2.516309e-02  0.00000000000000000e+00  0.00000000000000000e+00  0.00000000000000000e+00
3.355079e-02  0.00000000000000000e+00  0.00000000000000000e+00  0.00000000000000000e+00
4.193849e-02  0.00000000000000000e+00  0.00000000000000000e+00  0.00000000000000000e+00
5.032619e-02  0.00000000000000000e+00  0.00000000000000000e+00  0.00000000000000000e+00
5.871389e-02  0.00000000000000000e+00  0.00000000000000000e+00  0.00000000000000000e+00
6.710158e-02  0.00000000000000000e+00  0.00000000000000000e+00  0.00000000000000000e+00
7.548928e-02  0.00000000000000000e+00  0.00000000000000000e+00  0.00000000000000000e+00
8.387698e-02  0.00000000000000000e+00  0.00000000000000000e+00  0.00000000000000000e+00
9.226468e-02  0.00000000000000000e+00  0.00000000000000000e+00  0.00000000000000000e+00
1.006524e-01  0.00000000000000000e+00  0.00000000000000000e+00  0.00000000000000000e+00
1.090401e-01  0.00000000000000000e+00  0.00000000000000000e+00  0.00000000000000000e+00
1.174278e-01  0.00000000000000000e+00  0.00000000000000000e+00  0.00000000000000000e+00
1.258155e-01  0.00000000000000000e+00  0.00000000000000000e+00  0.00000000000000000e+00
1.342032e-01  0.00000000000000000e+00  0.00000000000000000e+00  0.00000000000000000e+00
1.425909e-01  0.00000000000000000e+00  0.00000000000000000e+00  0.00000000000000000e+00
1.509786e-01  0.00000000000000000e+00  0.00000000000000000e+00  0.00000000000000000e+00
1.593663e-01  0.00000000000000000e+00  0.00000000000000000e+00  0.00000000000000000e+00
1.677540e-01  0.00000000000000000e+00  0.00000000000000000e+00  0.00000000000000000e+00
1.761417e-01  0.00000000000000000e+00  0.00000000000000000e+00  0.00000000000000000e+00
1.845294e-01  0.00000000000000000e+00  0.00000000000000000e+00  0.00000000000000000e+00
1.929171e-01  0.00000000000000000e+00  0.00000000000000000e+00  0.00000000000000000e+00
2.013048e-01  0.00000000000000000e+00  0.00000000000000000e+00  0.00000000000000000e+00
2.096925e-01  0.00000000000000000e+00  0.00000000000000000e+00  0.00000000000000000e+00
2.180801e-01  0.00000000000000000e+00  0.00000000000000000e+00  0.00000000000000000e+00
2.264678e-01  0.00000000000000000e+00  0.00000000000000000e+00  0.00000000000000000e+00
2.348555e-01  0.00000000000000000e+00  0.00000000000000000e+00  0.00000000000000000e+00
2.432432e-01  0.00000000000000000e+00  0.00000000000000000e+00  0.00000000000000000e+00
2.516309e-01 4.71483012632399100e-297 -8.14299089242165347e-300 9.20980570527923094e-301
2.600186e-01 2.38059558969416533e-281 4.19640457221159769e-282 -1.59453361766358534e-282
2.684063e-01 3.08042849039544253e-268 2.89830998992630888e-268 -3.02945382737083382e-268
2.767940e-01 1.75357917198476947e-256 1.63093570658046303e-256 -2.53925675742145906e-256
2.851817e-01 6.58533074925635761e-246 4.62478301883210185e-246 -7.02690810455740599e-246
2.935694e-01 2.01970838874929247e-236 1.57255192828284148e-236 -2.42742594546621553e-236
3.019571e-01 1.04889730146948961e-227 8.72212747239559042e-228 -1.39448914823784021e-227
3.103448e-01 1.24888527082607413e-219 1.05888442495077600e-219 -1.73263672741686206e-219
3.187325e-01 3.88315622044357263e-212 3.39604806925576728e-212 -5.62692837418836044e-212
3.271202e-01 3.53821713808217532e-205 3.16824472527952176e-205 -5.26582118861775941e-205
3.355079e-01 1.02145511577535168e-198 9.34048098772129807e-199 -1.54525562874528033e-198
3.438956e-01 9.92941769559589803e-193 9.25252435428926842e-193 -1.51390326161294801e-192
3.522833e-01 3.38703361056388513e-187 3.21096471834098996e-187 -5.17008790229806817e-187
3.606710e-01 4.13693496463915191e-182 3.98469951460016489e-182 -6.28677846286902683e-182
3.690587e-01 1.79435081507176502e-177 1.75557835654784338e-177 -2.70284940668434217e-177
3.774464e-01 2.61851017667657730e-173 2.60133420635224754e-173 -3.88563715077089794e-173
3.858341e-01 1.09220369275884072e-169 1.10371853953817569e-169 -1.57775503633427073e-169
3.942218e-01 6.34605974034713600e-167 6.87624685384941510e-167 -8.55341662803350342e-167
4.026095e-01 -4.11900456223488428e-164 -3.40289658661340491e-164 5.68519182155830033e-164
4.109972e-01 2.96754187339061167e-162 1.60886859841232490e-161 8.95954072689981357e-161
4.193849e-01 -1.77673917574716810e-157 2.08076256568196692e-157 2.99177374916520818e-157
4.277726e-01 -6.89297688966791749e-154 7.98678984563952348e-154 5.34066890167279317e-154
4.361603e-01 -8.80157177245826361e-151 1.10278271247607623e-150 1.42152330279183576e-150
4.445480e-01 -3.12068887417978162e-148 9.07537079979331566e-148 2.38313594824117126e-147
4.529357e-01 2.79128697056821939e-145 7.38253154198031445e-145 1.94999557165598189e-144
4.613234e-01 5.24782057691113851e-142 5.03324835378216652e-142 7.25409346084859330e-142
4.697111e-01 5.39655017441080897e-139 1.57030928614392918e-139 -4.37244793317375939e-141
4.780988e-01 3.87000823664136230e-136 -3.38323491266740277e-137 -1.40399226929717549e-136
4.864865e-01 1.91529385473206503e-133 -4.92223241732173781e-134 -7.90759862604516094e-134
4.948742e-01 6.65157996631767252e-131 -2.01991210277766072e-131 -2.44075808708028651e-131
5.032619e-01 1.65967037004776732e-128 -4.46363719135389791e-129 -3.91710896016575070e-129
5.116496e-01 2.99492566626442311e-126 -4.48682438030138358e-127 1.79741964996714244e-127
5.200373e-01 3.77650851322022116e-124 4.91204356386517686e-125 2.91756782779609751e-124
5.284250e-01 2.81066909625509429e-122 2.86869790080897236e-122 8.92794252895188116e-122
5.368127e-01 -1.44762981219841078e-121 6.06071485254730791e-120 1.69235587840051893e-119
5.452004e-01 -3.62277031802061043e-118 8.29818034683804050e-118 2.28311278645186910e-117
5.535881e-01 -5.51070799742423478e-116 8.11216899373064511e-116 2.28502071462354174e-115
5.619758e-01 -4.99441134561395141e-114 5.77017663755215154e-114 1.71067597410951184e-113
5.703635e-01 -3.07913358739743627e-112 2.91213163266602324e-112 9.42432189379583778e-112
5.787512e-01 -1.27879770891332863e-110 9.35894172588624641e-111 3.60742819032895306e-110
5.871389e-01 -3.03791663497201422e-109 9.87918048130728239e-110 7.83675444877837224e-109
5.955266e-01 2.07277744605981006e-109 -7.11297071488592908e-108 -2.71947106924476900e-108
6.039143e-01 3.08618988388927851e-106 -4.20889869772098574e-106 -8.44463715975728415e-106
6.123020e-01 1.10957332773063620e-104 -1.00913729851949599e-104 -2.75283949558172674e-104
6.206897e-01 1.49677968995041879e-103 -5.59303839082249008e-104 -2.95353873264340059e-103
6.290774e-01 -1.34902793257803896e-102 3.06471855293317051e-102 5.72009150878082707e-102
6.374651e-01 -7.09847161390428483e-101 6.80044245367825932e-101 1.95466031808378093e-100
6.458527e-01 -4.32712641611713528e-100 -8.89453895753351374e-101 5.01886299025499100e-100
6.542404e-01  1.32280771091274400e-98 -1.68262224615241111e-98 -4.58610918915192910e-98
6.626281e-01  1.44346322012953227e-97 -5.63552678493481261e-98 -3.16792909859775227e-97
6.710158e-01 -2.02078082505508752e-96  2.86009292224061902e-96  7.90405594947440424e-96
6.794035e-01 -2.14371663513921555e-95  8.18972699077423051e-96  4.89140642815956708e-95
6.877912e-01  3.02159809510100017e-94 -3.96695403647133729e-94 -1.19092420928479839e-93
6.961789e-01  1.53311512926343550e-93  2.66517818820235322e-94 -1.95967001367306281e-93
7.045666e-01 -3.59748151026770545e-92  3.93325289805483417e-92  1.33486070187172587e-91
7.129543e-01  3.59912547741289824e-92 -2.12699501469040470e-91 -5.05443812336017360e-91
7.213420e-01  2.49235636743415996e-90 -1.92640776696267181e-90 -7.80313543333726143e-90
7.297297e-01 -1.58778373183109429e-89  2.53643429388557789e-89  8.27361040259632563e-89
7.381174e-01 -4.96793002474267272e-89 -3.43950047017314522e-89 -4.26379238762218055e-89
7.465051e-01  1.03241848087714794e-87 -1.10554517537697267e-87 -4.16413224636142923e-87
7.548928e-01 -3.57622883712650120e-87  8.00100489356977789e-87  2.84900262937914670e-86
7.632805e-01 -1.72312603986609119e-86 -2.18085267448759802e-87 -6.38668595289725401e-87
7.716682e-01  1.84736542972147261e-85 -2.60709894004302222e-85 -9.95063802384553549e-85
7.800559e-01 -3.27385264835360472e-85  1.38655364136472196e-84  6.00888619885029626e-84
7.884436e-01 -2.92462184846390030e-84  4.92918185076140902e-85 -4.88578048189143204e-84
7.968313e-01  1.40055837273484231e-83 -3.66587563555129534e-83 -1.31249576572359265e-82
8.052190e-01  4.70052756117298625e-83  1.38636227887560305e-82  7.99205159802012520e-82
8.136067e-01 -5.89814410552820356e-82  3.39358589004729963e-82 -1.12124777667642333e-81
8.219944e-01  1.01235447627092575e-81 -5.24832052799531000e-81 -1.07651169533550765e-80
8.303821e-01  1.33068869717497857e-80  2.03140955033934429e-80  7.04141768768029374e-80
8.387698e-01 -1.09461758430494344e-79 -8.82482278375255949e-81 -1.12160374398847782e-79
8.471575e-01  3.71153526102603543e-79 -2.42915899929067745e-79 -8.40350758188490792e-79
8.555452e-01 -8.19501097568269639e-80  1.11565923731307792e-78  6.26988200188692667e-78
8.639329e-01 -8.29408796335390180e-78 -5.37438230832990721e-78 -1.18457599712190426e-77
8.723206e-01  1.00225583315785978e-76  8.35214690870459831e-77 -1.57276890850768291e-76
8.807083e-01 -1.08082038543313956e-75 -1.15966585633967243e-75  2.50783674038751759e-75
8.890960e-01  1.02159137618095003e-74  1.15536548452460239e-74 -2.52614824631596990e-74
8.974837e-01 -7.70043845818310519e-74 -8.60715569356451060e-74  2.01129928563946999e-73
9.058714e-01  4.02919633640120459e-73  4.36318967898546224e-73 -1.19804678493537738e-72
9.142591e-01 -5.21846901518763162e-73 -4.30498182274416383e-73  3.60147203131506180e-72
9.226468e-01 -1.76763064395995520e-71 -2.07173710121565567e-71  2.51864256765449728e-71
9.310345e-01  2.46402049041330158e-70  2.78216176508239770e-70 -5.13414014108979994e-70
9.394222e-01 -1.88992153170283059e-69 -2.09261120641356150e-69  4.59819846588433812e-69
9.478099e-01  7.74388979441643983e-69  8.28291012617274689e-69 -2.38219644396750211e-68
9.561976e-01  1.71196661286205893e-68  2.21276122587055142e-68  1.50080849810985324e-68
9.645853e-01 -5.77025070029765132e-67 -6.56970052447243981e-67  1.05696905532444404e-66
9.729730e-01  4.83903733921098745e-66  5.37917801737582058e-66 -1.11348035457725115e-65
9.813607e-01 -1.74907603168957912e-65 -1.86850970284986039e-65  5.38368754004576090e-65
9.897484e-01 -7.26477157836786823e-65 -8.76963366584974217e-65  3.82642025286870313e-65
9.981361e-01  1.44061534274776690e-63  1.62709025166305787e-63 -2.79191531633516403e-63
1.006524e+00 -8.59814258811177734e-63 -9.45951111653053916e-63  2.12139050550384643e-62
1.014911e+00  4.06976677019262027e-63  2.60703336404169857e-63 -4.46763920473982175e-62
1.023299e+00  3.40085513723908788e-61  3.88455953565327585e-61 -5.67374363839887841e-61
1.031687e+00 -2.60524481430694130e-60 -2.89146705872792873e-60  5.89001958775492499e-60
1.040075e+00  3.78254678186282606e-60  3.74674825860066145e-60 -1.69167764047048182e-59
1.048462e+00  7.99718065172866309e-59  9.17425462174438176e-59 -1.24028064599155297e-58
1.056850e+00 -6.40408558094599473e-58 -7.11879853137176437e-58  1.41230086128690374e-57
1.065238e+00  6.80220350285138849e-58  6.47474315497325432e-58 -3.51095960992979190e-57
1.073625e+00  2.01805943583846245e-56  2.30491142462053607e-56 -3.28272639923396087e-56
1.082013e+00 -1.30582745347271020e-55 -1.44504731688285019e-55  2.97454517298711695e-55
1.090401e+00 -7.43649841971267422e-56 -1.07975154434795024e-55 -3.03625507602411337e-55
1.098788e+00  4.90800437954452310e-54  5.55481859842221353e-54 -8.85635671902879363e-54
1.107176e+00 -1.90570298129054902e-53 -2.07694591530985972e-53  4.89058999399517182e-53
1.115564e+00 -8.50887504108693216e-53 -9.96681418316210986e-53  9.17899456784162703e-53
1.123952e+00  9.52775269172046324e-52  1.06600797615250745e-51 -1.93289948545431210e-51
1.132339e+00 -7.41383233132692390e-52 -6.87487962517905561e-52  4.05450529805918648e-51
1.140727e+00 -2.72763653419752299e-50 -3.10192657340452927e-50  4.61771772437792878e-50
1.149115e+00  1.08765931473701876e-49  1.19017872610647602e-49 -2.66993981009539401e-49
1.157502e+00  4.98153064067953521e-49  5.80516350210336285e-49 -5.95179294407129110e-49
1.165890e+00 -4.53510584028118957e-48 -5.06190617569950440e-48  9.33781567747594951e-48
1.174278e+00 -2.98871213355920448e-48 -4.03853653551988897e-48 -6.07146518695424354e-48
1.182665e+00  1.34127088409171219e-46  1.51408925306484096e-46 -2.45988413051659877e-46
1.191053e+00 -1.96637362165735991e-46 -2.03919582677042642e-46  6.69309306245889728e-46
1.199441e+00 -3.23848358108708530e-45 -3.69189885065647503e-45  5.31910356759221011e-45
1.207829e+00  1.06465606042308165e-44  1.16133946008127416e-44 -2.63042750828055600e-44
1.216216e+00  6.75258378034723986e-44  7.78067900073824813e-44 -9.72394019670272866e-44
1.224604e+00 -3.57911193320540013e-43 -3.96184677312668966e-43  7.84335413356908192e-43
1.232992e+00 -1.26033264956001858e-42 -1.47135817741124186e-42  1.50916968522088150e-42
1.241379e+00  9.88748918184291721e-42  1.10265864720987497e-41 -2.02643672530747484e-41
1.249767e+00  2.19260587664454693e-41  2.60188802597278802e-41 -1.97267880599080458e-41
1.258155e+00 -2.43541686962824475e-40 -2.72785822014121887e-40  4.79031945080948621e-40
1.266542e+00 -3.80615848413530523e-40 -4.59522038769392103e-40  2.25192669711830565e-40
1.274930e+00  5.54494874963029560e-39  6.22571773973806434e-39 -1.06552608934941855e-38
1.283318e+00  7.29419418653895758e-39  8.88973160106317468e-39 -3.19696549073487235e-39
1.291705e+00 -1.18553463833861502e-37 -1.33216920639422661e-37  2.25896683040966294e-37
1.300093e+00 -1.64950463802633761e-37 -1.99801824826750795e-37  9.51916281538490910e-38
1.308481e+00  2.38442559153838081e-36  2.67752885188498430e-36 -4.56690131328097909e-36
1.316869e+00  4.20054896800499088e-36  5.00825517630181753e-36 -3.70642938496622797e-36
1.325256e+00 -4.46111500483610087e-35 -4.99807523114099825e-35  8.70680108028071165e-35
1.333644e+00 -1.08780803578722609e-34 -1.27674253187036456e-34  1.27370877125958070e-34
1.342032e+00  7.55851295755290506e-34  8.43081017047427386e-34 -1.52853520800467840e-33
1.350419e+00  2.65903799151512587e-33  3.08288876773997148e-33 -3.68979439048488884e-33
1.358807e+00 -1.09728202676144863e-32 -1.21346551176318711e-32  2.36659270739606703e-32
1.367195e+00 -5.88733156497751087e-32 -6.76297073567363596e-32  9.10567022602638272e-32
1.375582e+00  1.17960934318163405e-31  1.27581543639279768e-31 -2.94666573498095449e-31
1.383970e+00  1.14713158292704801e-30  1.30783899400109287e-30 -1.91960040055841942e-30
1.392358e+00 -3.23251801311371255e-31 -2.57053155252075920e-31  2.10008401392791318e-30
1.400746e+00 -1.89928786643042374e-29 -2.14962811572440587e-29  3.40587150586450229e-29
1.409133e+00 -2.54396982855237391e-29 -3.04868131417802293e-29  2.21646870758024951e-29
1.417521e+00  2.49793481312602897e-28  2.80050506577834033e-28 -4.85951247285401455e-28
1.425909e+00  8.30922088810102081e-28  9.61221752090337367e-28 -1.20865258399946447e-27
1.434296e+00 -2.12555272226892678e-27 -2.33062958614560724e-27  4.86928347010452998e-27
1.442684e+00 -1.61482937313415766e-26 -1.84350770888164887e-26  2.69803937339877571e-26
1.451072e+00 -3.00152911043138457e-27 -4.74247576045600360e-27 -1.31710944617330670e-26
1.459459e+00  2.16056975461618430e-25  2.44021179093725690e-25 -3.98962059657881100e-25
1.467847e+00  5.14569378287986421e-25  5.99197845575789679e-25 -7.01774695273729863e-25
1.476235e+00 -1.67366976035723893e-24 -1.85192741097323367e-24  3.64186092683857351e-24
1.484623e+00 -1.05200029943343894e-23 -1.20268101602287435e-23  1.75402466735712605e-23
1.493010e+00 -4.31906931786008840e-24 -5.68379037714521570e-24 -3.33027121062032097e-24
1.501398e+00  1.18113560124906453e-22  1.33290752078415264e-22 -2.22868810472577624e-22
1.509786e+00  3.50835341120459378e-22  4.05543684440319539e-22 -5.25969506126163244e-22
1.518173e+00 -4.67286026762906299e-22 -5.03723538246119432e-22  1.23232030782357468e-21
1.526561e+00 -5.23013639072777799e-21 -5.95211753774055328e-21  9.25849868764129770e-21
1.534949e+00 -8.97486372079253944e-21 -1.05176567499337059e-20  1.14178437445814547e-20
1.543336e+00  3.18056609689819239e-20  3.54115277122786884e-20 -6.87035213911275315e-20
1.551724e+00  1.84069173934212554e-19  2.10546605519250987e-19 -3.13937127317030802e-19
1.560112e+00  1.99697793487817078e-19  2.38007840329563998e-19 -1.91701452270050661e-19
1.568500e+00 -1.26191830103998365e-18 -1.41738118236196355e-18  2.59083471326915492e-18
1.576887e+00 -5.67088165678108534e-18 -6.50468006262673154e-18  9.52498604029022840e-18
1.585275e+00 -5.00493472589570083e-18 -6.01326650526479951e-18  3.88793133268885508e-18
1.593663e+00  3.71604367745472082e-17  4.18515472087901143e-17 -7.63851037296938834e-17
1.602050e+00  1.59070735018238075e-16  1.82578160317824650e-16 -2.69781264967078405e-16
1.610438e+00  1.70055939710825915e-16  2.01834836029092998e-16 -1.69735697154724219e-16
1.618826e+00 -8.14305781049578826e-16 -9.15220664092703648e-16  1.76326437098552549e-15
1.627213e+00 -3.98322387108052818e-15 -4.56676127999119222e-15  7.00141787202579448e-15
1.635601e+00 -6.24976110300368237e-15 -7.30601559488350373e-15  8.27737767787527182e-15
1.643989e+00  1.06734773680345851e-14  1.18168248905820919e-14 -2.77905081653255692e-14
1.652377e+00  8.16519315932964024e-14  9.33653344319267451e-14 -1.53053445149611112e-13
1.660764e+00  1.90000771310970955e-13  2.20032389974640668e-13 -2.98813052005793341e-13
1.669152e+00  5.22764027505412894e-14  6.83306141259672412e-14  9.75503481327935114e-14
1.677540e+00 -1.11865206212144821e-12 -1.27128882131354970e-12  2.37225158017932336e-12
1.685927e+00 -4.07168382492843965e-12 -4.68737417210179101e-12  7.27727452459437851e-12
1.694315e+00 -6.53949235905008552e-12 -7.62742773160644865e-12  9.24762117910856046e-12
1.702703e+00  2.89930390631075699e-12  3.03291828228457352e-12 -1.37324351903522476e-11
1.711090e+00  4.82038091015993188e-11  5.51085557388851086e-11 -1.01382934129530387e-10
1.719478e+00  1.46338273333772224e-10  1.68931413192304538e-10 -2.65252141340370763e-10
1.727866e+00  2.33312515951365061e-10  2.72052898634338147e-10 -3.44591215368603500e-10
1.736253e+00  2.89119585313131061e-11  4.17184209382811970e-11  2.24582682371081804e-10
1.744641e+00 -1.06203821129533038e-09 -1.21315390144920544e-09  2.50506420889772597e-09
1.753029e+00 -3.72969703455462753e-09 -4.30368096274018954e-09  7.46475562067820591e-09
1.761417e+00 -7.79990670002299106e-09 -9.05419119859306763e-09  1.39490896701271433e-08
1.769804e+00 -1.02772272489418644e-08 -1.20259200174772268e-08  1.48837524713250594e-08
1.778192e+00 -2.77332313124010770e-09 -3.50239725822562523e-09 -7.40019211676402622e-09
1.786580e+00  3.04689980638168245e-08  3.48592434189774120e-08 -8.45071192461588109e-08
1.794967e+00  1.12712943595765153e-07  1.30239089427436368e-07 -2.62250496388124481e-07
1.803355e+00  2.73674570788394811e-07  3.17425688836211499e-07 -6.00181368013035682e-07
1.811743e+00  5.51635465599741409e-07  6.41167638239175342e-07 -1.17938157368535009e-06
1.820130e+00  1.00612197136996680e-06  1.17074174273932432e-06 -2.13167989133019193e-06
1.828518e+00  1.74711863647794111e-06  2.03381131747665571e-06 -3.69865310449095679e-06
1.836906e+00  2.97952842260217604e-06  3.46823449750714847e-06 -6.31487856230565040e-06
1.845294e+00  5.05332418753451944e-06  5.88071899007457102e-06 -1.06981831671907331e-05
1.853681e+00  8.50986546729319180e-06  9.90099547014188017e-06 -1.79362862262304263e-05
1.862069e+00  1.41281940983738000e-05  1.64355667300603935e-05 -2.95873038671918997e-05
1.870457e+00  2.29934133566183210e-05  2.67465826783911098e-05 -4.78383603606373045e-05
1.878844e+00  3.66133807276592348e-05  4.25866588658318357e-05 -7.57577705832310813e-05
1.887232e+00  5.70877902592071372e-05  6.63949477799281635e-05 -1.17623970390438152e-04
1.895620e+00  8.72979696628145758e-05  1.01517833252019179e-04 -1.79259568054654774e-04
1.904007e+00  1.31068526008458442e-04  1.52396845517590413e-04 -2.68299549863813336e-04
1.912395e+00  1.93273217626956350e-04  2.24690693135528620e-04 -3.94385021580770563e-04
1.920783e+00  2.79897033709236500e-04  3.25344914471439905e-04 -5.69325879533689235e-04
1.929171e+00  3.98078048540611966e-04  4.62637196186049349e-04 -8.07237703028557173e-04
1.937558e+00  5.56114274639089162e-04  6.46182233546136126e-04 -1.12454887055976377e-03
1.945946e+00  7.63368186240686556e-04  8.86818068472143691e-04 -1.53971655195228076e-03
1.954334e+00  1.02999639697342509e-03  1.19628863311805993e-03 -2.07257495168743176e-03
1.962721e+00  1.36649116130909635e-03  1.58670601928856360e-03 -2.74339371837193768e-03
1.971109e+00  1.78309034671749671e-03  2.06985872403162800e-03 -3.57177908777747124e-03
1.979497e+00  2.28912783563731560e-03  2.65645117703473084e-03 -4.57545427400102549e-03
1.987884e+00  2.89235815068734350e-03  3.35531513555835078e-03 -5.76886750384527063e-03
1.996272e+00  3.59826412305229394e-03  4.17260302352373113e-03 -7.16166812572962067e-03
2.004660e+00  4.40939172307140345e-03  5.11101362689619400e-03 -8.75729583182113976e-03
2.013048e+00  5.32481697440695921e-03  6.16917216610342063e-03 -1.05519927982214747e-02
2.021435e+00  6.33986206573430248e-03  7.34130215192998255e-03 -1.25343744728804544e-02
2.029823e+00  7.44612031571133606e-03  8.61725941699726175e-03 -1.46854969430457484e-02
2.038211e+00  8.63177641168500799e-03  9.98291211866789846e-03 -1.69793793595166206e-02
2.046598e+00  9.88217626126140780e-03  1.14208122240857090e-02 -1.93840887616470899e-02
2.054986e+00  1.11806053774374907e-02  1.29111096514070139e-02 -2.18634635088537817e-02
2.063374e+00  1.25092326936327072e-02  1.44326586418224764e-02 -2.43792814231791818e-02
2.071761e+00  1.38501497368461665e-02  1.59642346818401580e-02 -2.68934872930803835e-02
2.080149e+00  1.51864047282945364e-02  1.74857446453662926e-02 -2.93702214854668874e-02
2.088537e+00  1.65029219918511154e-02  1.89793020709991059e-02 -3.17776250023153045e-02
2.096925e+00  1.77872135300752091e-02  2.04300588428537669e-02 -3.40893841534860506e-02
2.105312e+00  1.90298272852091263e-02  2.18267283754309156e-02 -3.62857816195483740e-02
2.113700e+00  2.02245275672243256e-02  2.31617947943145060e-02 -3.83540302242143180e-02
2.122088e+00  2.13682464491479311e-02  2.44314536150424776e-02 -4.02879675519487862e-02
2.130475e+00  2.24608583430015440e-02  2.56353456715618551e-02 -4.20873939244499826e-02
2.138863e+00  2.35048209647599586e-02  2.67761353618288060e-02 -4.37571874259486543e-02
2.147251e+00  2.45047264300752021e-02  2.78589841136379288e-02 -4.53061297585157716e-02
2.155638e+00  2.54668253576450197e-02  2.88909920504531008e-02 -4.67454966373602385e-02
2.164026e+00  2.63985952395384450e-02  2.98806911747000886e-02 -4.80877182006913262e-02
2.172414e+00  2.73084011522767324e-02  3.08376466501894750e-02 -4.93453506271597162e-02
2.180801e+00  2.82052627342056807e-02  3.17721824684670737e-02 -5.05302778286882831e-02
2.189189e+00  2.90987216565364824e-02  3.26952244308827827e-02 -5.16529782842393356e-02
2.197577e+00  2.99987901886188957e-02  3.36182377597229742e-02 -5.27219487486186578e-02
2.205965e+00  3.09159409380042952e-02  3.45532128663799051e-02 -5.37434934103589307e-02
2.214352e+00  3.18610891764494614e-02  3.55126422404049014e-02 -5.47218222205250460e-02
2.222740e+00  3.28455372573189172e-02  3.65094524581001806e-02 -5.56591875516471782e-02
2.231128e+00  3.38808638406981957e-02  3.75568715898445815e-02 -5.65559922502496051e-02
2.239515e+00  3.49787188449658185e-02  3.86681873216692951e-02 -5.74110726875689467e-02
2.247903e+00  3.61504668589489389e-02  3.98563289004709859e-02 -5.82222228613721582e-02
2.256291e+00  3.74066647088499848e-02  4.11332551663116455e-02 -5.89867193558086048e-02
2.264678e+00  3.87564357195804982e-02  4.25092214012293759e-02 -5.97016740553577216e-02
2.273066e+00  4.02068292528390894e-02  4.39920294813439250e-02 -6.03643622799032720e-02
2.281454e+00  4.17622189552711853e-02  4.55863243988510400e-02 -6.09726703964139707e-02
2.289842e+00  4.34237744667962111e-02  4.72929768390669344e-02 -6.15254814785664017e-02
2.298229e+00  4.51890705347485072e-02  4.91086253352914087e-02 -6.20227635552300927e-02
2.306617e+00  4.70519107435202616e-02  5.10254680592269264e-02 -6.24654566067895170e-02
2.315005e+00  4.90024026415578004e-02  5.30313471061672481e-02 -6.28553842630024118e-02
2.323392e+00  5.10272820940630145e-02  5.51101215773369540e-02 -6.31951172870077599e-02
2.331780e+00  5.31104837357727344e-02  5.72423250229365799e-02 -6.34875517514394971e-02
2.340168e+00  5.52339349584629186e-02  5.94060820935232645e-02 -6.37352703153294675e-02
2.348555e+00  5.73784802203488944e-02  6.15781774272562352e-02 -6.39400087949179574e-02
2.356943e+00  5.95248018967931627e-02  6.37351212606193512e-02 -6.41023115237896735e-02
2.365331e+00  6.16542589165806412e-02  6.58541207892107960e-02 -6.42211760704101131e-02
2.373719e+00  6.37496358002635349e-02  6.79139525199184552e-02 -6.42936783913253540e-02
2.382106e+00  6.57957817649331977e-02  6.98957175443887246e-02 -6.43148648577477194e-02
2.390494e+00  6.77800721799552558e-02  7.17834047889368970e-02 -6.42780254999637257e-02
2.398882e+00  6.96926514241298645e-02  7.35642165454609004e-02 -6.41751151724529456e-02
2.407269e+00  7.15264892388872420e-02  7.52286958148540158e-02 -6.39971807555329286e-02
2.415657e+00  7.32772943165235363e-02  7.67707076793236465e-02 -6.37349667125486075e-02
2.424045e+00  7.49432911039440292e-02  7.81872785060574865e-02 -6.33797647320363117e-02
2.432432e+00  7.65248770641915460e-02  7.94783052070793111e-02 -6.29241987460946867e-02
2.440820e+00  7.80242235736708922e-02  8.06461987055266671e-02 -6.23626784338457488e-02
2.449208e+00  7.94448612647702113e-02  8.16954987069393179e-02 -6.16916433968619782e-02
2.457596e+00  8.07912196157536816e-02  8.26324108635564658e-02 -6.09097517703953290e-02
2.465983e+00  8.20681000316842435e-02  8.34642263629720854e-02 -6.00178257726200412e-02
2.474371e+00  8.32801541932002704e-02  8.41986954538027077e-02 -5.90183623703981822e-02
2.482759e+00  8.44314729758399857e-02  8.48434723188568607e-02 -5.79148405503865094e-02
2.491146e+00  8.55253274790065965e-02  8.54056793872604025e-02 -5.67111897582888227e-02
2.499534e+00  8.65640670798575596e-02  8.58916009286654486e-02 -5.54114397443130416e-02
2.507922e+00  8.75492183466130142e-02  8.63065688578056878e-02 -5.40194325208661064e-02
2.516309e+00  8.84818310201443137e-02  8.66551147873711319e-02 -5.25387870620947495e-02
2.524697e+00  8.93630355543146987e-02  8.69413703419769229e-02 -5.09734074789247593e-02
2.533085e+00  9.01947232408751298e-02  8.71696345600054129e-02 -4.93284181757911236e-02
2.541473e+00  9.09802860113798628e-02  8.73450574499925469e-02 -4.76111407997081917e-02
2.549860e+00  9.17253459981791086e-02  8.74743793693833205e-02 -4.58319719690189753e-02
2.558248e+00  9.24383178762026997e-02  8.75665566204599372e-02 -4.40051964617535971e-02
2.566636e+00  9.31306188717738181e-02  8.76330589773268304e-02 -4.21494918516926789e-02
2.575023e+00  9.38164539702090738e-02  8.76877479306684693e-02 -4.02877151312049306e-02
2.583411e+00  9.45122224540941164e-02  8.77463779162107327e-02 -3.84459282507055022e-02
2.591799e+00  9.52355986136151633e-02  8.78257631261642469e-02 -3.66519581783651405e-02
2.600186e+00  9.60043291164692780e-02  8.79426324219488298e-02 -3.49336192228378375e-02
2.608574e+00  9.68348658685644625e-02  8.81122838978961737e-02 -3.33165553550694507e-02
2.616962e+00  9.77410226088638173e-02  8.83472380996017520e-02 -3.18219669482942349e-02
2.625349e+00  9.87327986860935813e-02  8.86560401586971442e-02 -3.04647574701658007e-02
2.633737e+00  9.98154428851935754e-02  8.90422810057230202e-02 -2.92523369289021846e-02
2.642125e+00  1.00988842597636450e-01  8.95039334948787846e-02 -2.81839371854101725e-02
2.650513e+00  1.02247332707469871e-01  9.00331251351991352e-02 -2.72504250273497318e-02
2.658900e+00  1.03579916989309295e-01  9.06163539337330459e-02 -2.64348264247976916e-02
2.667288e+00  1.04970786069495420e-01  9.12350219612764329e-02 -2.57135063193982168e-02
2.675676e+00  1.06400042197669367e-01  9.18661975037116663e-02 -2.50575835510569375e-02
2.684063e+00  1.07844620628830712e-01  9.24836200407897768e-02 -2.44343366127779196e-02
2.692451e+00  1.09279374748351144e-01  9.30589254020789819e-02 -2.38087247559651341e-02
2.700839e+00  1.10678221699230125e-01  9.35629628350386489e-02 -2.31450505658149543e-02
2.709226e+00  1.12015274001110249e-01  9.39671095634832948e-02 -2.24085053393396350e-02
2.717614e+00  1.13265960752431102e-01  9.42445967446831623e-02 -2.15665078652004932e-02
2.726002e+00  1.14408120280742015e-01  9.43718217447248597e-02 -2.05901077059545239e-02
2.734390e+00  1.15422970575933079e-01  9.43294981590207943e-02 -1.94556112816993074e-02
2.742777e+00  1.16295892213504712e-01  9.41035377337422763e-02 -1.81462085145581431e-02
2.751165e+00  1.17017049298417289e-01  9.36857124329929514e-02 -1.66533915924099475e-02
2.759553e+00  1.17581853661699279e-01  9.30741187512595936e-02 -1.49782216545140835e-02
2.767940e+00  1.17991177531787270e-01  9.22732974540251272e-02 -1.31323928292455139e-02
2.776328e+00  1.18251237543558915e-01  9.12938952857162422e-02 -1.11387025118467702e-02
2.784716e+00  1.18373204215387523e-01  9.01519916012889500e-02 -9.03059453427186402e-03
2.793103e+00  1.18372625239973106e-01  8.88682565279351327e-02 -6.85081504309647225e-03
2.801491e+00  1.18268658895175793e-01  8.74669033030152643e-02 -4.64930031455828684e-03
2.809879e+00  1.18083102270745449e-01  8.59743749862539042e-02 -2.48024121719191528e-03
2.818267e+00  1.17839311344854494e-01  8.44179565364526485e-02 -3.98404236568268544e-04
2.826654e+00  1.17561131304338207e-01  8.28245445681700249e-02  1.54481325341476457e-03
2.835042e+00  1.17271829077594494e-01  8.12195033192591592e-02  3.30504290459279673e-03
2.843430e+00  1.16992982780747296e-01  7.96254442610125623e-02  4.84804595025940376e-03
2.851817e+00  1.16743419018191644e-01  7.80610974810934249e-02  6.15206581300258362e-03
2.860205e+00  1.16538341626386238e-01  7.65405666575410260e-02  7.20909004174795538e-03
2.868593e+00  1.16388644322574897e-01  7.50728756101163713e-02  8.02477935383372545e-03
2.876980e+00  1.16300318019756682e-01  7.36615176237419567e-02  8.61721775403262273e-03
2.885368e+00  1.16274015526778726e-01  7.23041217206520925e-02  9.01481719505367596e-03
2.893756e+00  1.16304945211332472e-01  7.09926135726530877e-02  9.25356429443277735e-03
2.902144e+00  1.16383124488217679e-01  6.97138415889888424e-02  9.37377519808523484e-03
2.910531e+00  1.16493898933931944e-01  6.84503174498550387e-02  9.41673710798612840e-03
2.918919e+00  1.16618749304377586e-01  6.71811137631737748e-02  9.42163910834169747e-03
2.927307e+00  1.16736496853044269e-01  6.58832906753528680e-02  9.42292488983020697e-03
2.935694e+00  1.16824828752029375e-01  6.45337563961229377e-02  9.44805971991608852e-03
2.944082e+00  1.16861884451181411e-01  6.31109974933222601e-02  9.51583688537801890e-03
2.952470e+00  1.16827763880818933e-01  6.15964981066520686e-02  9.63538023995487783e-03
2.960857e+00  1.16705970080462906e-01  5.99761475990466322e-02  9.80580380181242731e-03
2.969245e+00  1.16484663706736616e-01  5.82415710344363693e-02  1.00164263741771859e-02
2.977633e+00  1.16157443347589859e-01  5.63908049788582541e-02  1.02476130213015153e-02
2.986021e+00  1.15723520730425911e-01  5.44280941120460424e-02  1.04723540870991505e-02
2.994408e+00  1.15187402183352577e-01  5.23631964267415317e-02  1.06584883448245932e-02
3.002796e+00  1.14558152417092676e-01  5.02104184427329195e-02  1.07713906728127314e-02
3.011184e+00  1.13848193210401918e-01  4.79871371547656855e-02  1.07770614846809023e-02
3.019571e+00  1.13071724815553290e-01  4.57117884185826162e-02  1.06455113301863261e-02
3.027959e+00  1.12243068327143369e-01  4.34018226457047740e-02  1.03540873505830050e-02
3.036347e+00  1.11375150799551445e-01  4.10720192077713916e-02  9.89035099276225176e-03
3.044734e+00  1.10478142086108941e-01  3.87330820059435324e-02  9.25433356264685272e-03
3.053122e+00  1.09558273341040999e-01  3.63904303099358908e-02  8.46003808400885675e-03
3.061510e+00  1.08617022192553300e-01  3.40434052674488327e-02  7.53589236352345416e-03
3.069897e+00  1.07650787753752489e-01  3.16850947047585055e-02  6.52394237891985428e-03
3.078285e+00  1.06650972040895964e-01  2.93027107672223230e-02  5.47791894711070499e-03
3.086673e+00  1.05604382065785804e-01  2.68783828053089646e-02  4.46042294852485883e-03
3.095061e+00  1.04494029214646844e-01  2.43903241373108343e-02  3.53932925604566462e-03
3.103448e+00  1.03300373620318048e-01  2.18143546791577173e-02  2.78358622108008415e-03
3.111836e+00  1.02002843072176289e-01  1.91257269335482864e-02  2.25887394850966122e-03
3.120224e+00  1.00581421694530271e-01  1.63011510462294888e-02  2.02356918918795113e-03
3.128611e+00  9.90182991122590256e-02  1.33208131155604925e-02  2.12516230365893555e-03
3.136999e+00  9.72996024225858819e-02  1.01701772795872794e-02  2.59721324576669315e-03
3.145387e+00  9.54170011108130545e-02  6.84153941020083315e-03  3.45713231836807227e-03
3.153774e+00  9.33688940641489579e-02  3.33534889464983829e-03  4.70503363204014934e-03
3.162162e+00  9.11611159621277672e-02 -3.38930832081820474e-04  6.32362038673027309e-03
3.170550e+00  8.88072178831061099e-02 -4.16275280266951379e-03  8.27895944497235303e-03
3.178938e+00  8.63282065254399461e-02 -8.10918850048706827e-03  1.05220869796525396e-02
3.187325e+00  8.37516241192668570e-02 -1.21440606266283984e-02  1.29913064702639018e-02
3.195713e+00  8.11101990111106619e-02 -1.62273276156959696e-02  1.56148737397414899e-02
3.204101e+00  7.84404479376817759e-02 -2.03147885902862195e-02  1.83138178267633067e-02
3.212488e+00  7.57813229093708823e-02 -2.43599918562690046e-02  2.10047721245379578e-02
3.220876e+00  7.31728689735281213e-02 -2.83159101797445002e-02  2.36026182663959146e-02
3.229264e+00  7.06551765858754316e-02 -3.21360521112126346e-02  2.60226979002427805e-02
3.237651e+00  6.82680152552230801e-02 -3.57750537007373026e-02  2.81825595555632545e-02
3.246039e+00  6.60510978472464982e-02 -3.91888913260991650e-02  3.00033642961930122e-02
3.254427e+00  6.40446590286196799e-02 -4.23346643401798992e-02  3.14109355114577313e-02
3.262815e+00  6.22903282577970813e-02 -4.51698682208896002e-02  3.23363891900561307e-02
3.271202e+00  6.08324368242508240e-02 -4.76513341911382754e-02  3.27165655326480398e-02
3.279590e+00  5.97195158933793019e-02 -4.97341922331632491e-02  3.24946325663950653e-02
3.287978e+00  5.90055106899484497e-02 -5.13710939555387797e-02  3.16209482322964558e-02
3.296365e+00  5.87505638517013609e-02 -5.25117310665416184e-02  3.00540642693268821e-02
3.304753e+00  5.90214426191442917e-02 -5.31026994844471315e-02  2.77620085781581302e-02
3.313141e+00  5.98913830020798704e-02 -5.30879415301524146e-02  2.47241715713853796e-02
3.321528e+00  6.14388900356663825e-02 -5.24100720888248939e-02  2.09337883678101869e-02
3.329916e+00  6.37452674734974994e-02 -5.10127500744651519e-02  1.64006383059587223e-02
3.338304e+00  6.68908880011354623e-02 -4.88440734137330426e-02  1.11537124105823785e-02
3.346692e+00  7.09501372487125470e-02 -4.58609453448060034e-02  5.24383040146834348e-03
3.355079e+00  7.59849335129001296e-02 -4.20344057254018119e-02 -1.25404019394263159e-03
3.363467e+00  8.20369892706734050e-02 -3.73557942110772229e-02 -8.23937614163313022e-03
3.371855e+00  8.91193107558245212e-02 -3.18432599537495850e-02 -1.55861207343552036e-02
3.380242e+00  9.72076560265422579e-02 -2.55478318652474327e-02 -2.31442931889215379e-02
3.388630e+00  1.06232832795650711e-01 -1.85582529179986640e-02 -3.07432636657657410e-02
3.397018e+00  1.16074803143389915e-01 -1.10039014340973500e-02 -3.81968754140977751e-02
3.405405e+00  1.26559574437459493e-01 -3.05509943120274444e-03 -4.53104029663144309e-02
3.413793e+00  1.37459827211807606e-01  5.07991283103585191e-03 -5.18889073950086349e-02
3.422181e+00  1.48499976589591298e-01  1.31617064712800172e-02 -5.77463302976947146e-02
3.430568e+00  1.59365756964551075e-01  2.09298326765729494e-02 -6.27147002609068221e-02
3.438956e+00  1.69717835612044760e-01  2.81157313472535121e-02 -6.66528105772456886e-02
3.447344e+00  1.79208713981492629e-01  3.44575530482352232e-02 -6.94536382474542774e-02
3.455732e+00  1.87501872581573248e-01  3.97158559044562126e-02 -7.10498270318678793e-02
3.464119e+00  1.94291469354770624e-01  4.36887428113850451e-02 -7.14167682380729002e-02
3.472507e+00  1.99320544942847844e-01  4.62248659245649632e-02 -7.05730460765125328e-02
3.480895e+00  2.02396114979230268e-01  4.72330832990203592e-02 -6.85782525449085828e-02
3.489282e+00  2.03400079383075610e-01  4.66880453064660028e-02 -6.55284183998013220e-02
3.497670e+00  2.02294946576415891e-01  4.46312752356634798e-02 -6.15494571400973106e-02
3.506058e+00  1.99123586338993436e-01  4.11675655479655789e-02 -5.67891037821472919e-02
3.514445e+00  1.94003170452748036e-01  3.64570026646740958e-02 -5.14079860488335025e-02
3.522833e+00  1.87114372710922378e-01  3.07034904063915176e-02 -4.55705972219866695e-02
3.531221e+00  1.78686984228089457e-01  2.41409102272741871e-02 -3.94368135439214437e-02
3.539609e+00  1.68982954419005543e-01  1.70180243260122134e-02 -3.31543328963065168e-02
3.547996e+00  1.58278270390060677e-01  9.58319507481386959e-03 -2.68523522844944552e-02
3.556384e+00  1.46845510312319572e-01  2.07007904202239756e-03 -2.06368868290756000e-02
3.564772e+00  1.34938553532095135e-01 -5.31457677046187019e-03 -1.45879801224532996e-02
3.573159e+00  1.22780218853837553e-01 -1.24002320276587925e-02 -8.75870981369530899e-03
3.581547e+00  1.10553366104689466e-01 -1.90585466403888765e-02 -3.17580406925097470e-03
3.589935e+00  9.83960636304289510e-02 -2.52058785712869320e-02  2.15811534243669657e-03
3.598322e+00  8.64011055106870124e-02 -3.08021802557738346e-02  7.26063693004058881e-03
3.606710e+00  7.46195000014372167e-02 -3.58464417820789846e-02  1.21642914562720608e-02
3.615098e+00  6.30671414467019881e-02 -4.03692388531805904e-02  1.69103759080721887e-02
3.623486e+00  5.17338616934624254e-02 -4.44232390300182065e-02  2.15422017286617182e-02
3.631873e+00  4.05940264394508282e-02 -4.80726187166618871e-02  2.60980606557614098e-02
3.640261e+00  2.96175673570126183e-02 -5.13824065847147265e-02  3.06044947314907979e-02
3.648649e+00  1.87800933771158363e-02 -5.44088574861423258e-02  3.50706945521035429e-02
3.657036e+00  8.07086873041944902e-03 -5.71919410144949222e-02  3.94846885000256290e-02
3.665424e+00 -2.50206355988664845e-03 -5.97507925367622289e-02  4.38116901232235775e-02
3.673812e+00 -1.29098986347027257e-02 -6.20825566988368813e-02  4.79948720924788588e-02
3.682199e+00 -2.31043159667428805e-02 -6.41645792449849900e-02  5.19587265546552560e-02
3.690587e+00 -3.30217719107170557e-02 -6.59595002439557626e-02  5.56147522896147453e-02
3.698975e+00 -4.25900716130373017e-02 -6.74224926090274124e-02  5.88687174383850861e-02
3.707363e+00 -5.17359382580364277e-02 -6.85096018631835973e-02  6.16285884996878447e-02
3.715750e+00 -6.03923357407708250e-02 -6.91859217758741818e-02  6.38122900375597268e-02
3.724138e+00 -6.85046846192357145e-02 -6.94323867423173036e-02  6.53544413535730034e-02
3.732526e+00 -7.60353066953681489e-02 -6.92503160843384452e-02  6.62112310984125652e-02
3.740913e+00 -8.29655091648790477e-02 -6.86632733119971611e-02  6.63629592697913273e-02
3.749301e+00 -8.92951520090830009e-02 -6.77161523480150629e-02  6.58143260764573468e-02
3.757689e+00 -9.50402447574632131e-02 -6.64717731856672017e-02  6.45928423065206259e-02
3.766076e+00 -1.00229478757074081e-01 -6.50056805176309205e-02  6.27458062298961866e-02
3.774464e+00 -1.04900464036209132e-01 -6.34000782516565137e-02  6.03364695981430457e-02
3.782852e+00 -1.09096270418583718e-01 -6.17377975819233676e-02  5.74402128843121973e-02
3.791240e+00 -1.12862890137429700e-01 -6.00970396500833393e-02  5.41413953117276248e-02
3.799627e+00 -1.16248111120379277e-01 -5.85474551673113505e-02  5.05311040598577163e-02
3.808015e+00 -1.19301814913864587e-01 -5.71478463979174997e-02  4.67057225261150455e-02
3.816403e+00 -1.22077211295943427e-01 -5.59454140565660007e-02  4.27661482218144318e-02
3.824790e+00 -1.24632351193211477e-01 -5.49761925704868662e-02  3.88173443313047789e-02
3.833178e+00 -1.27031354726640205e-01 -5.42661963135991215e-02  3.49676809213011822e-02
3.841566e+00 -1.29344872401054078e-01 -5.38327574000630679e-02  3.13274816393915925e-02
3.849953e+00 -1.31649307310674923e-01 -5.36855492422320807e-02  2.80064238835595093e-02
3.858341e+00 -1.34024476583802704e-01 -5.38269359261175778e-02  2.51097663898340595e-02
3.866729e+00 -1.36549803231532846e-01 -5.42515629379290015e-02  2.27336609660216647e-02
3.875116e+00 -1.39299566413091824e-01 -5.49453782652609135e-02  2.09600155087369990e-02
3.883504e+00 -1.42337866347784836e-01 -5.58844384254348001e-02  1.98515066562367851e-02
3.891892e+00 -1.45713846493343235e-01 -5.70339310093527646e-02  1.94474429831989551e-02
3.900280e+00 -1.49457712456686487e-01 -5.83478897298055979e-02  1.97612608193345127e-02
3.908667e+00 -1.53578194853572936e-01 -5.97700519945738307e-02  2.07802918335326312e-02
3.917055e+00 -1.58061936422348226e-01 -6.12361173537301282e-02  2.24679493927526265e-02
3.925443e+00 -1.62874793031574899e-01 -6.26773285491144388e-02  2.47679665217111038e-02
3.933830e+00 -1.67964677956201652e-01 -6.40249828621078099e-02  2.76101499401379576e-02
3.942218e+00 -1.73265551225755765e-01 -6.52152973752765375e-02  3.09170708588917924e-02
3.950606e+00 -1.78702119645196028e-01 -6.61939347085679225e-02  3.46108056009480913e-02
3.958993e+00 -1.84194585106343844e-01 -6.69194062884916202e-02  3.86185526897207115e-02
3.967381e+00 -1.89662686729328317e-01 -6.73646346843514710e-02  4.28762555262968761e-02
3.975769e+00 -1.95028548965682169e-01 -6.75162690832685070e-02  4.73300486530107284e-02
3.984157e+00 -2.00218210011356507e-01 -6.73717813903721291e-02  5.19357030049997989e-02
3.992544e+00 -2.05161896801637877e-01 -6.69347424884937647e-02  5.66562326142558206e-02
4.000932e+00 -2.09793231117200829e-01 -6.62089640934292595e-02  6.14580483438142561e-02
4.009320e+00 -2.14047746282079066e-01 -6.51924245996678420e-02  6.63065599274572648e-02
4.017707e+00 -2.17861287415644922e-01 -6.38720050625757874e-02  7.11622810670820283e-02
4.026095e+00 -2.21168905549900124e-01 -6.22199566697797385e-02  7.59780549578549375e-02
4.034483e+00 -2.23904695650955360e-01 -6.01927380572908066e-02  8.06975617169860132e-02
4.042870e+00 -2.26002759923111030e-01 -5.77324827887187794e-02  8.52551929429467281e-02
4.051258e+00 -2.27399254994627431e-01 -5.47709267034681632e-02  8.95773540025081305e-02
4.059646e+00 -2.28035357860820520e-01 -5.12352207996676703e-02  9.35849407793416244e-02
4.068034e+00 -2.27860839706942542e-01 -4.70548134568639503e-02  9.71963932623566285e-02
4.076421e+00 -2.26837734043130290e-01 -4.21685352723605023e-02  1.00330747449997759e-01
4.084809e+00 -2.24943541336030839e-01 -3.65310544993805927e-02  1.02910400274511704e-01
4.093197e+00 -2.22173636882539743e-01 -3.01179782512268034e-02  1.04863512806512293e-01
4.101584e+00 -2.18542795503947923e-01 -2.29291794965561166e-02  1.06126026031591186e-01
4.109972e+00 -2.14085818606265854e-01 -1.49903799377619756e-02  1.06643338241632774e-01
4.118360e+00 -2.08857307575089496e-01 -6.35329997800712556e-03  1.06371854312103858e-01
4.126747e+00 -2.02930791619748196e-01  2.90533294843300233e-03  1.05280724854431559e-01
4.135135e+00 -1.96397482178495147e-01  1.26856771716291269e-02  1.03354051653983467e-01
4.143523e+00 -1.89364768696876656e-01  2.28672354155024203e-02  1.00593669672369171e-01
4.151911e+00 -1.81954395734122365e-01  3.33115700435494891e-02  9.70223662795283437e-02
4.160298e+00 -1.74300203388895431e-01  4.38653036315369213e-02  9.26871466635672131e-02
4.168686e+00 -1.66545268298878030e-01  5.43637327673421669e-02  8.76620377382587440e-02
4.177074e+00 -1.58838252042244082e-01  6.46352800841785979e-02  8.20499257837380286e-02
4.185461e+00 -1.51328883351904503e-01  7.45067378365473071e-02  7.59828511138316010e-02
4.193849e+00 -1.44162710606153877e-01  8.38091975838071018e-02  6.96200655331709189e-02
4.202237e+00 -1.37475404369540949e-01  9.23845704387323691e-02  6.31433474997062510e-02
4.210624e+00 -1.31387025716275280e-01  1.00092355874899702e-01  5.67496339405244576e-02
4.219012e+00 -1.25996869818091689e-01  1.06815973838766801e-01  5.06414858401655621e-02
4.227400e+00 -1.21379543009934129e-01  1.12467920513889083e-01  4.50159796057321634e-02
4.235788e+00 -1.17582713772623249e-01  1.16993228363232588e-01  4.00527210115829216e-02
4.244175e+00 -1.14626728542635545e-01  1.20370929455238307e-01  3.59021264979737381e-02
4.252563e+00 -1.12506156059186513e-01  1.22613382525728287e-01  3.26754317272264921e-02
4.260951e+00 -1.11193121556527053e-01  1.23763533904353240e-01  3.04375658758362887e-02
4.269338e+00 -1.10641942301478113e-01  1.23890432358304492e-01  2.92034303414706597e-02
4.277726e+00 -1.10794365513160603e-01  1.23083554938267378e-01  2.89378499236355481e-02
4.286114e+00 -1.11584769868665140e-01  1.21446688901198974e-01  2.95593707982133476e-02
4.294501e+00 -1.12944783082732036e-01  1.19092121114662941e-01  3.09476322282191893e-02
4.302889e+00 -1.14806779167677231e-01  1.16135655804624358e-01  3.29533414930592433e-02
4.311277e+00 -1.17105843972070356e-01  1.12692775445117230e-01  3.54095346778151229e-02
4.319664e+00 -1.19780087844446492e-01  1.08876270093253485e-01  3.81429662300446018e-02
4.328052e+00 -1.22769441269057020e-01  1.04795572941604839e-01  4.09847062930488240e-02
4.336440e+00 -1.26013235448227706e-01  1.00557567199625095e-01  4.37790615556340121e-02
4.344828e+00 -1.29447056896217327e-01  9.62681843052173858e-02  4.63900258957571088e-02
4.353215e+00 -1.32999536140396724e-01  9.20341888212751064e-02  4.87049176469322928e-02
4.361603e+00 -1.36589769154207757e-01  8.79647780924000117e-02  5.06354987560918429e-02
4.369991e+00 -1.40126029436659860e-01  8.41724170513778319e-02  5.21172282624415839e-02
4.378378e+00 -1.43506357692397973e-01  8.07720398268300249e-02  5.31072512817961223e-02
4.386766e+00 -1.46621379908072613e-01  7.78781372570661878e-02  5.35816361536443977e-02
4.395154e+00 -1.49359281988392156e-01  7.56000291433387706e-02  5.35324909047290923e-02
4.403541e+00 -1.51612495229647204e-01  7.40358842781870113e-02  5.29655992483659271e-02
4.411929e+00 -1.53285410393514232e-01  7.32659004816506171e-02  5.18987937506176292e-02
4.420317e+00 -1.54302160049889309e-01  7.33453665940116961e-02  5.03607572174180965e-02
4.428705e+00 -1.54613224438720748e-01  7.42989889860627695e-02  4.83898396816216866e-02
4.437092e+00 -1.54199659323537935e-01  7.61178400439423142e-02  4.60326807373648006e-02
4.445480e+00 -1.53074163577199496e-01  7.87594916400758960e-02  4.33424446493961141e-02
4.453868e+00 -1.51278653949580316e-01  8.21513713198149392e-02  4.03763548154738305e-02
4.462255e+00 -1.48878378391811839e-01  8.61973719928516013e-02  3.71924229311938193e-02
4.470643e+00 -1.45953114730411587e-01  9.07873492312625818e-02  3.38457739675189773e-02
4.479031e+00 -1.42586636608042244e-01  9.58081771737767235e-02  3.03852217916972429e-02
4.487418e+00 -1.38855977320253149e-01  1.01154564507921180e-01  2.68506007074805209e-02
4.495806e+00 -1.34821951212045321e-01  1.06738262154972119e-01  2.32712187765150742e-02
4.504194e+00 -1.30522184953313830e-01  1.12494699016619057e-01  1.96658262973950192e-02
4.512582e+00 -1.25967675151883063e-01  1.18386021221358217e-01  1.60443390551172106e-02
4.520969e+00 -1.21143417692759409e-01  1.24399815125680921e-01  1.24110953826037443e-02
4.529357e+00 -1.16012955806088530e-01  1.30543828562905972e-01  8.76904758881806058e-03
4.537745e+00 -1.10526103176545570e-01  1.36837807701712277e-01  5.12423810772889496e-03
4.546132e+00 -1.04628782018495195e-01  1.43303553103399706e-01  1.48994641856316939e-03
4.554520e+00 -9.82737304269681172e-02  1.49954230801729455e-01 -2.11016497699757994e-03
4.562908e+00 -9.14307200954068422e-02  1.56784367597112034e-01 -5.64050427712859889e-03
4.571295e+00 -8.40950343408449347e-02  1.63762053625869736e-01 -9.05385532463624451e-03
4.579683e+00 -7.62933187672908963e-02  1.70824155060799232e-01 -1.22934237714822786e-02
4.588071e+00 -6.80863303001880554e-02  1.77874620805586969e-01 -1.52963523212450072e-02
4.596459e+00 -5.95684255263171855e-02  1.84785917882992062e-01 -1.79983152442373048e-02
4.604846e+00 -5.08639125561614336e-02  1.91403589689084802e-01 -2.03386072629419892e-02
4.613234e+00 -4.21207070817209150e-02  1.97553299542885030e-01 -2.22650637940597258e-02
4.621622e+00 -3.35019610662089379e-02  2.03049206472213001e-01 -2.37383040393534805e-02
4.630009e+00 -2.51763566365766113e-02  2.07702793378673450e-01 -2.47349622860417798e-02
4.638397e+00 -1.73077127983900549e-02  2.11331644337428404e-01 -2.52496326893595670e-02
4.646785e+00 -1.00446230512453785e-02  2.13767417589275144e-01 -2.52953715563612840e-02
4.655172e+00 -3.51091880268809180e-03  2.14862028716392373e-01 -2.49028376700743508e-02
4.663560e+00  2.20236918377315861e-03  2.14491588216504853e-01 -2.41182719981207529e-02
4.671948e+00  7.04306665307520129e-03  2.12558270850863484e-01 -2.30004637643817580e-02
4.680336e+00  1.10014464496492950e-02  2.08990233221524935e-01 -2.16168801836994565e-02
4.688723e+00  1.41108615933472938e-02  2.03739579992725156e-01 -2.00393077384275163e-02
4.697111e+00  1.64452304403230123e-02  1.96779009116498455e-01 -1.83393870916423070e-02
4.705499e+00  1.81136121217688566e-02  1.88098442045438075e-01 -1.65842844022287585e-02
4.713886e+00  1.92522824492758309e-02  1.77702741060557889e-01 -1.48327409375447420e-02
4.722274e+00  2.00147921024023574e-02  1.65611128130222995e-01 -1.31319190143812520e-02
4.730662e+00  2.05608065487957528e-02  1.51859018168932575e-01 -1.15154677013548316e-02
4.739049e+00  2.10448529612842494e-02  1.36503033890324976e-01 -1.00029851977143838e-02
4.747437e+00  2.16060196734950416e-02  1.19629084277642850e-01 -8.60088153437981590e-03
4.755825e+00  2.23593712725054100e-02  1.01362226237467601e-01 -7.30464654560470435e-03
4.764212e+00  2.33897401358331668e-02  8.18766536400611367e-02 -6.10242292989630376e-03
4.772600e+00  2.47484498411012083e-02  6.14041962337791777e-02 -4.97947915726007235e-03
4.780988e+00  2.64531253919148487e-02  4.02393361675452005e-02 -3.92294189447437748e-03
4.789376e+00  2.84902957940477465e-02  1.87384356198073143e-02 -2.92615095972207154e-03
4.797763e+00  3.08203053490729226e-02 -2.68844036298877083e-03 -1.99211414233692275e-03
4.806151e+00  3.33839640637262694e-02 -2.35933161481224861e-02 -1.13563111738564375e-03
4.814539e+00  3.61102070934895339e-02 -4.35127917589796243e-02 -3.83749742606769603e-04
4.822926e+00  3.89239602222690995e-02 -6.19955668415637443e-02  2.25599942518250369e-04
4.831314e+00  4.17535204307656824e-02 -7.86324387901293498e-02  6.46636945745856649e-04
4.839702e+00  4.45369080425356695e-02 -9.30851965189232744e-02  8.29933480475980763e-04
4.848089e+00  4.72267756317745341e-02 -1.05110532521047684e-01  7.27167556845901772e-04
4.856477e+00  4.97936303091591689e-02 -1.14575915071029114e-01  2.95900463082022851e-04
4.864865e+00  5.22272770912374021e-02 -1.21465688503818628e-01 -4.96081927620104965e-04
4.873253e+00  5.45364735949877000e-02 -1.25876783758745947e-01 -1.66740515913536705e-03
4.881640e+00  5.67469025815238587e-02 -1.28004504485935755e-01 -3.22117919992377351e-03
4.890028e+00  5.88977173965545969e-02 -1.28120382389244419e-01 -5.14457851379597226e-03
4.898416e+00  6.10369697876558120e-02 -1.26545538689471437e-01 -7.40967557346642464e-03
4.906803e+00  6.32162523293405554e-02 -1.23623278115763013e-01 -9.97530181719529126e-03
4.915191e+00  6.54850182493012661e-02 -1.19693900135106515e-01 -1.27897981709033590e-02
4.923579e+00  6.78851566919849575e-02 -1.15074046402941541e-01 -1.57943582235569209e-02
4.931966e+00  7.04463444429552915e-02 -1.10042418428445310e-01 -1.89264916995825483e-02
4.940354e+00  7.31825984971659488e-02 -1.04832513569972821e-01 -2.21232607346397506e-02
4.948742e+00  7.60904209858256492e-02 -9.96313851187561744e-02 -2.53242009101070711e-02
4.957130e+00  7.91487771015518399e-02 -9.45826882618849285e-02 -2.84738968510383494e-02
4.965517e+00  8.23208160618560253e-02 -8.97925514812094178e-02 -3.15240726374188748e-02
4.973905e+00  8.55569806912086783e-02 -8.53369069313717338e-02 -3.44350475261793604e-02
4.982293e+00  8.87990510900233954e-02 -8.12686842831770173e-02 -3.71765458983392486e-02
4.990680e+00  9.19845568982248230e-02 -7.76237718200017274e-02 -3.97279435866103731e-02
4.999068e+00  9.50508721641469684e-02 -7.44257533948999572e-02 -4.20779747346250454e-02
5.007456e+00  9.79383984605277091e-02 -7.16898220554899601e-02 -4.42238421797162343e-02
5.015843e+00  1.00592539307855069e-01 -6.94258752940521140e-02 -4.61697294695664340e-02
5.024231e+00  1.02964428535848973e-01 -6.76408085180603830e-02 -4.79248596616558900e-02
5.032619e+00  1.05010533611116744e-01 -6.63404899155369127e-02 -4.95013166910199948e-02
5.041007e+00  1.06691447140348797e-01 -6.55317049394130435e-02 -5.09118153908858992e-02
5.049394e+00  1.07970394307302667e-01 -6.52235970122655440e-02 -5.21676067278651345e-02
5.057782e+00  1.08812040052234424e-01 -6.54280661459906154e-02 -5.32767670883398659e-02
5.066170e+00  1.09182025389617993e-01 -6.61592277672937157e-02 -5.42431312695353315e-02
5.074557e+00  1.09047451777432233e-01 -6.74321397449358095e-02 -5.50660456472803969e-02
5.082945e+00  1.08378385528738824e-01 -6.92605333786789346e-02 -5.57410061513192723e-02
5.091333e+00  1.07150307475615991e-01 -7.16534450511962101e-02 -5.62611211198327729e-02
5.099720e+00  1.05347211809240421e-01 -7.46114460269591689e-02 -5.66191949270590245e-02
5.108108e+00  1.02964866906296970e-01 -7.81232997615728952e-02 -5.68101393005667615e-02
5.116496e+00  1.00013735647956375e-01 -8.21632220766520399e-02 -5.68334077951284170e-02
5.124884e+00  9.65211606682849915e-02 -8.66887717264369917e-02 -5.66951035054073932e-02
5.133271e+00  9.25324992627449272e-02 -9.16399404978505555e-02 -5.64093383108458246e-02
5.141659e+00  8.81109505064400361e-02 -9.69399873966997894e-02 -5.59985251751339980e-02
5.150047e+00  8.33359626501585932e-02 -1.02497758686074761e-01 -5.54925725912672960e-02
5.158434e+00  7.83003189853966608e-02 -1.08210913775684384e-01 -5.49271331891424408e-02
5.166822e+00  7.31061486145806183e-02 -1.13969955596278455e-01 -5.43410521217479667e-02
5.175210e+00  6.78601622535388166e-02 -1.19663089966396616e-01 -5.37732496134948890e-02
5.183597e+00  6.26684504381395113e-02 -1.25181351342860459e-01 -5.32595297818646216e-02
5.191985e+00  5.76312531737750988e-02 -1.30423188308378596e-01 -5.28298815034399238e-02
5.200373e+00  5.28381640072552311e-02 -1.35298219040301565e-01 -5.25065882162392486e-02
5.208760e+00  4.83641835764041864e-02 -1.39730217360399422e-01 -5.23032449139903821e-02
5.217148e+00  4.42669142576062949e-02 -1.43659086133296032e-01 -5.22247766701040630e-02
5.225536e+00  4.05851058049335328e-02 -1.47041368576057041e-01 -5.22684659557885387e-02
5.233924e+00  3.73387119029572750e-02 -1.49849272974520054e-01 -5.24256915047418767e-02
5.242311e+00  3.45304611940319139e-02 -1.52068657739078517e-01 -5.26838969819564684e-02
5.250699e+00  3.21487155967844773e-02 -1.53696334310568367e-01 -5.30284159592162227e-02
5.259087e+00  3.01712704165460963e-02 -1.54736779287615672e-01 -5.34438962105693721e-02
5.267474e+00  2.85697165979455457e-02 -1.55198554683707857e-01 -5.39150543612003930e-02
5.275862e+00  2.73138649819588547e-02 -1.55091180200238932e-01 -5.44266036771439560e-02
5.284250e+00  2.63756304564411806e-02 -1.54423129298926709e-01 -5.49624940534829548e-02
5.292637e+00  2.57318941871279259e-02 -1.53201080725289512e-01 -5.55047813595082248e-02
5.301025e+00  2.53660601514467364e-02 -1.51430373122943135e-01 -5.60324161461690298e-02
5.309413e+00  2.52680994114777013e-02 -1.49116888593937014e-01 -5.65202643104197114e-02
5.317801e+00  2.54330115075925532e-02 -1.46270460457929935e-01 -5.69387758862909821e-02
5.326188e+00  2.58579607630772083e-02 -1.42909182177084398e-01 -5.72546262853817420e-02
5.334576e+00  2.65385786101178071e-02 -1.39063691620779833e-01 -5.74323502853923695e-02
5.342964e+00  2.74649083095412395e-02 -1.34780955819728737e-01 -5.74367921122064182e-02
5.351351e+00  2.86174906223061708e-02 -1.30127272010854694e-01 -5.72361895262907816e-02
5.359739e+00  2.99642256706546262e-02 -1.25189743951767823e-01 -5.68056271168166441e-02
5.368127e+00  3.14585696750113997e-02 -1.20075451809805001e-01 -5.61303601447366643e-02
5.376514e+00  3.30393080320488183e-02 -1.14908338996825954e-01 -5.52084258303201514e-02
5.384902e+00  3.46319519561973446e-02 -1.09824356651653895e-01 -5.40521731497192875e-02
5.393290e+00  3.61517639127551180e-02 -1.04965091425263599e-01 -5.26885730899457339e-02
5.401678e+00  3.75082196668944517e-02 -1.00470024099460167e-01 -5.11581883470616922e-02
5.410065e+00  3.86104102284123771e-02 -9.64682515176727429e-02 -4.95127037870251308e-02
5.418453e+00  3.93728028779512518e-02 -9.30708461140192789e-02 -4.78111992273630507e-02
5.426841e+00  3.97208807875535572e-02 -9.03644318281606046e-02 -4.61156609152759064e-02
5.435228e+00  3.95961829723110448e-02 -8.84061040793395897e-02 -4.44862276291218689e-02
5.443616e+00  3.89602155640257145e-02 -8.72201736140148787e-02 -4.29764974855561116e-02
5.452004e+00  3.77968457439617142e-02 -8.67973636329276849e-02 -4.16292604806928201e-02
5.460391e+00  3.61130574769265786e-02 -8.70963888660173519e-02 -4.04731716663719598e-02
5.468779e+00  3.39380925015861576e-02 -8.80473035046600017e-02 -3.95207406979583634e-02
5.477167e+00  3.13210453562157431e-02 -8.95563362722361228e-02 -3.87676511218569067e-02
5.485555e+00  2.83271364308642741e-02 -9.15121995454763609e-02 -3.81932846643519910e-02
5.493942e+00  2.50331072579923763e-02 -9.37933481922929857e-02 -3.77624325305720362e-02
5.502330e+00  2.15222334290790240e-02 -9.62752591220236015e-02 -3.74281016849287509e-02
5.510718e+00  1.78793507026888919e-02 -9.88372196513795792e-02 -3.71350171621303432e-02
5.519105e+00  1.41862647333871605e-02 -1.01368520847938598e-01 -3.68233285637934032e-02
5.527493e+00  1.05179435320852336e-02 -1.03773647480836839e-01 -3.64322745880775040e-02
5.535881e+00  6.93975657539756558e-03 -1.05975791017192525e-01 -3.59036964105740389e-02
5.544268e+00  3.50578169873245766e-03 -1.07918446972969345e-01 -3.51851129682360514e-02
5.552656e+00  2.58099167925137307e-04 -1.09565322581104380e-01 -3.42320080261498891e-02
5.561044e+00 -2.77300905243214185e-03 -1.10898659774124109e-01 -3.30092993107680907e-02
5.569432e+00 -5.56814389830785628e-03 -1.11915923409780224e-01 -3.14922201612497163e-02
5.577819e+00 -8.11747286103210904e-03 -1.12625144561452187e-01 -2.96666669213698359e-02
5.586207e+00 -1.04192765659318707e-02 -1.13039590062505399e-01 -2.75288702034252354e-02
5.594595e+00 -1.24784960019052246e-02 -1.13172372989346001e-01 -2.50844978499145457e-02
5.602982e+00 -1.43053879043753881e-02 -1.13031422095344364e-01 -2.23475884101445137e-02
5.611370e+00 -1.59143736970811037e-02 -1.12615277202643027e-01 -1.93394960928931145e-02
5.619758e+00 -1.73230607472039284e-02 -1.11910297489326141e-01 -1.60876807673930936e-02
5.628145e+00 -1.85513371463732341e-02 -1.10889736313851378e-01 -1.26243326862411111e-02
5.636533e+00 -1.96204571165753787e-02 -1.09514798979712433e-01 -8.98515146656249375e-03
5.644921e+00 -2.05520610467877195e-02 -1.07737545498173173e-01 -5.20842626993357240e-03
5.653308e+00 -2.13670968940530420e-02 -1.05505420897000851e-01 -1.33417414031810353e-03
5.661696e+00 -2.20846698346586455e-02 -1.02767075111898185e-01  2.59681415044942920e-03
5.670084e+00 -2.27209038863735342e-02 -9.94788334640595712e-02  6.54382134254699165e-03
5.678472e+00 -2.32879239572252525e-02 -9.56109481609496437e-02  1.04668169129765679e-02
5.686859e+00 -2.37930929085132734e-02 -9.11528571358067446e-02  1.43270374273880736e-02
5.695247e+00 -2.42386365209986722e-02 -8.61168879228015605e-02  1.80876968173596386e-02
5.703635e+00 -2.46217240960780702e-02 -8.05399000825443995e-02  2.17147003876067765e-02
5.712022e+00 -2.49350150802699275e-02 -7.44824820765296880e-02  2.51772311450648330e-02
5.720410e+00 -2.51676565765481530e-02 -6.80257552871837284e-02  2.84482815652757209e-02
5.728798e+00 -2.53066402550700710e-02 -6.12662764167505244e-02  3.15052013901456554e-02
5.737185e+00 -2.53383362173179062e-02 -5.43096447732711041e-02  3.43301785397920819e-02
5.745573e+00 -2.52500362276386510e-02 -4.72634695184097064e-02  3.69105602059633664e-02
5.753961e+00 -2.50313897145274140e-02 -4.02305631979604436e-02  3.92390030067278281e-02
5.762349e+00 -2.46755823729984947e-02 -3.33032571690536072e-02  4.13134433451038049e-02
5.770736e+00 -2.41801042878901466e-02 -2.65593584991093735e-02  4.31368694336811062e-02
5.779124e+00 -2.35470876989825710e-02 -2.00598964191754936e-02  4.47169214839550286e-02
5.787512e+00 -2.27832875878019141e-02 -1.38487139632090615e-02  4.60653478940166033e-02
5.795899e+00 -2.18997174350218267e-02 -7.95379410329769346e-03  4.71973054658449201e-02
5.804287e+00 -2.09109366257207822e-02 -2.38979808046908783e-03  4.81305359428442006e-02
5.812675e+00 -1.98341124800651379e-02  2.83890209120988852e-03  4.88845355544591242e-02
5.821062e+00 -1.86880226188050648e-02  7.73517362406910339e-03  4.94798040522047428e-02
5.829450e+00 -1.74920347985113404e-02  1.23063220592588198e-02  4.99371561561618993e-02
5.837838e+00 -1.62650530588362117e-02  1.65618779887172704e-02  5.02770689035845417e-02
5.846226e+00 -1.50245440764457464e-02  2.05122444555172409e-02  5.05191196374173146e-02
5.854613e+00 -1.37857939140794018e-02  2.41680933389097387e-02  5.06815870052731848e-02
5.863001e+00 -1.25613992971522585e-02  2.75401730272738302e-02  5.07811911913673905e-02
5.871389e+00 -1.13609463715520550e-02  3.06393482968550027e-02  5.08328671424016915e-02
5.879776e+00 -1.01909659389607509e-02  3.34768102544495266e-02  5.08495200229705235e-02
5.888164e+00 -9.05527409972499593e-03  3.60642597313946545e-02  5.08418327678522505e-02
5.896552e+00 -7.95561585754475838e-03  3.84138385234727500e-02  5.08181879142154541e-02
5.904939e+00 -6.89245493939015606e-03  4.05378057275297896e-02  5.07846311311644094e-02
5.913327e+00 -5.86588568217597667e-03  4.24481073916294985e-02  5.07447852168517177e-02
5.921715e+00 -4.87663704209309254e-03  4.41559316596229212e-02  5.06997896699384332e-02
5.930103e+00 -3.92694234251785707e-03  4.56712959532532617e-02  5.06484134067434824e-02
5.938490e+00 -3.02104434409399209e-03  4.70027577448104208e-02  5.05873237640057441e-02
5.946878e+00 -2.16531639056824271e-03  4.81573608317216670e-02  5.05113763964795681e-02
5.955266e+00 -1.36801280692455673e-03  4.91408978806049321e-02  5.04139209160643018e-02
5.963653e+00 -6.38544179174798808e-04  4.99585043209097163e-02  5.02872373081423504e-02
5.972041e+00  1.37100835109250082e-05  5.06154955010199026e-02  5.01230909488813089e-02
5.980429e+00  5.80800886006828799e-04  5.11183176667464531e-02  4.99132422271274315e-02
5.988816e+00  1.05760042873786326e-03  5.14755459186887476e-02  4.96498281816046896e-02
5.997204e+00  1.44310617970839442e-03  5.16988467013249214e-02  4.93256810050002881e-02
6.005592e+00  1.74148524977559265e-03  5.18036861441591237e-02  4.89346107333938213e-02
6.013979e+00  1.96258719037560895e-03  5.18095787278001832e-02  4.84715667669548128e-02
6.022367e+00  2.12184091811467223e-03  5.17398772573114119e-02  4.79326264577741717e-02
6.030755e+00  2.23963463605762704e-03  5.16211743052781349e-02  4.73148736111255463e-02
6.039143e+00  2.34020875279523097e-03  5.14822761607456186e-02  4.66162408827229466e-02
6.047530e+00  2.45007943040918179e-03  5.13527687975209243e-02  4.58353252006058476e-02
6.055918e+00  2.59621074521330453e-03  5.12614154385350185e-02  4.49711762040979415e-02
6.064306e+00  2.80421522693906746e-03  5.12346275723520178e-02  4.40230899389849814e-02
6.072693e+00  3.09668900455018067e-03  5.12950629750056758e-02  4.29904364975766118e-02
6.081081e+00  3.49174318955444186e-03  5.14604040005602059e-02  4.18725362655642599e-02
6.089469e+00  4.00191794607229236e-03  5.17424997778763718e-02  4.06686044827885146e-02
6.097856e+00  4.63360378388470370e-03  5.21469584902311684e-02  3.93777571780025634e-02
6.106244e+00  5.38687689211136880e-03  5.26730674145782160e-02  3.79990311009065496e-02
6.114632e+00  6.25565208577066097e-03  5.33139661610241150e-02  3.65314121673744330e-02
6.123020e+00  7.22820004079738516e-03  5.40571468889644927e-02  3.49739353821529458e-02
6.131407e+00  8.28800585660305345e-03  5.48852428948797197e-02  3.33258630072135881e-02
6.139795e+00  9.41477792915561100e-03  5.57769049962094574e-02  3.15868501318403577e-02
6.148183e+00  1.05854973266150554e-02  5.67077123036052663e-02  2.97570722396635276e-02
6.156570e+00  1.17755631178866685e-02  5.76512356541476340e-02  2.78374097871538981e-02
6.164958e+00  1.29599973736451313e-02  5.85801983973960605e-02  2.58297037200216906e-02
6.173346e+00  1.41145311093396862e-02  5.94675170807761125e-02  2.37369408815040830e-02
6.181733e+00  1.52165142765062870e-02  6.02872227212375295e-02  2.15633030674938393e-02
6.190121e+00  1.62457245497310936e-02  6.10154205711096326e-02  1.93141813026199670e-02
6.198509e+00  1.71850159084348808e-02  6.16311836224937085e-02  1.69961836469095517e-02
6.206897e+00  1.80206530821965284e-02  6.21171246538102587e-02  1.46169962190137639e-02
6.215284e+00  1.87423448051916887e-02  6.24596957574784298e-02  1.21850488985625980e-02
6.223672e+00  1.93430789514142457e-02  6.26494142339390492e-02  9.70914034756453076e-03
6.232060e+00  1.98187307949683547e-02  6.26809062456383514e-02  7.19812111791094753e-03
6.240447e+00  2.01674188113644889e-02  6.25525658078969621e-02  4.66055569011519961e-03
6.248835e+00  2.03887623324579305e-02  6.22659916711297348e-02  2.10434897332820994e-03
6.257223e+00  2.04831862295622967e-02  6.18254720674829075e-02 -4.63496868396282165e-04
6.265610e+00  2.04512777858781199e-02  6.12374497701148393e-02 -3.03689082813172898e-03
6.273998e+00  2.02932631872616183e-02  6.05098349291161922e-02 -5.61052007988878214e-03
6.282386e+00  2.00087664283760298e-02  5.96513571542874876e-02 -8.17965923967696809e-03
6.290774e+00  1.95968662927187183e-02  5.86711727883542367e-02 -1.07398588290868631e-02
6.299161e+00  1.90563493132156793e-02  5.75786190245167542e-02 -1.32864807096648493e-02
6.307549e+00  1.83861692346554834e-02  5.63829673415070509e-02 -1.58142138746770571e-02
6.315937e+00  1.75861293890141497e-02  5.50932799993983716e-02 -1.83167126709497460e-02
6.324324e+00  1.66576153324217990e-02  5.37184719211414100e-02 -2.07863540336269415e-02
6.332712e+00  1.56042105655096429e-02  5.22674543570954275e-02 -2.32140714229487170e-02
6.341100e+00  1.44322084615843942e-02  5.07492297061715239e-02 -2.55893274068433214e-02
6.349487e+00  1.31509910261653814e-02  4.91729819230538948e-02 -2.79003095799803813e-02
6.357875e+00  1.17731086559655328e-02  4.75482231067629255e-02 -3.01343095823228962e-02
6.366263e+00  1.03140316024339616e-02  4.58849345923812366e-02 -3.22781707122970010e-02
6.374651e+00  8.79171572083376797e-03  4.41936204533563970e-02 -3.43187670646878454e-02
6.383038e+00  7.22600903146302428e-03  4.24852807243343220e-02 -3.62435410672822533e-02
6.391426e+00  5.63783286928596413e-03  4.07713532416975541e-02 -3.80410545130935654e-02
6.399814e+00  4.04824931046431080e-03  3.90636190234465164e-02 -3.97014408128905441e-02
6.408201e+00  2.47760505298355973e-03  3.73740110807536385e-02 -4.12167185450555348e-02
6.416589e+00  9.44752923547005565e-04  3.57143025099184164e-02 -4.25810144520686051e-02
6.424977e+00 -5.33701317688860385e-04  3.40957276881619989e-02 -4.37907038227282469e-02
6.433364e+00 -1.94400430428758215e-03  3.25285791409113262e-02 -4.48444163502905932e-02
6.441752e+00 -3.27559367700494672e-03  3.10217438588731576e-02 -4.57429113207198645e-02
6.450140e+00 -4.52125228832475808e-03  2.95821601324157135e-02 -4.64888902176902319e-02
6.458527e+00 -5.67716022903000644e-03  2.82142818376709612e-02 -4.70867684709323567e-02
6.466915e+00 -6.74276317844607447e-03  2.69196430257893984e-02 -4.75423837590386797e-02
6.475303e+00 -7.72041845286333250e-03  2.56965198338841953e-02 -4.78626688137452280e-02
6.483691e+00 -8.61494371151099413e-03  2.45396887476867151e-02 -4.80553380163147789e-02
6.492078e+00 -9.43314469220595322e-03  2.34403801229822288e-02 -4.81285743325025536e-02
6.500466e+00 -1.01832619129341839e-02  2.23865144094376467e-02 -4.80907011941154455e-02
6.508854e+00 -1.08743410951248776e-02  2.13631871249870854e-02 -4.79498961497280621e-02
6.517241e+00 -1.15156450065987889e-02  2.03533494575931541e-02 -4.77139802936895271e-02
6.525629e+00 -1.21161476600709188e-02  1.93387092665702302e-02 -4.73902297301245709e-02
6.534017e+00 -1.26840612911913175e-02  1.83008458308709515e-02 -4.69851974386682539e-02
6.542404e+00 -1.32264239332308946e-02  1.72224121470548955e-02 -4.65046331892835368e-02
6.550792e+00 -1.37488298724583891e-02  1.60882962405592238e-02 -4.59535227492628567e-02
6.559180e+00 -1.42552964698651526e-02  1.48866941889346186e-02 -4.53361424046669279e-02
6.567568e+00 -1.47482244894840703e-02  1.36100233330411231e-02 -4.46560916813135977e-02
6.575955e+00 -1.52284802015153174e-02  1.22555352667084207e-02 -4.39163995619316141e-02
6.584343e+00 -1.56956185537440243e-02  1.08255468268154201e-02 -4.31197233778484804e-02
6.592731e+00 -1.61481900409374476e-02  9.32730518361811478e-03 -4.22685079505585731e-02
6.601118e+00 -1.65840955472382166e-02  7.77249254420111276e-03 -4.13650414332812008e-02
6.609506e+00 -1.70009988703758892e-02  6.17636548226318735e-03 -4.04115123801383827e-02
6.617894e+00 -1.73967490996326038e-02  4.55661559632222248e-03 -3.94101266423737620e-02
6.626281e+00 -1.77697345019710261e-02  2.93209401799663424e-03 -3.83631753105155987e-02
6.634669e+00 -1.81191636469377852e-02  1.32149791557280793e-03 -3.72729785010979045e-02
6.643057e+00 -1.84452820556146140e-02 -2.57885947992351409e-04 -3.61418093244329289e-02
6.651445e+00 -1.87494664264987523e-02 -1.79123817523077641e-03 -3.49718998411862811e-02
6.659832e+00 -1.90341735105313443e-02 -3.26696157952849906e-03 -3.37654552111197534e-02
6.668220e+00 -1.93028058736649348e-02 -4.67711307934866143e-03 -3.25245787448867965e-02
6.676608e+00 -1.95595152870564268e-02 -6.01749350682227735e-03 -3.12511761378465036e-02
6.684995e+00 -1.98089086114991431e-02 -7.28738297689055566e-03 -2.99469488707756679e-02
6.693383e+00 -2.00557008104692847e-02 -8.48899818478063978e-03 -2.86134304202784254e-02
6.701771e+00 -2.03044073616216285e-02 -9.62678375098917349e-03 -2.72519587175434307e-02
6.710158e+00 -2.05590716293555173e-02 -1.07065939112209896e-02 -2.58636151115809801e-02
6.718546e+00 -2.08229891904083246e-02 -1.17348334765040273e-02 -2.44492277490638461e-02
6.726934e+00 -2.10984895171998713e-02 -1.27176942863336841e-02 -2.30094243948127074e-02
6.735322e+00 -2.13868379925261469e-02 -1.36605669858981937e-02 -2.15446569338303036e-02
6.743709e+00 -2.16882045629810220e-02 -1.45675965063424544e-02 -2.00552100397590888e-02
6.752097e+00 -2.20016456293064301e-02 -1.54413829171878795e-02 -1.85412571256235829e-02
6.760485e+00 -2.23251519145427069e-02 -1.62829040316598873e-02 -1.70029586248344952e-02
6.768872e+00 -2.26557959827206438e-02 -1.70916464883903683e-02 -1.54405645711126523e-02
6.777260e+00 -2.29899039681358240e-02 -1.78658161810785789e-02 -1.38545266810221630e-02
6.785648e+00 -2.33231981844379405e-02 -1.86025783753621700e-02 -1.22456256042610435e-02
6.794035e+00 -2.36509628593900116e-02 -1.92983950780769679e-02 -1.06150828324769499e-02
6.802423e+00 -2.39682595203211980e-02 -1.99494397204817570e-02 -8.96464947439197697e-03
6.810811e+00 -2.42701111529614669e-02 -2.05519416530291973e-02 -7.29669180623973134e-03
6.819199e+00 -2.45516012160303040e-02 -2.11024115337544102e-02 -5.61424402488847844e-03
6.827586e+00 -2.48079499317301264e-02 -2.15978535342266353e-02 -3.92097204085653170e-03
6.835974e+00 -2.50346097211618691e-02 -2.20359831347699091e-02 -2.22107185553136995e-03
6.844362e+00 -2.52273052447944644e-02 -2.24153121956205820e-02 -5.19173721234140171e-04
6.852749e+00 -2.53819759385093373e-02 -2.27350663182928313e-02  1.17976045733049484e-03
6.861137e+00 -2.54947149008647074e-02 -2.29950844483189885e-02  2.87061234481152637e-03
6.869525e+00 -2.55617667717571995e-02 -2.31957575171497406e-02  4.54832223952330705e-03
6.877912e+00 -2.55795075723402147e-02 -2.33378820490559580e-02  6.20803540723336572e-03
6.886300e+00 -2.55443765461850769e-02 -2.34224132864492909e-02  7.84516899342952573e-03
6.894688e+00 -2.54528764950037283e-02 -2.34502886587845683e-02  9.45548706960732885e-03
6.903075e+00 -2.53016885213111116e-02 -2.34223735779814715e-02  1.10351905744265552e-02
6.911463e+00 -2.50877866013305036e-02 -2.33393957726150750e-02  1.25809278629541842e-02
6.919851e+00 -2.48085154770749487e-02 -2.32018537536697669e-02  1.40897095556709404e-02
6.928239e+00 -2.44617400753984783e-02 -2.30100444239113161e-02  1.55588288467774765e-02
6.936626e+00 -2.40460639588233015e-02 -2.27642124964069839e-02  1.69858318460847854e-02
6.945014e+00 -2.35609718121620147e-02 -2.24646733934242941e-02  1.83684650058112062e-02
6.953402e+00 -2.30068795380489952e-02 -2.21119014851380094e-02  1.97045655098241415e-02
6.961789e+00 -2.23852049108800508e-02 -2.17066946592651203e-02  2.09919714137711128e-02
6.970177e+00 -2.16984347482407185e-02 -2.12503785150918723e-02  2.22285002138510844e-02
6.978565e+00 -2.09500687037581061e-02 -2.07449207281478719e-02  2.34119356890079046e-02
6.986952e+00 -2.01444799758125417e-02 -2.01929746628480809e-02  2.45399751256238433e-02
6.995340e+00 -1.92868131801617500e-02 -1.95979421014589456e-02  2.56101886941743975e-02
7.003728e+00 -1.83828830945019922e-02 -1.89640103407792762e-02  2.66200392084968672e-02
7.012116e+00 -1.74389922425137386e-02 -1.82960799812641947e-02  2.75669178205323953e-02
7.020503e+00 -1.64617403997628087e-02 -1.75996286801784162e-02  2.84481513102717645e-02
7.028891e+00 -1.54579121223767761e-02 -1.68805823221161340e-02  2.92610272330772296e-02
7.037279e+00 -1.44343769089435477e-02 -1.61451625592605730e-02  3.00028822330363279e-02
7.045666e+00 -1.33979443716612245e-02 -1.53996748824347766e-02  3.06712026733275724e-02
7.054054e+00 -1.23552441438004295e-02 -1.46502833461916206e-02  3.12636864582702886e-02
7.062442e+00 -1.13126613225199516e-02 -1.39028148085687305e-02  3.17783143155427467e-02
7.070829e+00 -1.02762516334617797e-02 -1.31625831099295397e-02  3.22134711221002124e-02
7.079217e+00 -9.25162311158094983e-03 -1.24342313283087522e-02  3.25680469366505174e-02
7.087605e+00 -8.24385522026407046e-03 -1.17216089561822875e-02  3.28414618957698703e-02
7.095993e+00 -7.25745258951253878e-03 -1.10276889030741926e-02  3.30336829492998835e-02
7.104380e+00 -6.29628085368738339e-03 -1.03545371207452008e-02  3.31452828413488776e-02
7.112768e+00 -5.36351915009441842e-03 -9.70334899271376762e-03  3.31774643219090448e-02
7.121156e+00 -4.46168349451411383e-03 -9.07452287359090948e-03  3.31320008318113784e-02
7.129543e+00 -3.59268142723373485e-03 -8.46774463873588117e-03  3.30111770243871200e-02
7.137931e+00 -2.75786067155872183e-03 -7.88212286761108549e-03  3.28177772657468961e-02
7.146319e+00 -1.95809485193503821e-03 -7.31639116608654057e-03  3.25550410915099384e-02
7.154706e+00 -1.19390973405843009e-03 -6.76910189214219825e-03  3.22265459035495361e-02
7.163094e+00 -4.65573555390049051e-04 -6.23877390549064381e-03  3.18360964450706621e-02
7.171482e+00  2.26867559651380233e-04 -5.72406239379753649e-03  3.13876562421686253e-02
7.179870e+00  8.83558911640028657e-04 -5.22395668927517695e-03  3.08852570308647753e-02
7.188257e+00  1.50482445691786063e-03 -4.73789606492423538e-03  3.03328727932385828e-02
7.196645e+00  2.09122274844794577e-03 -4.26577918820284126e-03  2.97343252592307851e-02
7.205033e+00  2.64363152188587741e-03 -3.80796557824096939e-03  2.90932390529049581e-02
7.213420e+00  3.16328376798908793e-03 -3.36526765447644908e-03  2.84130078961275789e-02
7.221808e+00  3.65176307330135732e-03 -2.93882357733660400e-03  2.76967721755008722e-02
7.230196e+00  4.11098899442525253e-03 -2.52987346083249779e-03  2.69474307585883914e-02
7.238583e+00  4.54315154918191744e-03 -2.13957700840819139e-03  2.61676706686521654e-02
7.246971e+00  4.95056208272703479e-03 -1.76887732314614469e-03  2.53599927356832830e-02
7.255359e+00  5.33547684819925348e-03 -1.41831991832780608e-03  2.45267342240157310e-02
7.263747e+00  5.69995592086722149e-03 -1.08788019296641547e-03  2.36700753331918409e-02
7.272134e+00  6.04575498163875420e-03 -7.76930465533517338e-04  2.27920156724042873e-02
7.280522e+00  6.37424915920940024e-03 -4.84316853894379564e-04  2.18943450017943866e-02
7.288910e+00  6.68643427273007702e-03 -2.08430809606720974e-04  2.09786242832645312e-02
7.297297e+00  6.98302672278900988e-03  5.27028443820130247e-05  2.00461558981496306e-02
7.305685e+00  7.26461670091831362e-03  3.01242523099917454e-04  1.90979572353884020e-02
7.314073e+00  7.53182200206203422e-03  5.39313943672462253e-04  1.81347900633646031e-02
7.322460e+00  7.78542520534719010e-03  7.68877792035324321e-04  1.71572343336010187e-02
7.330848e+00  8.02647458637541049e-03  9.91663052988821497e-04  1.61657521949030020e-02
7.339236e+00  8.25630102660734715e-03  1.20908924104663707e-03  1.51607619397156352e-02
7.347623e+00  8.47642070502870049e-03  1.42220473661721887e-03  1.41427633283245455e-02
7.356011e+00  8.68834984762639935e-03  1.63170739988140233e-03  1.31124557540706742e-02
7.364399e+00  8.89337954336316683e-03  1.83801330947036610e-03  1.20707811728686873e-02
7.372787e+00  9.09233452062407389e-03  2.04129556137677606e-03  1.10189404597696699e-02
7.381174e+00  9.28533719013595500e-03  2.24149692180506885e-03  9.95843158912455839e-03
7.389562e+00  9.47163475625180384e-03  2.43836712564519161e-03  8.89104369955859286e-03
7.397950e+00  9.64954971869805972e-03  2.63151837215228968e-03  7.81876961098088713e-03
7.406337e+00  9.81655467870102064e-03  2.82045348622939106e-03  6.74372219131850418e-03
7.414725e+00  9.96943575209009898e-03  3.00456958304705368e-03  5.66809894043566152e-03
7.423113e+00  1.01045408101232640e-02  3.18318558082513392e-03  4.59412527854773014e-03
7.431500e+00  1.02181179345178612e-02  3.35560633700424235e-03  3.52396351912501312e-03
7.439888e+00  1.03066829085220624e-02  3.52117982760474270e-03  2.45967238086229221e-03
7.448276e+00  1.03673252476843055e-02  3.67932198662174149e-03  1.40322644997989323e-03
7.456664e+00  1.03979365486595778e-02  3.82954411849301211e-03  3.56517052170769104e-04
7.465051e+00  1.03973866759536383e-02  3.97150381728057951e-03 -6.78664658592800243e-04
7.473439e+00  1.03656064316438503e-02  4.10502731869070298e-03 -1.70059516221806564e-03
7.481827e+00  1.03035191792717525e-02  4.23006511060976340e-03 -2.70755628821497344e-03
7.490214e+00  1.02128701605371085e-02  4.34663560064196298e-03 -3.69781535539127383e-03
7.498602e+00  1.00960385818187528e-02  4.45480239718363310e-03 -4.66963488112566352e-03
7.506990e+00  9.95581872177859345e-03  4.55462884268809792e-03 -5.62125890192674820e-03
7.515377e+00  9.79513919303514301e-03  4.64607327640793617e-03 -6.55089876665452837e-03
7.523765e+00  9.61679734105068060e-03  4.72890506107643063e-03 -7.45676726343415600e-03
7.532153e+00  9.42328355650903782e-03  4.80269071255472538e-03 -8.33713917022010399e-03
7.540541e+00  9.21665024649884028e-03  4.86677229759883544e-03 -9.19039024852613684e-03
7.548928e+00  8.99838765658852666e-03  4.92020140743663209e-03 -1.00150190813303799e-02
7.557316e+00  8.76937131900839585e-03  4.96171970519256739e-03 -1.08096767652393067e-02
7.565704e+00  8.52990661893136132e-03  4.98982049795209087e-03 -1.15731913357457923e-02
7.574091e+00  8.27979384915034783e-03  5.00280001351159284e-03 -1.23045561184422225e-02
7.582479e+00  8.01838697189226693e-03  4.99877348600456187e-03 -1.30028806127328103e-02
7.590867e+00  7.74470027372608713e-03  4.97574543496090860e-03 -1.36673282370867680e-02
7.599254e+00  7.45755303937646868e-03  4.93174784567194675e-03 -1.42970568249192222e-02
7.607642e+00  7.15568624392001838e-03  4.86495786599435397e-03 -1.48911598768042969e-02
7.616030e+00  6.83786083649082742e-03  4.77378036215840486e-03 -1.54486101828763024e-02
7.624418e+00  6.50298150671600392e-03  4.65696074977069684e-03 -1.59682251841901865e-02
7.632805e+00  6.15021610406674309e-03  4.51372053698533438e-03 -1.64486743890504584e-02
7.641193e+00  5.77907368241471590e-03  4.34384458229282368e-03 -1.68885279319503090e-02
7.649581e+00  5.38947260677067209e-03  4.14771318876502003e-03 -1.72863304150397204e-02
7.657968e+00  4.98181541366534038e-03  3.92632220344975389e-03 -1.76406916639603936e-02
7.666356e+00  4.55703190290635517e-03  3.68128809343299572e-03 -1.79503949140283059e-02
7.674744e+00  4.11658441610932100e-03  3.41480271343208314e-03 -1.82145107961954079e-02
7.683131e+00  3.66246542999199010e-03  3.12953915202522377e-03 -1.84324891336170096e-02
7.691519e+00  3.19717210387301031e-03  2.82854082048361252e-03 -1.86042122096642878e-02
7.699907e+00  2.72362927671927551e-03  2.51511008144200644e-03 -1.87300183190413846e-02
7.708295e+00  2.24508851027526400e-03  2.19268790149408730e-03 -1.88106975079799232e-02
7.716682e+00  1.76502495165987592e-03  1.86471896822166475e-03 -1.88474386818661965e-02
7.725070e+00  1.28700000510351934e-03  1.53452349160938112e-03 -1.88417294883379827e-02
7.733458e+00  8.14493137459442818e-04  1.20520645856257345e-03 -1.87952504518521350e-02
7.741845e+00  3.50765178960317926e-04  8.79602969577688589e-04 -1.87097813121024255e-02
7.750233e+00 -1.01238315521248487e-04  5.60234760509839623e-04 -1.85870930130337779e-02
7.758621e+00 -5.38989792061488364e-04  2.49284841234163174e-04 -1.84288346205198454e-02
7.767008e+00 -9.60463233759903628e-04 -5.13775810801676727e-05 -1.82364764249982499e-02
7.775396e+00 -1.36413138228313482e-03 -3.40134907717418774e-04 -1.80113188513680300e-02
7.783784e+00 -1.74890693527104241e-03 -6.15574613760624815e-04 -1.77545090737233728e-02
7.792171e+00 -2.11409709651018841e-03 -8.76465521990303946e-04 -1.74670574516083005e-02
7.800559e+00 -2.45933626588454085e-03 -1.12171965065371859e-03 -1.71499078305717874e-02
7.808947e+00 -2.78444757005035090e-03 -1.35035281244182299e-03 -1.68040519941386121e-02
7.817335e+00 -3.08930914176865903e-03 -1.56150120417162174e-03 -1.64306106206770289e-02
7.825722e+00 -3.37379804160725097e-03 -1.75448390056856160e-03 -1.60308643249787129e-02
7.834110e+00 -3.63775053129202506e-03 -1.92884231842177772e-03 -1.56062827651020641e-02
7.842498e+00 -3.88090174457679472e-03 -2.08435456786125375e-03 -1.51585491208201199e-02
7.850885e+00 -4.10289549163075484e-03 -2.22107655721965301e-03 -1.46895320325361040e-02
7.859273e+00 -4.30338946529430170e-03 -2.33938301622335079e-03 -1.42012103423286642e-02
7.867661e+00 -4.48214759782717201e-03 -2.43993456138144518e-03 -1.36955981031433426e-02
7.876048e+00 -4.63909709598585469e-03 -2.52359576980762954e-03 -1.31746819931908357e-02
7.884436e+00 -4.77443711962434545e-03 -2.59138045673137658e-03 -1.26403594842078339e-02
7.892824e+00 -4.88876672976768303e-03 -2.64440343680000852e-03 -1.20943894066586066e-02
7.901212e+00 -4.98311606936833757e-03 -2.68378868003728809e-03 -1.15383701845320694e-02
7.909599e+00 -5.05891232721805955e-03 -2.71059081629836888e-03 -1.09737390296252169e-02
7.917987e+00 -5.11797132151167906e-03 -2.72579596688845389e-03 -1.04017858754623521e-02
7.926375e+00 -5.16245634594501672e-03 -2.73035151910081680e-03 -9.82368344864444944e-03
7.934762e+00 -5.19473699831365932e-03 -2.72517417567051017e-03 -9.24051931229340900e-03
7.943150e+00 -5.21724057138629564e-03 -2.71118336870953755e-03 -8.65330959581242162e-03
7.951538e+00 -5.23236614126541908e-03 -2.68937622500058310e-03 -8.06299798622362070e-03
7.959925e+00 -5.24238938684917950e-03 -2.66087044170519290e-03 -7.47045566623518072e-03
7.968313e+00 -5.24934188449900987e-03 -2.62689045960778043e-03 -6.87647993060136551e-03
7.976701e+00 -5.25495592132039970e-03 -2.58874725238727619e-03 -6.28178135935894295e-03
7.985089e+00 -5.26067272291053621e-03 -2.54781027464611419e-03 -5.68696840808059594e-03
7.993476e+00 -5.26763118782886796e-03 -2.50543182523888571e-03 -5.09254946231787412e-03
8.001864e+00 -5.27665322368014132e-03 -2.46285101514007914e-03 -4.49895845685150189e-03
8.010252e+00 -5.28827439149762504e-03 -2.42112348663267671e-03 -3.90659481205800092e-03
8.018639e+00 -5.30276775391903994e-03 -2.38106400439107822e-03 -3.31586717693058228e-03
8.027027e+00 -5.32012320004912002e-03 -2.34319491466612826e-03 -2.72723509160426297e-03
8.035415e+00 -5.34004110051054977e-03 -2.30773485554515477e-03 -2.14124818002374689e-03
8.043802e+00 -5.36195614702178729e-03 -2.27462643392329885e-03 -1.55858337840967696e-03
8.052190e+00 -5.38504061863601113e-03 -2.24356947112093735e-03 -9.80066797393404701e-04
8.060578e+00 -5.40821160141620981e-03 -2.21406897652997410e-03 -4.06658349458947519e-04
8.068966e+00 -5.43020448452835505e-03 -2.18551158639031717e-03  1.60594478503267135e-04
8.077353e+00 -5.44967888483779018e-03 -2.15723140874385941e-03  7.20598605134221948e-04
8.085741e+00 -5.46530589081295655e-03 -2.12854417600403297e-03  1.27224691698040555e-03
8.094129e+00 -5.47587165166087044e-03 -2.09878473448084964e-03  1.81447017862119151e-03
8.102516e+00 -5.48040837039214662e-03 -2.06734930694063481e-03  2.34630275632947451e-03
8.110904e+00 -5.47827650953941134e-03 -2.03369754986649706e-03  2.86690905920223161e-03
8.119292e+00 -5.46916752899804549e-03 -1.99732344429711522e-03  3.37556363265247537e-03
8.127679e+00 -5.45307609942819599e-03 -1.95774628330451983e-03  3.87163501829076604e-03
8.136067e+00 -5.43024391275420334e-03 -1.91451119993570128e-03  4.35457839352894078e-03
8.144455e+00 -5.40103369744333352e-03 -1.86715821679506459e-03  4.82389174469913164e-03
8.152842e+00 -5.36576551648129240e-03 -1.81518895476107589e-03  5.27904597082907556e-03
8.161230e+00 -5.32458943923701938e-03 -1.75808195381641310e-03  5.71944552670298253e-03
8.169618e+00 -5.27740289563132133e-03 -1.69533116924713476e-03  6.14441548092410986e-03
8.178006e+00 -5.22379263724847501e-03 -1.62646291857121558e-03  6.55317580528571621e-03
8.186393e+00 -5.16303405785228410e-03 -1.55106022735991859e-03  6.94482728688892211e-03
8.194781e+00 -5.09418194924220538e-03 -1.46883214506507301e-03  7.31838801642608911e-03
8.203169e+00 -5.01621682117310043e-03 -1.37968413136195338e-03  7.67284501836496512e-03
8.211556e+00 -4.92819318188169719e-03 -1.28373767142428343e-03  8.00718242302787472e-03
8.219944e+00 -4.82938537358994485e-03 -1.18133100455446323e-03  8.32042079804774098e-03
8.228332e+00 -4.71943299197125684e-03 -1.07303706690706842e-03  8.61168658948989127e-03
8.236719e+00 -4.59843925242951670e-03 -9.59650678154376231e-04  8.88025635622765805e-03
8.245107e+00 -4.46697697040877775e-03 -8.42106845700388317e-04  9.12555200237682822e-03
8.253495e+00 -4.32602183404461917e-03 -7.21388767330375345e-04  9.34713939820400706e-03
8.261883e+00 -4.17685164636019245e-03 -5.98470996604519865e-04  9.54474655897225542e-03
8.270270e+00 -4.02090423010653588e-03 -4.74248671915242172e-04  9.71825196014652892e-03
8.278658e+00 -3.85958786664888009e-03 -3.49434208739332868e-04  9.86763917963915174e-03
8.287046e+00 -3.69409858395283513e-03 -2.24498073777864898e-04  9.99297249431724786e-03
8.295433e+00 -3.52529719928973938e-03 -9.96792158168494232e-05  1.00944004918770962e-02
8.303821e+00 -3.35363412717569432e-03  2.50070427065929884e-05  1.01721469110672234e-02
8.312209e+00 -3.17910812984831606e-03  1.49773476673061012e-04  1.02264924981270468e-02
8.320596e+00 -3.00129376935837598e-03  2.75004990975179762e-04  1.02577821007265122e-02
8.328984e+00 -2.81944980999264839e-03  4.01155075889368402e-04  1.02664442011617292e-02
8.337372e+00 -2.63266170173747337e-03  5.28681363797775679e-04  1.02529909798857195e-02
8.345760e+00 -2.43998797747892182e-03  6.58009537568558442e-04  1.02180120719302780e-02
8.354147e+00 -2.24062173444055778e-03  7.89458332516761565e-04  1.01621830194597897e-02
8.362535e+00 -2.03405243127955434e-03  9.23162754255063404e-04  1.00862669077754104e-02
8.370923e+00 -1.82018416969597133e-03  1.05906609721533474e-03  9.99108988147347395e-03
8.379310e+00 -1.59939996612498583e-03  1.19694049733898343e-03  9.87751266348701508e-03
8.387698e+00 -1.37258806777386475e-03  1.33637820604743740e-03  9.74641349362878259e-03
8.396086e+00 -1.14112729417435656e-03  1.47679772091243908e-03  9.59866154087283922e-03
8.404473e+00 -9.06823960071217257e-04  1.61750296299555140e-03  9.43507176305812337e-03
8.412861e+00 -6.71813578861818993e-04  1.75773840602885790e-03  9.25636672457332173e-03
8.421249e+00 -4.38442521408961134e-04  1.89670360789464480e-03  9.06316113432501132e-03
8.429637e+00 -2.09138773652383411e-04  2.03357259075222577e-03  8.85595704139034191e-03
8.438024e+00  1.37141240089968929e-05  2.16753375074165084e-03  8.63514393662122293e-03
8.446412e+00  2.27892238667322579e-04  2.29780336250092225e-03  8.40101607517971562e-03
8.454800e+00  4.31435325352754102e-04  2.42360636985403674e-03  8.15381428195021893e-03
8.463187e+00  6.22725390339006748e-04  2.54416986795766038e-03  7.89378616504357936e-03
8.471575e+00  8.00527643508986320e-04  2.65873633417395639e-03  7.62125260478728299e-03
8.479963e+00  9.64011690836268911e-04  2.76656698214934778e-03  7.33666525755328168e-03
8.488350e+00  1.11276450031627260e-03  2.86694059459746426e-03  7.04064592171286651e-03
8.496738e+00  1.24677346903967847e-03  2.95917795203084772e-03  6.73401077068745083e-03
8.505126e+00  1.36637873325136491e-03  3.04268930853252538e-03  6.41777776676443357e-03
8.513514e+00  1.47223175064089911e-03  3.11701777664736938e-03  6.09314393435286903e-03
8.521901e+00  1.56526376880297496e-03  3.18187087113956527e-03  5.76143166321119778e-03
8.530289e+00  1.64663065318662355e-03  3.23715268821407436e-03  5.42402216628851738e-03
8.538677e+00  1.71764523500011253e-03  3.28299752743614658e-03  5.08228837318132950e-03
8.547064e+00  1.77973790631535890e-03  3.31978335429877324e-03  4.73753179150563503e-03
8.555452e+00  1.83442864378445124e-03  3.34810916662099970e-03  4.39093570099345284e-03
8.563840e+00  1.88327205098791015e-03  3.36875295762998446e-03  4.04353973217237966e-03
8.572227e+00  1.92780203697265036e-03  3.38263415911950341e-03  3.69622493450347429e-03
8.580615e+00  1.96951183448907047e-03  3.39076929526454900e-03  3.34971459277966059e-03
8.589003e+00  2.00983447351650276e-03  3.39420028236259511e-03  3.00460818824770885e-03
8.597390e+00  2.05009234886727870e-03  3.39391980399051350e-03  2.66142599368778768e-03
8.605778e+00  2.09145620498740227e-03  3.39083051701455276e-03  2.32062280532694841e-03
8.614166e+00  2.13493810916365453e-03  3.38571957320377278e-03  1.98258774688849166e-03
8.622554e+00  2.18137582770858542e-03  3.37921366625732432e-03  1.64767367930561946e-03
8.630941e+00  2.23139498173195640e-03  3.37174012372307369e-03  1.31623059959367467e-03
8.639329e+00  2.28539482524697324e-03  3.36353261466790492e-03  9.88591188224673947e-04
8.647717e+00  2.34356195778746487e-03  3.35465157551217670e-03  6.65039165998935599e-04
8.656104e+00  2.40586644161066426e-03  3.34497954507082754e-03  3.45822325433541684e-04
8.664492e+00  2.47204605344658211e-03  3.33422619167817857e-03  3.11883475133733094e-05
8.672880e+00  2.54162186307986320e-03  3.32198127154321879e-03 -2.78610320286995484e-04
8.681267e+00  2.61392985135609074e-03  3.30777243237823397e-03 -5.83322682506468276e-04
8.689655e+00  2.68812988524584455e-03  3.29108878831168346e-03 -8.82675973020138720e-04
8.698043e+00  2.76321576406285277e-03  3.27141760367163957e-03 -1.17634645908037874e-03
8.706431e+00  2.83805779480016639e-03  3.24832584873874404e-03 -1.46395689810601705e-03
8.714818e+00  2.91144601629552118e-03  3.22152356310919080e-03 -1.74508473419837575e-03
8.723206e+00  2.98211058317156882e-03  3.19087016540022580e-03 -2.01927099234930395e-03
8.731594e+00  3.04875684253611175e-03  3.15638422171297603e-03 -2.28604842561996651e-03
8.739981e+00  3.11012793674718489e-03  3.11828271454705824e-03 -2.54497833490506748e-03
8.748369e+00  3.16505046356370997e-03  3.07697492884591349e-03 -2.79566732706721917e-03
8.756757e+00  3.21245545544243108e-03  3.03298531881346541e-03 -3.03777998427095857e-03
8.765144e+00  3.25141501604443673e-03  2.98688730223904556e-03 -3.27107102881689328e-03
8.773532e+00  3.28118783967063432e-03  2.93927556834096791e-03 -3.49540310471101786e-03
8.781920e+00  3.30123093828421990e-03  2.89070262886263144e-03 -3.71071563909269007e-03
8.790308e+00  3.31118917759910510e-03  2.84157254814579232e-03 -3.91697918261968338e-03
8.798695e+00  3.31089665437796828e-03  2.79208444133926875e-03 -4.11417775714255883e-03
8.807083e+00  3.30036961931230114e-03  2.74224273424103493e-03 -4.30229884834632762e-03
8.815471e+00  3.27976793553195600e-03  2.69185501890656939e-03 -4.48129585589930341e-03
8.823858e+00  3.24935732932392796e-03  2.64051422581544149e-03 -4.65103812517799961e-03
8.832246e+00  3.20949194546673927e-03  2.58764226673200001e-03 -4.81129038192686272e-03
8.840634e+00  3.16058744154521214e-03  2.53258644241396947e-03 -4.96173470857927575e-03
8.849021e+00  3.10308218523066247e-03  2.47468478952165508e-03 -5.10200545961053166e-03
8.857409e+00  3.03742216745501092e-03  2.41329947411560337e-03 -5.23170122907435763e-03
8.865797e+00  2.96406328937372839e-03  2.34787843888552717e-03 -5.35038649608793760e-03
8.874185e+00  2.88345693841970258e-03  2.27802385978930367e-03 -5.45763172242514239e-03
8.882572e+00  2.79603312835762169e-03  2.20350074577036837e-03 -5.55308558249373134e-03
8.890960e+00  2.70220744959700316e-03  2.12420511284082967e-03 -5.63650760679853917e-03
8.899348e+00  2.60238556257811043e-03  2.04015192974496898e-03 -5.70774558846210908e-03
8.907735e+00  2.49694276673748322e-03  1.95146528784996033e-03 -5.76672968255750439e-03
8.916123e+00  2.38621042968105261e-03  1.85832727745498705e-03 -5.81350610738892801e-03
8.924511e+00  2.27048728585907975e-03  1.76092090627732924e-03 -5.84824148133685114e-03
8.932898e+00  2.15004750525731947e-03  1.65942127929124259e-03 -5.87117429657976926e-03
8.941286e+00  2.02514309725043262e-03  1.55401055058112928e-03 -5.88257739677712152e-03
8.949674e+00  1.89603326802486086e-03  1.44487475923150326e-03 -5.88275712186359795e-03
8.958062e+00  1.76303479552678433e-03  1.33221046812515356e-03 -5.87204615563594132e-03
8.966449e+00  1.62655860464745857e-03  1.21627499848083430e-03 -5.85077887251301068e-03
8.974837e+00  1.48713729101788181e-03  1.09744203501937446e-03 -5.81927582790716345e-03
8.983225e+00  1.34546034271340272e-03  9.76218685222621642e-04 -5.77783293457355407e-03
8.991612e+00  1.20238757430805670e-03  8.53245180465098899e-04 -5.72670621636760940e-03
9.000000e+00  1.05891309949304540e-03  7.29301391635686896e-04 -5.66611541813091639e-03
