# Author: SW4
# Scenario: test
# Date: UTC  11/29/2017:0:23:41.000
# Bandwith (Hz): 1.234000e+00
# Station: sta1
# Target location (WGS84 longitude, latitude) (deg): -1.222564e+02 3.789855e+01
# Actual location (WGS84 longitude, latitude) (deg): -1.222564e+02 3.789855e+01
# Distance from target to actual location (m): 0.000000e+00
# nColumns: 4
# Column 1: Time (s)
# Column 2: X displacement (m)
# Column 3: Y displacement (m)
# Column 4: Z displacement (m)
0.000000e+00  0.00000000000000000e+00  0.00000000000000000e+00  0.00000000000000000e+00
4.004004e-03  0.00000000000000000e+00  0.00000000000000000e+00  0.00000000000000000e+00
8.008008e-03  0.00000000000000000e+00  0.00000000000000000e+00  0.00000000000000000e+00
1.201201e-02  0.00000000000000000e+00  0.00000000000000000e+00  0.00000000000000000e+00
1.601602e-02  0.00000000000000000e+00  0.00000000000000000e+00  0.00000000000000000e+00
2.002002e-02  0.00000000000000000e+00  0.00000000000000000e+00  0.00000000000000000e+00
2.402402e-02  0.00000000000000000e+00  0.00000000000000000e+00  0.00000000000000000e+00
2.802803e-02  0.00000000000000000e+00  0.00000000000000000e+00  0.00000000000000000e+00
3.203203e-02  0.00000000000000000e+00  0.00000000000000000e+00  0.00000000000000000e+00
3.603604e-02  0.00000000000000000e+00  0.00000000000000000e+00  0.00000000000000000e+00
4.004004e-02  0.00000000000000000e+00  0.00000000000000000e+00  0.00000000000000000e+00
4.404404e-02  0.00000000000000000e+00  0.00000000000000000e+00  0.00000000000000000e+00
4.804805e-02  0.00000000000000000e+00  0.00000000000000000e+00  0.00000000000000000e+00
5.205205e-02  0.00000000000000000e+00  0.00000000000000000e+00  0.00000000000000000e+00
5.605606e-02  0.00000000000000000e+00  0.00000000000000000e+00  0.00000000000000000e+00
6.006006e-02  0.00000000000000000e+00  0.00000000000000000e+00  0.00000000000000000e+00
6.406406e-02  0.00000000000000000e+00  0.00000000000000000e+00  0.00000000000000000e+00
6.806807e-02  0.00000000000000000e+00  0.00000000000000000e+00  0.00000000000000000e+00
7.207207e-02  0.00000000000000000e+00  0.00000000000000000e+00  0.00000000000000000e+00
7.607608e-02  0.00000000000000000e+00  0.00000000000000000e+00  0.00000000000000000e+00
8.008008e-02  0.00000000000000000e+00  0.00000000000000000e+00  0.00000000000000000e+00
8.408408e-02 7.33621848510387127e-104 -1.22373144713707185e-105 -3.28692874434261612e-105
8.808809e-02  6.96041834703090592e-90 -8.37921278483973801e-90 -3.75696521112225733e-89
9.209209e-02 -3.38566430853949347e-84  1.06732643173119630e-85  3.75186397289498144e-85
9.609610e-02  2.14028609298110415e-81 -8.41609392720199575e-83 -3.17909520481596131e-82
1.001001e-01 -2.21863159899014415e-79  2.58369772800136585e-80  1.08104784702040837e-79
1.041041e-01 -5.96653086523591469e-77 -6.12235307774187120e-79 -3.57280703176229989e-78
1.081081e-01  6.56553576134191929e-75 -3.15889106992091233e-76 -1.28361452909811928e-75
1.121121e-01  2.10852397897399753e-73  9.17345526018125212e-75  4.02720862619248446e-74
1.161161e-01 -2.02831074125112415e-71  9.11866823296311544e-73  3.79258739776405821e-72
1.201201e-01 -4.42091845197233059e-70 -1.05340251944367510e-71 -4.11057413245530484e-71
1.241241e-01  1.90001912168450497e-68 -1.07205043350588681e-69 -4.48078425434262306e-69
1.281281e-01  5.08686188038037504e-67 -3.44104377890967659e-69 -2.17189528225200000e-68
1.321321e-01 -4.93593058120986037e-66  5.12206016771005189e-67  2.02143172335825560e-66
1.361361e-01 -2.53304076241459060e-64  6.87400844271023558e-66  3.16997096894485474e-65
1.401401e-01 -1.17960147303354310e-63 -7.42388026454021309e-65 -2.14629400563195184e-64
1.441441e-01  4.78889050856138474e-62 -2.32015985142323867e-63 -9.36531190620699968e-63
1.481481e-01  7.09575005924484178e-61 -9.70584178971684480e-63 -5.96770225437573378e-62
1.521522e-01 -4.71806376730416408e-61  2.49872507412838464e-61  7.55766206007377027e-61
1.561562e-01 -9.57277951071811488e-59  3.48274019652376303e-60  1.42855883348232294e-59
1.601602e-01 -8.20894136125759987e-58  4.76958444212198392e-60  5.33609708968374898e-59
1.641642e-01  1.60384992838898978e-57 -2.67049924594935059e-58 -7.58104389337667753e-58
1.681682e-01  7.82120247266329564e-56 -2.51871097250235312e-57 -1.01488259145105764e-56
1.721722e-01  5.21381956813473829e-55 -1.80762608076299930e-57 -3.14264724859278518e-56
1.761762e-01 -6.38526400349119285e-55  1.33290816812651518e-55  3.30954876607162413e-55
1.801802e-01 -3.22458680510117166e-53  1.04726710073830676e-54  3.93586491751490163e-54
1.841842e-01 -2.00892392687969653e-52  1.08290144609310296e-54  1.26359529534189916e-53
1.881882e-01 -3.45578893662096217e-53 -3.60602296594617098e-53 -7.12568305820004475e-53
1.921922e-01  7.32386261401336113e-51 -2.71495647233616798e-52 -9.03701720235691687e-52
1.961962e-01  4.79862851079347351e-50 -4.61276210035758505e-52 -3.26040783491386144e-51
2.002002e-01  6.98993985023039598e-50  5.60964026225391690e-51  7.18222755808439681e-51
2.042042e-01 -9.34950118690410058e-49  4.55318056872415214e-50  1.28619152698730684e-49
2.082082e-01 -7.18587297026348629e-48  1.10076150407277785e-49  5.34293308370703823e-49
2.122122e-01 -1.78320749810090655e-47 -4.90851631925412067e-49 -6.70958429422904113e-50
2.162162e-01  6.13075396182154139e-47 -5.03433303903062592e-48 -1.16063668438808953e-47
2.202202e-01  6.82721705606938504e-46 -1.57410909291511482e-47 -5.70525823000261517e-47
2.242242e-01  2.30674290699228758e-45  1.79737758003671664e-47 -6.67798211182354945e-47
2.282282e-01 -6.47474837582615406e-46  3.69240364091073017e-46  6.55943660127564614e-46
2.322322e-01 -4.10416645232316324e-44  1.44445969078078251e-45  4.09281248672841326e-45
2.362362e-01 -1.81178271092891224e-43  8.41261169635127070e-46  8.53250049076813278e-45
2.402402e-01 -2.27070768757859012e-43 -1.76176322847910872e-44 -2.05225346025002711e-44
2.442442e-01  1.46786270002894922e-42 -8.89621582473308611e-44 -2.01342307073760659e-43
2.482482e-01  9.24295615474951270e-42 -1.48211556990813104e-43 -5.79019086509223824e-43
2.522523e-01  2.09669574988548706e-41  4.91378413866217180e-43  5.35688086187481211e-44
2.562563e-01 -2.05660791213596026e-41  3.76217588769672202e-42  6.78146397743536243e-42
2.602603e-01 -3.11786145910253294e-40  9.50604753832570634e-42  2.57486720984175063e-41
2.642643e-01 -1.00705419997391199e-39 -3.07677982501265362e-42  2.81345505828750170e-41
2.682683e-01 -7.69426177112776913e-40 -1.08641308691692107e-40 -1.47665324865771809e-40
2.722723e-01  6.62639149638583446e-39 -3.77384920133493326e-40 -8.01092757596015553e-40
2.762763e-01  3.12593905141046962e-38 -3.77534503690439259e-40 -1.53788749525856392e-39
2.802803e-01  5.52551725655320352e-38  1.99257789584423358e-39  1.48290598574696683e-39
2.842843e-01 -6.33603156989063111e-38  1.02522633072241981e-38  1.77284380020442781e-38
2.882883e-01 -6.56365427145721208e-37  1.92927412364129492e-38  4.80558511651429393e-38
2.922923e-01 -1.74461158552984968e-36 -1.46054337015335508e-38  2.47021231738413247e-38
2.962963e-01 -1.01713807261261259e-36 -1.93979813823984898e-37 -2.69935853091192213e-37
3.003003e-01  8.92105027420540109e-36 -5.31457178911452267e-37 -1.03587935672290683e-36
3.043043e-01  3.55249115909725660e-35 -3.64324963167295906e-37 -1.42925980000904592e-36
3.083083e-01  5.40457418476482735e-35  2.41140697281183793e-36  2.33842341011217211e-36
3.123123e-01 -5.53679180630840682e-35  9.88807734859290940e-36  1.61057390332356399e-35
3.163163e-01 -4.96655914360863958e-34  1.53074597714921078e-35  3.39795486169583141e-35
3.203203e-01 -1.16755709669583281e-33 -1.34079451345976446e-35  5.45724916886365335e-36
3.243243e-01 -6.39923191374310225e-34 -1.29255117197760115e-34 -1.77363679488036085e-34
3.283283e-01  4.53281723043254966e-33 -3.03308779889448126e-34 -5.37141334649726338e-34
3.323323e-01  1.63904721707552360e-32 -1.69752473652327197e-34 -5.67905949517656024e-34
3.363363e-01  2.30122934085684920e-32  1.12258448957267573e-33  1.19816112914047902e-33
3.403403e-01 -1.75711337710016103e-32  4.02144824691169952e-33  6.12769563413082830e-33
3.443443e-01 -1.59410259316395716e-31  5.54034042050014425e-33  1.07278237180790772e-32
3.483483e-01 -3.49044835870078324e-31 -4.30300432395927540e-33 -3.36111415642919497e-34
3.523524e-01 -2.05892896031823510e-31 -3.75669541722644004e-32 -5.00787964268285716e-32
3.563564e-01  1.00201174522946113e-30 -8.02045214031857741e-32 -1.28513803541110450e-31
3.603604e-01  3.48997250035355701e-30 -4.39856528135166742e-32 -1.12411654606039648e-31
3.643644e-01  4.76303016252072930e-30  2.31439761265482091e-31  2.57122758190922703e-31
3.683684e-01 -2.13773798966810187e-30  7.75899550077329304e-31  1.10392621494447379e-30
3.723724e-01 -2.42165193598448060e-29  1.01574745388586205e-30  1.70009922136600355e-30
3.763764e-01 -5.15914783729951690e-29 -5.45692489337725442e-31 -1.43595892379240509e-31
3.803804e-01 -3.49363191297608294e-29 -5.27199296711402808e-30 -6.78965708099544399e-30
3.843844e-01  1.04678735446627497e-28 -1.07884500014136433e-29 -1.56678574920299883e-29
3.883884e-01  3.74318245310212260e-28 -6.62399734935027915e-30 -1.25059434976484654e-29
3.923924e-01  5.17695131611486025e-28  2.28582309732085088e-29  2.58887444757279601e-29
3.963964e-01 -6.52612853378414759e-29  7.69842874678312512e-29  1.02765976391413120e-28
4.004004e-01 -1.86670926336816957e-27  1.01487544751410547e-28  1.48504701383300316e-28
4.044044e-01 -4.04368047622450978e-27 -2.21149634210572015e-29  4.39551159162551577e-31
4.084084e-01 -3.21909291593371277e-27 -3.80275682994522232e-28 -4.74537572940576467e-28
4.124124e-01  5.29968155084485542e-27 -7.89873385947109502e-28 -1.06377045661794475e-27
4.164164e-01  2.14160278870296632e-26 -5.91570750869938031e-28 -9.20073306550784788e-28
4.204204e-01  3.12195729129799895e-26  1.07614132906499793e-27  1.12424062164286730e-27
4.244244e-01  5.94321318040917359e-27  4.11993592559467916e-27  5.15234124336599456e-27
4.284284e-01 -7.51269840102507339e-26  5.92117772841709171e-27  8.29579807154434668e-27
4.324324e-01 -1.76283673025417108e-25  1.35576340424281030e-27  4.77770002527809061e-27
4.364364e-01 -1.70911322871409809e-25 -1.30605971886463372e-26 -9.77240720224436146e-27
4.404404e-01  1.01060022280048752e-25 -3.14563035075797964e-26 -3.22524092309790372e-26
4.444444e-01  6.38987548382077641e-25 -3.48321341608553499e-26 -5.50935088435766736e-26
4.484484e-01  1.06523655519901741e-24 -2.79729253906305933e-27 -8.78871554005316748e-26
4.524525e-01  7.05707201014650417e-25  5.99262905634424665e-26 -1.73201418855109302e-25
4.564565e-01 -7.56991354357758529e-25  1.17750416691593071e-25 -2.97142408929681959e-25
4.604605e-01 -2.42023518726807335e-24  1.82969287621889627e-25 -4.13940574250077339e-26
4.644645e-01 -2.59635133021296663e-24  4.80447861198384204e-25  2.01301930321616187e-24
4.684685e-01 -2.56147057206766623e-24  1.44523683540830671e-24  8.41956830247913641e-24
4.724725e-01 -1.31135018142665209e-23  2.88803500587144436e-24  2.03956410017330452e-23
4.764765e-01 -5.52572165847505711e-23  1.55116191992964440e-24  2.90965158004461843e-23
4.804805e-01 -1.32666429147107384e-22 -1.23678180125548166e-23 -1.78614223420850190e-24
4.844845e-01 -1.43806934174958896e-22 -5.46391619513765052e-23 -1.54233622006591141e-22
4.884885e-01  2.74232207073884812e-22 -1.29113642536302220e-22 -5.38980567556381644e-22
4.924925e-01  1.85666942784602516e-21 -1.72720809233464032e-22 -1.15949832498488370e-21
4.964965e-01  5.35873297240150320e-21  4.26212880354549918e-23 -1.53327518768613692e-21
5.005005e-01  9.83084409303901881e-21  9.85606192520095136e-22 -1.43415137719854703e-23
5.045045e-01  8.31697095635205568e-21  3.18328425233718551e-21  6.86349007615728233e-21
5.085085e-01 -1.90141167314409910e-20  6.30256893973515251e-21  2.37692344458582116e-20
5.125125e-01 -1.08893022457671709e-19  6.94161869235329286e-21  5.19101016313389226e-20
5.165165e-01 -2.97962514499293756e-19 -4.68198736599162343e-21  7.62727247431796377e-20
5.205205e-01 -5.47399951041922954e-19 -4.63324904347804959e-20  4.23410586638606742e-20
5.245245e-01 -5.61803628542044908e-19 -1.35502233801648791e-19 -1.70477388455874205e-19
5.285285e-01  4.99396485429929643e-19 -2.56613661007552397e-19 -7.47229814345133568e-19
5.325325e-01  4.23326180776185633e-18 -2.88728905292806220e-19 -1.83478615461388238e-18
5.365365e-01  1.25234256177573963e-17  9.78685017539557098e-20 -3.22107394355311621e-18
5.405405e-01  2.51622349818512102e-17  1.49546521888593160e-18 -3.68183204935566003e-18
5.445445e-01  3.39321145743540489e-17  4.54430111923833809e-18 -3.47348610610365487e-20
5.485485e-01  1.25001847005536747e-17  9.06409842494050361e-18  1.35999886004382715e-17
5.525526e-01 -9.40287159579275713e-17  1.21149206227402042e-17  4.49339946789241198e-17
5.565566e-01 -3.65682413660706682e-16  5.03488065578780178e-18  9.83672457963322064e-17
5.605606e-01 -8.59695214299820984e-16 -2.90093526857066347e-17  1.61833589176306427e-16
5.645646e-01 -1.47219215436614787e-15 -1.12505122306793265e-16  1.82597069685363207e-16
5.685686e-01 -1.67072674307613217e-15 -2.57754902065837288e-16  3.42018943622429336e-17
5.725726e-01 -1.28012704177626129e-16 -4.26968694338414063e-16 -5.09685566573492150e-16
5.765766e-01  5.53202399795261366e-15 -4.62395291102887144e-16 -1.75395950069946038e-15
5.805806e-01  1.83461861805040891e-14 -1.69319378734952315e-18 -3.93824687416963260e-15
5.845846e-01  4.00629606318553192e-14  1.55996545964689759e-15 -6.86466102958251944e-15
5.885886e-01  6.65096723221984428e-14  4.92794878530412102e-15 -9.19709660861474143e-15
5.925926e-01  7.96536596464747786e-14  1.03799146912142244e-14 -7.43381113837495264e-15
5.965966e-01  3.76720090447678532e-14  1.66337141667818383e-14  5.16724634813421337e-15
6.006006e-01 -1.31649670428861059e-13  1.90560449444506761e-14  3.89060508053465516e-14
6.046046e-01 -5.22930099157317053e-13  7.62587787560191306e-15  1.05630280088445394e-13
6.086086e-01 -1.21334851726085541e-12 -3.40751716988768892e-14  2.12011026483930978e-13
6.126126e-01 -2.17202511998979247e-12 -1.26432074033985961e-13  3.45364595869589918e-13
6.166166e-01 -3.10932405293206592e-12 -2.84540363397586763e-13  4.50302721303111453e-13
6.206206e-01 -3.28502091207397552e-12 -4.98832171813962459e-13  3.98127510166910394e-13
6.246246e-01 -1.34427464230904788e-12 -7.04658124879701036e-13 -4.17078729411350076e-14
6.286286e-01  4.68578992549601022e-12 -7.45575601794421951e-13 -1.20732608119398176e-12
6.326326e-01  1.70534892583920945e-11 -3.44043689461184470e-13 -3.49301890630963573e-12
6.366366e-01  3.74104402062151883e-11  8.96740041548490101e-13 -7.19589276601220194e-12
6.406406e-01  6.53334274350386760e-11  3.43001821358435557e-12 -1.22174180321590502e-11
6.446446e-01  9.64095750522943971e-11  7.61688898587892117e-12 -1.76021547783489280e-11
6.486486e-01  1.20418856877481202e-10  1.34902771792122357e-11 -2.09550817188352311e-11
6.526527e-01  1.20526879346824951e-10  2.04727458770727022e-11 -1.78730996043349802e-11
6.566567e-01  7.45990022793488694e-11  2.71437898067199213e-11 -1.63941245235641944e-12
6.606607e-01 -4.04740683516525078e-11  3.11962917605235076e-11  3.64778414663450429e-11
6.646647e-01 -2.41363216963481291e-10  2.97238255734730610e-11  1.05970263629739541e-10
6.686687e-01 -5.29096910153952736e-10  1.99106062570214822e-11  2.14662875851524432e-10
6.726727e-01 -8.80931772863328913e-10  4.53007034781404462e-14  3.65233563288048236e-10
6.766767e-01 -1.24723851193281701e-09 -2.94199640750870411e-11  5.51298837153184666e-10
6.806807e-01 -1.55709755777590098e-09 -6.52144961060533928e-11  7.54245183426802162e-10
6.846847e-01 -1.73414964066081484e-09 -1.01479209043808581e-10  9.42378662060092316e-10
6.886887e-01 -1.72032011542442131e-09 -1.31164744270672717e-10  1.07391733297394906e-09
6.926927e-01 -1.50046690317967456e-09 -1.48436649462400403e-10  1.10463406570169561e-09
6.966967e-01 -1.11781417655379755e-09 -1.51354070005955736e-10  9.99534115866490706e-10
7.007007e-01 -6.70449791029359882e-10 -1.43632986253643539e-10  7.46098634706399539e-10
7.047047e-01 -2.84469743960030279e-10 -1.34267544346865158e-10  3.64959437441134235e-10
7.087087e-01 -6.87745420619894291e-11 -1.34372720029974302e-10 -8.67826886893949768e-11
7.127127e-01 -6.67861493868640905e-11 -1.51784315245700955e-10 -5.23296910608747369e-10
7.167167e-01 -2.26481736140049378e-10 -1.85322180465573416e-10 -8.49464420337718740e-10
7.207207e-01 -4.07539574407338160e-10 -2.21532541763599190e-10 -9.88245701838660425e-10
7.247247e-01 -4.31539537374483612e-10 -2.36504667897630238e-10 -9.07875770981079476e-10
7.287287e-01 -1.61533103206669471e-10 -2.03692565498587170e-10 -6.38546379453231378e-10
7.327327e-01  4.20855340380158877e-10 -1.05922032782180634e-10 -2.69755678310760596e-10
7.367367e-01  1.17932249355079432e-09  5.29915112642660037e-11  7.47266765412634016e-11
7.407407e-01  1.85481492127868322e-09  2.42883436714716864e-10  2.78692862191807009e-10
7.447447e-01  2.16416482368138641e-09  4.12670862772074746e-10  2.78190618027640840e-10
7.487487e-01  1.92972949195067068e-09  5.07010184466959009e-10  9.10060046603508180e-11
7.527528e-01  1.18092891705040455e-09  4.89088173757514905e-10 -1.84061360678331961e-10
7.567568e-01  1.71297905831523535e-10  3.60003775349717396e-10 -4.02553717654637162e-10
7.607608e-01 -7.12169048589309371e-10  1.64499983889233295e-10 -4.33982006852018176e-10
7.647648e-01 -1.11857824011178487e-09 -2.27396371370716543e-11 -2.22525394208097830e-10
7.687688e-01 -9.06502644431977263e-10 -1.27429270989382638e-10  1.78674651615527756e-10
7.727728e-01 -2.31977129292612117e-10 -1.10700670275800824e-10  6.19006652552418584e-10
7.767768e-01  5.06219352022899899e-10  8.05672151237348791e-12  9.08182943273607627e-10
7.807808e-01  8.53162545425765726e-10  1.54376566722230039e-10  8.98645726586969968e-10
7.847848e-01  5.32783634499528490e-10  2.30644272411648114e-10  5.55988563015065326e-10
7.887888e-01 -3.89374359593862906e-10  1.64639187106615738e-10 -1.79249852135121827e-11
7.927928e-01 -1.51163592264744778e-09 -4.85670546924223303e-11 -6.24980807781912020e-10
7.967968e-01 -2.28435606109820260e-09 -3.34958583261327981e-10 -1.05944959816655001e-09
8.008008e-01 -2.29527234544828482e-09 -5.70970888299615457e-10 -1.20397950665169396e-09
8.048048e-01 -1.50298263730145238e-09 -6.43561710199549429e-10 -1.08356706499151464e-09
8.088088e-01 -2.83534943755833977e-10 -5.11709293167811121e-10 -8.45803632557156335e-10
8.128128e-01  7.51892312693506588e-10 -2.34950877936763234e-10 -6.73046248869334070e-10
8.168168e-01  1.08327056565508719e-09  5.13756118558705587e-11 -6.70923040682448089e-10
8.208208e-01  5.76645891005208142e-10  2.06351430845955650e-10 -7.95831343766747146e-10
8.248248e-01 -4.24247925068154583e-10  1.63564925431558629e-10 -8.68450880901809805e-10
8.288288e-01 -1.27698842112112250e-09 -2.50530582826804775e-11 -6.75249265195290884e-10
8.328328e-01 -1.40381485671571957e-09 -2.11995511250612091e-10 -1.08005037138881681e-10
8.368368e-01 -6.37831461172508613e-10 -2.37526551859454291e-10  7.37648271866780667e-10
8.408408e-01  6.53786246446925003e-10 -2.99914032149889524e-11  1.56946171883646902e-09
8.448448e-01  1.75691713539541066e-09  3.36309417610077463e-10  2.02194322553583803e-09
8.488488e-01  2.01568978675167351e-09  6.66318135136223718e-10  1.83912382931662314e-09
8.528529e-01  1.22698859231572939e-09  7.46992024151687452e-10  1.01899651657526061e-09
8.568569e-01 -2.11987069453577010e-10  4.73941724383864337e-10 -1.65453999770761980e-10
8.608609e-01 -1.50479009585748173e-09 -7.23008810580081696e-11 -1.28945198037300165e-09
8.648649e-01 -1.90358145813541583e-09 -6.51600384085042147e-10 -1.98254217537249342e-09
8.688689e-01 -1.14930696895095546e-09 -9.85509984827705803e-10 -2.10441184662462948e-09
8.728729e-01  3.56845757381743194e-10 -9.10290579640175984e-10 -1.78978327580341158e-09
8.768769e-01  1.76190024527579591e-09 -4.73191548964850232e-10 -1.33619399939127732e-09
8.808809e-01  2.23908605984673025e-09  8.83840533103135915e-11 -1.00346747043711051e-09
8.848849e-01  1.46300646574907529e-09  4.78233904211008389e-10 -8.51213400816841112e-10
8.888889e-01 -1.94212096379882479e-10  5.09579274789574960e-10 -7.21299365500757819e-10
8.928929e-01 -1.86271815994467074e-09  2.10930071172844518e-10 -3.81953986856600141e-10
8.968969e-01 -2.65840685141207625e-09 -1.95494010691687565e-10  2.58587452166319175e-10
9.009009e-01 -2.17396810571215807e-09 -4.32136753370540880e-10  1.01829765407008881e-09
9.049049e-01 -6.98861804350690909e-10 -3.38487135348530735e-10  1.49880720819071663e-09
9.089089e-01  9.52180853038893835e-10  2.86470902032990869e-11  1.32602680750885447e-09
9.129129e-01  1.89817066508613704e-09  4.30978647268765555e-10  4.34930658528234304e-10
9.169169e-01  1.67461287257380911e-09  6.01001477543059102e-10 -7.95874207441162685e-10
9.209209e-01  4.70241394737666836e-10  4.16834235057267774e-10 -1.68508142603906931e-09
9.249249e-01 -1.00594942958760142e-09 -1.15708309790632542e-11 -1.62430976665409388e-09
9.289289e-01 -1.94051671332000588e-09 -4.03495805850861376e-10 -4.81276961928316536e-10
9.329329e-01 -1.87225262753050683e-09 -4.82565765638891841e-10  1.23127790743278449e-09
9.369369e-01 -9.32262987722579792e-10 -1.58297347534411937e-10  2.57138996978038005e-09
9.409409e-01  2.61607444372647283e-10  4.02422397485698379e-10  2.69008537027515131e-09
9.449449e-01  9.86940272328796805e-10  8.65597369560612782e-10  1.37003178979763769e-09
9.489489e-01  8.49159369955749537e-10  9.33304344353915375e-10 -7.61093563155913491e-10
9.529530e-01  9.00630260677077340e-12  5.36881207766354704e-10 -2.51956143302636672e-09
9.569570e-01 -9.32189137811264754e-10 -1.02797438403721761e-10 -2.83291435523386749e-09
9.609610e-01 -1.32440322586983428e-09 -5.93818533789852250e-10 -1.40543743067462905e-09
9.649650e-01 -8.99831903233226575e-10 -6.07133403151532594e-10  1.03667787578387122e-09
9.689690e-01  3.35394096275245606e-11 -8.73288587029285562e-11  3.11083615074746728e-09
9.729730e-01  7.79354182518202080e-10  6.91872041698104189e-10  3.57303873216800257e-09
9.769770e-01  7.25954766358916288e-10  1.27200279808286191e-09  2.07559579823158138e-09
9.809810e-01 -1.94142459605344362e-10  1.27932293745702113e-09 -5.86417475466043637e-10
9.849850e-01 -1.38562817398801870e-09  6.63228829682802760e-10 -2.91830661000273137e-09
9.889890e-01 -1.94512190267690017e-09 -2.45063484341855704e-10 -3.61092802617761180e-09
9.929930e-01 -1.30202466046301031e-09 -9.04605358358269049e-10 -2.33199295038993215e-09
9.969970e-01  2.81777320560877555e-10 -8.81983538749236367e-10  7.12466509658915161e-11
1.001001e+00  1.75274353312403752e-09 -1.30678244190715074e-10  2.09595523632307440e-09
1.005005e+00  1.91847266812915444e-09  9.46083070173321357e-10  2.51838137352157778e-09
1.009009e+00  3.38126441256994011e-10  1.71163511907638923e-09  1.15905789641883288e-09
1.013013e+00 -2.17860808074888209e-09  1.68375311911449669e-09 -1.00457392998577674e-09
1.017017e+00 -3.92508971818913344e-09  8.61886610145530335e-10 -2.45842113193260384e-09
1.021021e+00 -3.41191302398517697e-09 -2.29504823924582223e-10 -2.12602066098920431e-09
1.025025e+00 -5.50599359095387511e-10 -8.45873823618231571e-10 -8.90236726852602720e-11
1.029029e+00  2.98232528404434952e-09 -5.12785161889377601e-10  2.40794631062777264e-09
1.033033e+00  4.65013888653377745e-09  6.12802601428208489e-10  3.69490379676387682e-09
1.037037e+00  2.80346502918900113e-09  1.78002895996737561e-09  2.72260600898914164e-09
1.041041e+00 -1.88671350517829484e-09  2.10758123147839858e-09 -2.22689922701418995e-10
1.045045e+00 -6.46421649804972769e-09  1.19995193435307074e-09 -3.59605025259687220e-09
1.049049e+00 -7.45905518517629167e-09 -5.05535451730413545e-10 -5.45542330004252120e-09
1.053053e+00 -3.39640238154171435e-09 -1.94628832340375337e-09 -4.61876323159202903e-09
1.057057e+00  3.70967677498879270e-09 -2.11615263917184099e-09 -1.42103332518101693e-09
1.061061e+00  9.19684731666072501e-09 -7.83989696283651842e-10  2.41599688041036770e-09
1.065065e+00  8.73216817157590766e-09  1.26792001918732854e-09  4.76766593192972779e-09
1.069069e+00  1.58316536385236709e-09  2.70849414964667735e-09  4.37822705759207871e-09
1.073073e+00 -8.21112161053886227e-09  2.55467813842770677e-09  1.64131472780486363e-09
1.077077e+00 -1.40053194910309348e-08  8.85437012101316495e-10 -1.62560356343456556e-09
1.081081e+00 -1.10009665833902527e-08 -1.16095811315562905e-09 -3.31537612516682557e-09
1.085085e+00 -6.04277775112601300e-11 -2.15286181790847195e-09 -2.38413685889436152e-09
1.089089e+00  1.20412694245407133e-08 -1.37954918033952013e-09  4.49535925630920974e-10
1.093093e+00  1.66648531558064135e-08  6.17115685852166580e-10  3.15005953603330521e-09
1.097097e+00  9.32530363324779841e-09  2.40620272021731145e-09  3.70944729857332294e-09
1.101101e+00 -6.44734051523101966e-09  2.69259984574604993e-09  1.52613336984514921e-09
1.105105e+00 -2.05380674351133108e-08  1.26702768582381279e-09 -2.11710059499922196e-09
1.109109e+00 -2.26564119779903056e-08 -8.24382214284942007e-10 -4.84421316896043831e-09
1.113113e+00 -9.72861063690307045e-09 -2.03318264517558470e-09 -4.76033020742598779e-09
1.117117e+00  1.09665657267530993e-08 -1.44000654728283185e-09 -1.76090609417076110e-09
1.121121e+00  2.57277604236721359e-08  5.71238165052871708e-10  2.33402625568064476e-09
1.125125e+00  2.34553536286357925e-08  2.59748458966746966e-09  4.95084772371155599e-09
1.129129e+00  3.87445370623202789e-09  3.24525178735810718e-09  4.46923917050567866e-09
1.133133e+00 -2.10462543947710046e-08  2.13566994550996139e-09  1.30558290545323808e-09
1.137137e+00 -3.42588891301626500e-08  1.44504770374538379e-10 -2.37551088259677801e-09
1.141141e+00 -2.51906201946037864e-08 -1.27969557971376221e-09 -4.12900166347969123e-09
1.145145e+00  2.09680784280487828e-09 -1.18587836756741590e-09 -2.86900824795678123e-09
1.149149e+00  3.02999154635024864e-08  2.24365267228052594e-10  4.39963920015663686e-10
1.153153e+00  3.97756369629807609e-08  1.81725460381907068e-09  3.49112727915919035e-09
1.157157e+00  2.21374076067628856e-08  2.40937590320778340e-09  4.22126463585432333e-09
1.161161e+00 -1.28213520089965776e-08  1.61967231737560515e-09  2.16704056976858490e-09
1.165165e+00 -4.23649229583209244e-08  6.76398573540313893e-11 -1.31263990859820136e-09
1.169169e+00 -4.55878632047762736e-08 -1.17213433532180442e-09 -4.03232120037135442e-09
1.173173e+00 -1.81476952440159846e-08 -1.38771599426761996e-09 -4.44442774628295456e-09
1.177177e+00  2.33758659838046149e-08 -6.88909056070326508e-10 -2.56160246047489320e-09
1.181181e+00  5.13647200497724638e-08  1.91489691455061561e-10  2.19612472019324009e-10
1.185185e+00  4.54752392226921040e-08  5.27086283994315653e-10  2.15606309925366580e-09
1.189189e+00  7.24243964198870361e-09  1.32415919383905634e-10  2.27194538287325890e-09
1.193193e+00 -3.94403649475609066e-08 -5.86010115598747471e-10  8.21604544845383935e-10
1.197197e+00 -6.32642057856180483e-08 -1.03120207548547681e-09 -1.08230305756096600e-09
1.201201e+00 -4.65393594224741691e-08 -8.95689837580785029e-10 -2.27890176494932936e-09
1.205205e+00  1.82222191228525805e-09 -3.39687354311192329e-10 -2.21080993868964073e-09
1.209209e+00  5.08123992416470749e-08  2.19136035585765363e-10 -1.07142576796757429e-09
1.213213e+00  6.72356755878066992e-08  4.70537028389084901e-10  4.74888733160494610e-10
1.217217e+00  3.82124527872791967e-08  4.13346789668462593e-10  1.68261842669666825e-09
1.221221e+00 -1.89971672395241736e-08  2.65042281286071072e-10  1.98636795693475284e-09
1.225225e+00 -6.72040755226314300e-08  2.17507187918550587e-10  1.12840155144774705e-09
1.229229e+00 -7.35371608153035464e-08  2.84384136237522600e-10 -7.34971747866188385e-10
1.233233e+00 -3.18674589477258058e-08  3.59832769910896075e-10 -2.94085406397587311e-09
1.237237e+00  3.19022116575793920e-08  3.90144388706036221e-10 -4.40958204953994636e-09
1.241241e+00  7.59784762225633200e-08  4.58753666665060530e-10 -4.08122598152742773e-09
1.245245e+00  7.01703564110030772e-08  6.87824018134372843e-10 -1.59673770577392116e-09
1.249249e+00  1.65879021745280033e-08  1.05672541153740673e-09  2.20365191601295327e-09
1.253253e+00 -5.06497274586720956e-08  1.33489226439351964e-09  5.44616345327767795e-09
1.257257e+00 -8.72036637884564364e-08  1.22764554877265652e-09  6.16572059633718373e-09
1.261261e+00 -6.78415882828909989e-08  6.29308571387201544e-10  3.55415888954450749e-09
1.265265e+00 -3.84967217552129985e-09 -2.39616143648610773e-10 -1.30708621378152374e-09
1.269269e+00  6.34752207566600060e-08 -9.50345425425931759e-10 -5.83748144967491392e-09
1.273273e+00  8.95432949181430085e-08 -1.16133399642926457e-09 -7.37530723865366383e-09
1.277277e+00  5.60615098282227162e-08 -8.56619744386294010e-10 -4.80220667506098790e-09
1.281281e+00 -1.61843872059476790e-08 -3.35420141346609628e-10  6.63948241054498308e-10
1.285285e+00 -8.02620788804537301e-08  3.09821357295789716e-11  6.06542706134881099e-09
1.289289e+00 -9.36855811098629507e-08  6.78037819675620477e-11  8.37188256759538256e-09
1.293293e+00 -4.66791869126922318e-08 -1.26789842977512761e-10  6.21640871471408772e-09
1.297297e+00  3.07211492641411751e-08 -3.39599840802295666e-10  6.61246501846737160e-10
1.301301e+00  8.78416009778660053e-08 -4.71647128950589515e-10 -5.42905510886176411e-09
1.305305e+00  8.65631833986373105e-08 -6.18576529782887938e-10 -8.98436183378534419e-09
1.309309e+00  2.67566574845895468e-08 -9.21239251134914738e-10 -8.34580117383530305e-09
1.313313e+00 -5.30309790686747084e-08 -1.32208518494905093e-09 -4.03484279286366528e-09
1.317317e+00 -1.00487906608661090e-07 -1.47218458586992375e-09  1.63128836614947429e-09
1.321321e+00 -8.39375989025410192e-08 -9.34701072851192618e-10  5.75007811107492629e-09
1.325325e+00 -1.35797865960772627e-08  4.13902665773994935e-10  6.20984820595737158e-09
1.329329e+00  6.46985605690981120e-08  2.09141053852222389e-09  2.63657022573775515e-09
1.333333e+00  9.92437940480677225e-08  3.12942322662060805e-09 -3.39675416812127270e-09
1.337337e+00  6.67911242183841840e-08  2.65342522255598707e-09 -8.93333421011956745e-09
1.341341e+00 -1.17544711147223460e-08  6.06035571295649102e-10 -1.08247920766345325e-08
1.345345e+00 -8.46697031798759939e-08 -1.92311985029511842e-09 -7.23202436238095667e-09
1.349349e+00 -1.03448734248340045e-07 -3.15453382794636093e-09  1.13249979807650161e-09
1.353353e+00 -5.51563588550265520e-08 -1.75392173096054274e-09  1.07635111119060632e-08
1.357357e+00  2.85240737813985591e-08  2.03552145773606654e-09  1.66560443691221067e-08
1.361361e+00  9.19640675664250075e-08  6.14459244167870421e-09  1.49037763684768786e-08
1.365365e+00  9.26002177081183545e-08  7.74649017842812995e-09  5.35811580572771166e-09
1.369369e+00  2.96803074338335834e-08  5.15600767949665260e-09 -7.42768704548448629e-09
1.373373e+00 -5.47511699273307071e-08 -6.98056672973876760e-10 -1.61232436538092368e-08
1.377377e+00 -1.03757667423205975e-07 -6.44269913395049688e-09 -1.48462327315103792e-08
1.381381e+00 -8.39044508984686120e-08 -8.27308203976019013e-09 -3.29748014215823362e-09
1.385385e+00 -8.25943970407905019e-09 -4.62504318961031845e-09  1.21083554255856980e-08
1.389389e+00  7.19262336606816256e-08  2.39201313639353743e-09  2.15109008359265431e-08
1.393393e+00  1.01741100768995646e-07  8.06351397443163803e-09  1.77841096118569037e-08
1.397397e+00  6.01932374224627791e-08  8.18874235738371474e-09  1.78461000415456168e-09
1.401401e+00 -2.48799348989123891e-08  2.19200540862631913e-09 -1.71533931188967552e-08
1.405405e+00 -9.52592602936990623e-08 -6.07860387283197044e-09 -2.65099863514747855e-08
1.409409e+00 -1.02077522223732049e-07 -1.07042208919639870e-08 -1.87458778771672049e-08
1.413413e+00 -3.97992030612719279e-08 -7.79269883011551923e-09  2.97740722979360833e-09
1.417417e+00  4.92121704584293441e-08  1.50267514287867155e-09  2.57817075729709619e-08
1.421421e+00  1.03324619977961637e-07  1.13280377127707515e-08  3.48209617270717890e-08
1.425425e+00  8.42527746970453765e-08  1.48726145885522072e-08  2.31433829717114426e-08
1.429429e+00  4.24496422207005006e-09  9.10205785008783049e-09 -2.93173375708954885e-09
1.433433e+00 -8.15045361180562347e-08 -2.81368284540725938e-09 -2.70445918042734836e-08
1.437437e+00 -1.12708022460902608e-07 -1.32649533739674449e-08 -3.31550900676534251e-08
1.441441e+00 -6.62621249302617441e-08 -1.52041554149244905e-08 -1.64709253305248506e-08
1.445445e+00  2.66544393880216896e-08 -7.08074754091364640e-09  1.25588458398951813e-08
1.449449e+00  1.01320220554106482e-07  5.75737280096236220e-09  3.44485619174779266e-08
1.453453e+00  1.04377898896585140e-07  1.43897809076418781e-08  3.34725427090619451e-08
1.457457e+00  3.18285921828793787e-08  1.23178217789481865e-08  8.59723229199234284e-09
1.461461e+00 -6.69071200182307332e-08  8.07946006543043162e-11 -2.51320013594686530e-08
1.465465e+00 -1.22607716364157950e-07 -1.47879828427100905e-08 -4.61755890429886301e-08
1.469469e+00 -9.47366501981129835e-08 -2.26212101960742922e-08 -4.08586056688901910e-08
1.473473e+00 -8.65024291617601897e-10 -1.80768060623724503e-08 -1.26995247572758652e-08
1.477477e+00  9.42779367783702976e-08 -3.76792466482227027e-09  1.98853313795651701e-08
1.481481e+00  1.23396587666757430e-07  1.14653841596328884e-08  3.60835252013309550e-08
1.485485e+00  6.41612511814841661e-08  1.84491509658313961e-08  2.67709287057458123e-08
1.489489e+00 -4.38396197121233447e-08  1.36495375858875920e-08  3.77436221028877289e-10
1.493493e+00 -1.25429501154588776e-07  1.17042599667029283e-09 -2.34660331764266335e-08
1.497497e+00 -1.21906720229770126e-07 -1.03978403973187142e-08 -2.78514591868361582e-08
1.501502e+00 -3.27784822591544076e-08 -1.38576977479925529e-08 -1.01855544037351072e-08
1.505506e+00  8.23879116351772001e-08 -7.88850870881402393e-09  1.65694932631504349e-08
1.509510e+00  1.44149348370386776e-07  2.70678625692449182e-09  3.34948363497904187e-08
1.513514e+00  1.08156884356291422e-07  1.07155539468194995e-08  2.90170411402380810e-08
1.517518e+00 -3.16905132033816055e-09  1.13201093728397396e-08  6.50294471790841325e-09
1.521522e+00 -1.14753976622686016e-07  4.78661331373965205e-09 -1.88075866095049266e-08
1.525526e+00 -1.49782108596451225e-07 -4.33891821377457179e-09 -3.07990020854109881e-08
1.529530e+00 -8.27312357673689363e-08 -1.04895584297805235e-08 -2.33531563358367060e-08
1.533534e+00  4.21209829634270049e-08 -1.04421386028746706e-08 -3.65691647426317102e-09
1.537538e+00  1.40005429619506831e-07 -4.82727754141331842e-09  1.37843936211381796e-08
1.541542e+00  1.43254191682815942e-07  2.73008973445983430e-09  1.76630298227773118e-08
1.545546e+00  4.79324022362074436e-08  7.96635103992454829e-09  7.39418615538409596e-09
1.549550e+00 -8.26416364169590584e-08  8.35636015463991944e-09 -7.29100960818464891e-09
1.553554e+00 -1.60377445553841976e-07  4.28679948191768743e-09 -1.38731226989547537e-08
1.557558e+00 -1.32273399208951806e-07 -1.43821301130095462e-09 -6.08456109875066969e-09
1.561562e+00 -1.68834261787157825e-08 -5.35236225006057796e-09  1.18152276292683632e-08
1.565566e+00  1.07710750579014038e-07 -5.30915634559420194e-09  2.81812266149684904e-08
1.569570e+00  1.56573196737070235e-07 -1.57074636593186096e-09  3.20008687889166080e-08
1.573574e+00  9.56027309685814464e-08  3.55563561503993995e-09  2.01060392242049598e-08
1.577578e+00 -3.49986376307153915e-08  7.17402886964531407e-09 -1.17951400920729717e-09
1.581582e+00 -1.47591083400655317e-07  7.33558123605275135e-09 -2.06049071640302083e-08
1.585586e+00 -1.66250580009004605e-07  3.75254077366869601e-09 -2.91665549753915748e-08
1.589590e+00 -7.82071440188286024e-08 -2.44799805069569656e-09 -2.48912685223692556e-08
1.593594e+00  5.72657435108566999e-08 -9.36100590233522729e-09 -1.24657889884194395e-08
1.597598e+00  1.48580017980386380e-07 -1.47595225085105382e-08  1.09164391401887273e-09
1.601602e+00  1.33422435263311287e-07 -1.64182818349826186e-08  1.09290062570590577e-08
1.605606e+00  2.07540066054958646e-08 -1.28080319897220045e-08  1.58445514922316242e-08
1.609610e+00 -1.14964209249827656e-07 -4.28318600954957181e-09  1.65722655989546023e-08
1.613614e+00 -1.83358849763108449e-07  6.06455345062616164e-09  1.33906370351040057e-08
1.617618e+00 -1.38267114154479533e-07  1.31457376039518916e-08  5.72854008474962940e-09
1.621622e+00 -8.24385397569513472e-09  1.25538112257888632e-08 -5.90501001708312722e-09
1.625626e+00  1.22707841821266597e-07  3.75046908993540842e-09 -1.79274599573049569e-08
1.629630e+00  1.71059610019291797e-07 -8.74060279725491454e-09 -2.42804796070469539e-08
1.633634e+00  1.08934701383311727e-07 -1.76550449072657735e-08 -2.00351092862473155e-08
1.637638e+00 -1.80493150177395065e-08 -1.77301169737117649e-08 -5.49812934979858536e-09
1.641642e+00 -1.21732685712560185e-07 -9.55669755004857322e-09  1.26641416406485542e-08
1.645646e+00 -1.30119591172300982e-07  5.48506384171539456e-10  2.47958336102061439e-08
1.649650e+00 -3.46118950515288081e-08  4.93015412695787039e-09  2.42014724905317627e-08
1.653654e+00  1.05365655876320155e-07  2.08940038277008040e-10  1.16180279904339251e-08
1.657658e+00  2.02779523001864409e-07 -1.00384653829699193e-08 -5.00490132377967736e-09
1.661662e+00  2.00913922906788637e-07 -1.76286305164835109e-08 -1.54382556557306629e-08
1.665666e+00  1.10081826856792484e-07 -1.55321601300979190e-08 -1.36568546619626499e-08
1.669670e+00 -8.13471682247203144e-10 -2.93702761968334563e-09 -1.72114238320391925e-09
1.673674e+00 -5.12885412327461973e-08  1.39181696557605929e-08  1.13897692317620917e-08
1.677678e+00 -2.75062351752001959e-09  2.56074385165675390e-08  1.53222225680545938e-08
1.681682e+00  1.17209503825952745e-07  2.53711897658954065e-08  5.01002367797535002e-09
1.685686e+00  2.34957489312727639e-07  1.31900050157730862e-08 -1.54909532956368038e-08
1.689690e+00  2.80602057661112453e-07 -4.21018423847661073e-09 -3.44822909070350312e-08
1.693694e+00  2.33381914603757724e-07 -1.70437451455101175e-08 -3.90469796259609698e-08
1.697698e+00  1.32750922564712343e-07 -1.74771968049702055e-08 -2.31381673507709337e-08
1.701702e+00  4.92618351840252714e-08 -3.29433136646703658e-09  7.39418786180129586e-09
1.705706e+00  3.63756234440339574e-08  2.13492044466749834e-08  3.64575423310440480e-08
1.709710e+00  9.61034111821542689e-08  4.80603624921944984e-08  4.61073183537882112e-08
1.713714e+00  1.80637001352941776e-07  6.79772408666329696e-08  2.74267715990541004e-08
1.717718e+00  2.27036349633382245e-07  7.54029478147694457e-08 -1.26837990981287124e-08
1.721722e+00  2.00100326090668699e-07  6.97658517316247277e-08 -5.37454134136436877e-08
1.725726e+00  1.14317049007012781e-07  5.52007244219581816e-08 -7.26830560877312202e-08
1.729730e+00  2.12572325531856349e-08  3.81753798594251661e-08 -5.75153775529679766e-08
1.733734e+00 -2.73798338579024023e-08  2.45073583600286550e-08 -1.53235124148476758e-08
1.737738e+00 -1.50072130234523025e-08  1.73092401793619795e-08  3.09531299850639978e-08
1.741742e+00  3.00171171408081806e-08  1.67160734588643255e-08  5.55553271479323837e-08
1.745746e+00  5.55312476295591757e-08  2.10976425766581244e-08  4.51209923680765409e-08
1.749750e+00  2.22108196750746890e-08  2.85929078176668313e-08  6.76593588056509397e-09
1.753754e+00 -6.95225176005506359e-08  3.77864137754483674e-08 -3.60684680043912101e-08
1.757758e+00 -1.80035027282724062e-07  4.71537084567781070e-08 -5.76007087297506613e-08
1.761762e+00 -2.57143268332082054e-07  5.39628790397194223e-08 -4.50588236154180478e-08
1.765766e+00 -2.70253987603090143e-07  5.39077544935506563e-08 -6.07024629940397238e-09
1.769770e+00 -2.29150310035819750e-07  4.24277491425824561e-08  3.63540607784049764e-08
1.773774e+00 -1.75755585639215643e-07  1.75285604847650651e-08  5.80754029304879252e-08
1.777778e+00 -1.55567686680449790e-07 -1.74336280731131010e-08  4.84728738998104213e-08
1.781782e+00 -1.88453475377062516e-07 -5.32012253619893073e-08  1.63919129683681940e-08
1.785786e+00 -2.57762755311219216e-07 -7.77250848302976440e-08 -1.62380380415123586e-08
1.789790e+00 -3.23513176571518643e-07 -8.21920933354068018e-08 -2.89065866694482836e-08
1.793794e+00 -3.49249976722884863e-07 -6.67925773697053130e-08 -1.56630589415897048e-08
1.797798e+00 -3.24049318013906965e-07 -4.21744310281448992e-08  1.17383289718679857e-08
1.801802e+00 -2.65894157314988365e-07 -2.44674642991082802e-08  3.26711879465006138e-08
1.805806e+00 -2.06176479503698144e-07 -2.58785771252414483e-08  3.22804921392951835e-08
1.809810e+00 -1.67607139277575213e-07 -4.65180694559175672e-08  1.17289972804656429e-08
1.813814e+00 -1.50979478702717861e-07 -7.33153493481259890e-08 -1.30896954651184609e-08
1.817818e+00 -1.38678651189533017e-07 -8.77078838553530800e-08 -2.33067930003429078e-08
1.821822e+00 -1.10615103648128824e-07 -7.76836006799597491e-08 -1.07343086163613425e-08
1.825826e+00 -6.01395861536526120e-08 -4.61522485047845815e-08  1.64417730780932544e-08
1.829830e+00  1.31192202209285531e-09 -9.60102401048912211e-09  3.98670265571376918e-08
1.833834e+00  5.32106532845476072e-08  1.24154734923571417e-08  4.43082538854612108e-08
1.837838e+00  8.11420535396194451e-08  9.87416025298926388e-09  2.81860040247056446e-08
1.841842e+00  8.69674668986690651e-08 -1.16321590335056130e-08  3.88526613809519447e-09
1.845846e+00  8.69921887322108511e-08 -3.52084967296317647e-08 -1.18410670819236269e-08
1.849850e+00  1.00040963362323677e-07 -4.38470229656489886e-08 -9.90796494948115231e-09
1.853854e+00  1.34254017449489139e-07 -3.04782786909592843e-08  5.33990318454031356e-09
1.857858e+00  1.81735765049099404e-07 -4.82198506967995139e-10  2.01770983721158781e-08
1.861862e+00  2.24160131156287573e-07  3.37024126382978094e-08  2.16443171039694366e-08
1.865866e+00  2.44694009051504408e-07  6.07302134445015100e-08  6.25672898585346933e-09
1.869870e+00  2.37656029277322154e-07  7.52484570066769920e-08 -1.83132860257670220e-08
1.873874e+00  2.09676319329375058e-07  7.72830556288761497e-08 -3.86655191112084172e-08
1.877878e+00  1.72670980728808461e-07  6.85611744534573382e-08 -4.37292434245063263e-08
1.881882e+00  1.34740598536933497e-07  4.99491537451802780e-08 -3.03080123764148505e-08
1.885886e+00  9.60064123028421300e-08  2.20469273419673629e-08 -3.73571115437753252e-09
1.889890e+00  5.20305460552056953e-08 -1.24981318475016220e-08  2.53900058785980694e-08
1.893894e+00  1.34140102956773028e-09 -4.79030542678424385e-08  4.59169402695703076e-08
1.897898e+00 -4.95984333420706369e-08 -7.68050695501717525e-08  5.03090052461376984e-08
1.901902e+00 -8.85250733503430513e-08 -9.31880777559177340e-08  3.73351482863666035e-08
1.905906e+00 -1.05434813272975942e-07 -9.42871829799312927e-08  1.27131010605462395e-08
1.909910e+00 -1.00526246356581166e-07 -8.04470629815961140e-08 -1.28707103189199402e-08
1.913914e+00 -8.57150531156207821e-08 -5.41177756540746858e-08 -2.82875871895019124e-08
1.917918e+00 -7.80121976523270162e-08 -1.97998409629953979e-08 -2.73658802248813313e-08
1.921922e+00 -8.90509672977351321e-08  1.49024791993834202e-08 -1.21747944586690808e-08
1.925926e+00 -1.17922575267427330e-07  3.91359904340908303e-08  8.19920790088416468e-09
1.929930e+00 -1.52103191000740307e-07  4.17745214022651363e-08  2.30454426500399249e-08
1.933934e+00 -1.75470093339621661e-07  1.72348107113163860e-08  2.62302840184145212e-08
1.937938e+00 -1.77566228471605892e-07 -2.93502095821064443e-08  1.90567154196102505e-08
1.941942e+00 -1.57899918581808877e-07 -8.19563236985486836e-08  8.01347655291467435e-09
1.945946e+00 -1.23207230663265510e-07 -1.20068812080281671e-07 -5.23437700867402678e-10
1.949950e+00 -8.09142429826053187e-08 -1.28586674133841126e-07 -4.38617737514096671e-09
1.953954e+00 -3.44437936494411619e-08 -1.05226932505687350e-07 -5.55081370730020859e-09
1.957958e+00  1.61472560795043003e-08 -6.06952005313257413e-08 -6.64773666455819577e-09
1.961962e+00  6.95058052099076232e-08 -1.16375908072654069e-08 -7.69720966178371311e-09
1.965966e+00  1.19106784992588247e-07  2.88154862171120274e-08 -6.31423281530918424e-09
1.969970e+00  1.54385991602556591e-07  5.67471235028567938e-08 -1.22412252607422522e-09
1.973974e+00  1.66889814436561861e-07  7.61914415330616255e-08  4.46577084179893254e-09
1.977978e+00  1.56971195522159392e-07  9.26949873847210971e-08  4.05107535644903279e-09
1.981982e+00  1.35451158972363625e-07  1.06863759445298981e-07 -7.49720878125661634e-09
1.985986e+00  1.18009710125491084e-07  1.12590038358671545e-07 -2.76520411819189617e-08
1.989990e+00  1.15508013408153412e-07  1.00995966292144161e-07 -4.51884942841519386e-08
1.993994e+00  1.26878195239475007e-07  6.71055933740444008e-08 -4.61000182129717389e-08
1.997998e+00  1.39875859046531748e-07  1.46429698916801358e-08 -2.33860132334431100e-08
2.002002e+00  1.39581018895107358e-07 -4.40523520101508191e-08  1.61848008203482477e-08
2.006006e+00  1.18868107123253253e-07 -9.26922004655673495e-08  5.39457699576693414e-08
2.010010e+00  8.33574625524470295e-08 -1.17396607975758747e-07  6.96885782638556210e-08
2.014014e+00  4.70985193506882956e-08 -1.11506934063792797e-07  5.41610996442424198e-08
2.018018e+00  2.19329290214058320e-08 -7.72337182978559973e-08  1.53529593261506108e-08
2.022022e+00  8.31971906221973570e-09 -2.44901837422404017e-08 -2.59162378060525483e-08
2.026026e+00 -5.32332558078087485e-09  3.18621017121314229e-08 -4.84329488009636170e-08
2.030030e+00 -3.37482764113715506e-08  7.55452009023079782e-08 -4.29758313811298493e-08
2.034034e+00 -8.25854725738434073e-08  9.30506029647092653e-08 -1.67524902661801904e-08
2.038038e+00 -1.41684615185298536e-07  7.81750288830677728e-08  1.24607200900735762e-08
2.042042e+00 -1.89494364226805155e-07  3.54794581003033354e-08  2.79274134829868142e-08
2.046046e+00 -2.06047573130463806e-07 -1.96435891400003403e-08  2.33853356004466892e-08
2.050050e+00 -1.85728336613163347e-07 -6.58570028885445887e-08  4.66850794661670371e-09
2.054054e+00 -1.40844696026730981e-07 -8.46763020101197345e-08 -1.62145253727800644e-08
2.058058e+00 -9.34283516975391071e-08 -6.92005292337956758e-08 -2.92745459111270962e-08
2.062062e+00 -6.10698770670039796e-08 -2.78475489033231145e-08 -3.11471415633728260e-08
2.066066e+00 -4.68200472440597424e-08  1.95735409770289493e-08 -2.40018924885968612e-08
2.070070e+00 -4.00774534028917418e-08  5.17230834341254779e-08 -1.13689737717368058e-08
2.074074e+00 -2.71992071596102538e-08  5.61341511473434294e-08  4.64067611950186008e-09
2.078078e+00 -3.39198956224345495e-09  3.44461099211435999e-08  2.24504620254642068e-08
2.082082e+00  2.33599857291022248e-08  7.09832906334704705e-11  3.82156041356363874e-08
2.086086e+00  3.93694891281130984e-08 -2.94868752521353589e-08  4.49889143204424363e-08
2.090090e+00  3.77884767877831185e-08 -4.07331546140841838e-08  3.60456964028454945e-08
2.094094e+00  2.65988590083681927e-08 -2.86232497412673454e-08  1.04865491913318719e-08
2.098098e+00  2.51061760121133783e-08  3.49771087285661971e-09 -2.35778099633630921e-08
2.102102e+00  5.04920981144718553e-08  4.64505947885209169e-08 -5.18180609884278201e-08
2.106106e+00  1.03715299299608072e-07  8.79087559478474253e-08 -6.15451432425235211e-08
2.110110e+00  1.65270355130321380e-07  1.14626471881698126e-07 -4.94750558592661336e-08
2.114114e+00  2.04909488291121461e-07  1.15287434673857900e-07 -2.37770594159653510e-08
2.118118e+00  1.99759407875508054e-07  8.46662289431723301e-08  1.27966200022338418e-09
2.122122e+00  1.49084796753621058e-07  2.76166540996268545e-08  1.43856338566627468e-08
2.126126e+00  7.56797499871642412e-08 -4.02814646567828002e-08  1.36161471214297994e-08
2.130130e+00  1.25016411646665316e-08 -9.75889330690108676e-08  6.00288123046492736e-09
2.134134e+00 -1.70603120021956141e-08 -1.26012981209208789e-07  1.19384581928574108e-09
2.138138e+00 -1.25655566718804045e-08 -1.18725662592773011e-07  4.29417803024790217e-09
2.142142e+00  5.05912681060004399e-09 -8.28444038173720802e-08  1.30323650053955513e-08
2.146146e+00  8.80568204601943150e-09 -3.44667389322554229e-08  2.06213673776144556e-08
2.150150e+00 -1.57552363067999196e-08  1.03731668801980901e-08  2.13134215983346727e-08
2.154154e+00 -6.09589512034151122e-08  4.28347717183883982e-08  1.41110013481835058e-08
2.158158e+00 -1.02960637354141350e-07  6.22867915128669253e-08  2.26759913437340188e-09
2.162162e+00 -1.18833488549749568e-07  7.18023524248805041e-08 -1.00864470663025151e-08
2.166166e+00 -1.02897328235783264e-07  7.27415812119805094e-08 -2.08135609943702015e-08
2.170170e+00 -7.07749994242502753e-08  6.31559910201571014e-08 -2.98451231027903033e-08
2.174174e+00 -4.81419386871269328e-08  4.10617571480302565e-08 -3.70857553873704643e-08
2.178178e+00 -5.19155196996305685e-08  9.26013898569603998e-09 -4.07484611959918766e-08
2.182182e+00 -7.72275723167562864e-08 -2.30773621410188278e-08 -3.80806879531052138e-08
2.186186e+00 -9.98222485824040703e-08 -4.42508108668672851e-08 -2.79430643117376695e-08
2.190190e+00 -9.28223034281365450e-08 -4.69985630115832674e-08 -1.27523336367284201e-08
2.194194e+00 -4.64584323257766770e-08 -3.35125589705988367e-08  2.28930320724159748e-09
2.198198e+00  2.32570948645815356e-08 -1.45581348311735458e-08  1.23678556122764098e-08
2.202202e+00  8.36493892064211799e-08 -2.90247296498483662e-09  1.61309875986431690e-08
2.206206e+00  1.06665498520706108e-07 -5.28246062418153101e-09  1.61386056651435932e-08
2.210210e+00  8.78649474583748367e-08 -1.81480927618578231e-08  1.63454262982969844e-08
2.214214e+00  4.97517701110333475e-08 -2.98461148738231349e-08  1.87321618386532870e-08
2.218218e+00  2.66476520380877395e-08 -2.77367309544959234e-08  2.18255296212365903e-08
2.222222e+00  4.11449343394837454e-08 -5.82293178077845506e-09  2.21611293163153788e-08
2.226226e+00  8.82970174830026002e-08  3.14904159101337016e-08  1.72794042584096668e-08
2.230230e+00  1.38643864758142971e-07  7.13122023870944822e-08  7.72461407136228499e-09
2.234234e+00  1.58259115408942300e-07  9.84226901459658470e-08 -3.41805667873067127e-09
2.238238e+00  1.32146636362349156e-07  1.02247058257367256e-07 -1.27534360777505258e-08
2.242242e+00  7.48092229870248912e-08  8.12715528782828953e-08 -1.85714207773372098e-08
2.246246e+00  2.05288040743914380e-08  4.31706664305267195e-08 -2.11606170299118141e-08
2.250250e+00 -1.03826931355919607e-10  1.03792095583563407e-09 -2.16861706158746626e-08
2.254254e+00  1.87341079227541212e-08 -3.22926463518856531e-08 -2.10244180672751793e-08
2.258258e+00  5.40632103315477338e-08 -4.92980280652988268e-08 -1.95644546326321974e-08
2.262262e+00  7.01014247775811190e-08 -5.01601593947573376e-08 -1.76681213412199059e-08
2.266266e+00  4.34472730078430316e-08 -4.17011747631914555e-08 -1.57201487515739805e-08
2.270270e+00 -1.98757610529852745e-08 -3.35059952726483558e-08 -1.33419299137310944e-08
2.274274e+00 -8.74063138254557945e-08 -3.30033703339151844e-08 -8.68405467644718294e-09
2.278278e+00 -1.21469209563949485e-07 -4.16687587836108819e-08  8.12786678651252273e-10
2.282282e+00 -1.04269233563581700e-07 -5.40366873753914817e-08  1.59958004741633418e-08
2.286286e+00 -4.97103403192879335e-08 -6.00552614101110370e-08  3.36560026793469806e-08
2.290290e+00  6.18778757908862167e-09 -4.99098336257408364e-08  4.67183570269735192e-08
2.294294e+00  2.97234499274047356e-08 -1.93024466075017372e-08  4.78317286043973622e-08
2.298298e+00  1.20026370319536761e-08  2.72391937866653577e-08  3.43484172771666784e-08
2.302302e+00 -2.59850260963922029e-08  7.68544898175252392e-08  1.09955291968848578e-08
2.306306e+00 -4.91081561746785379e-08  1.12929863012639755e-07 -1.21995865198435821e-08
2.310310e+00 -3.35557365396125379e-08  1.22081813094282183e-07 -2.56650458269274982e-08
2.314314e+00  1.59145448375616341e-08  1.00397097491445012e-07 -2.57141149079119856e-08
2.318318e+00  6.91778380167279681e-08  5.57541772588802854e-08 -1.58184661143642638e-08
2.322322e+00  9.22498612279706270e-08  4.75244974300406660e-09 -3.18647654382059281e-09
2.326326e+00  7.19118042240352575e-08 -3.45086906820114295e-08  6.21433575617972962e-09
2.330330e+00  2.57980184669059179e-08 -5.03162602843038118e-08  1.01481940022930753e-08
2.334334e+00 -9.65018068789112313e-09 -4.20106209360151706e-08  8.71833748230654128e-09
2.338338e+00 -5.26325950527058365e-09 -1.92960965231621115e-08  1.47916046404580497e-09
2.342342e+00  3.91476477536462256e-08  3.08243763771575789e-09 -1.31623235222103102e-08
2.346346e+00  9.32829197199340649e-08  1.23162997155424165e-08 -3.49079084586607452e-08
2.350350e+00  1.16909024171664964e-07  2.75734928593950080e-09 -5.76945631891395102e-08
2.354354e+00  8.85832801742579208e-08 -2.26249002566408752e-08 -6.96883589404977887e-08
2.358358e+00  2.22831751388091468e-08 -5.44590489382469543e-08 -5.92543564768219611e-08
2.362362e+00 -4.04781846546349713e-08 -8.12184524812932708e-08 -2.36708211063086301e-08
2.366366e+00 -5.85033449058414141e-08 -9.34773467034252426e-08  2.61638975644645548e-08
2.370370e+00 -1.98287934716622948e-08 -8.67025469755756628e-08  6.99447911353327881e-08
2.374374e+00  4.86723185174569169e-08 -6.19726634096049669e-08  8.95815882641265141e-08
2.378378e+00  9.85195078602201879e-08 -2.47874957352341583e-08  8.05637188009415588e-08
2.382382e+00  9.25990423260231280e-08  1.72844229552679819e-08  5.46823854264246354e-08
2.386386e+00  3.13760816268009450e-08  5.70128413367236690e-08  3.15539991219762406e-08
2.390390e+00 -4.61542824765924595e-08  8.89252880766440505e-08  2.46393432534816371e-08
2.394394e+00 -8.82139679888007832e-08  1.09351635323125386e-07  3.17991885970619633e-08
2.398398e+00 -6.55986749844316962e-08  1.15696598732090051e-07  3.73434358047755872e-08
2.402402e+00  7.54160323473898329e-09  1.06153416362788074e-07  2.41713646339617519e-08
2.406406e+00  8.21738368500202927e-08  8.06636803104217768e-08 -1.27901743425983292e-08
2.410410e+00  1.06951635165820785e-07  4.26363337998986697e-08 -6.15515001517397125e-08
2.414414e+00  6.31279480344101886e-08 -2.16732496967844230e-10 -9.99846166185481937e-08
2.418418e+00 -2.18580372143693795e-08 -3.74510257988685631e-08 -1.09756350017231740e-07
2.422422e+00 -9.15923196525670961e-08 -5.98007240614602593e-08 -8.76722664397913825e-08
2.426426e+00 -9.74877990303424982e-08 -6.34281123669293655e-08 -4.71072225728852919e-08
2.430430e+00 -3.08341175535023657e-08 -5.18306662835522817e-08 -9.26086377166058271e-09
2.434434e+00  7.10282125479992618e-08 -3.40272104602032689e-08  9.48581255598844221e-09
2.438438e+00  1.48305239154986221e-07 -2.00375441660679039e-08  6.14850412921181559e-09
2.442442e+00  1.56478621337515481e-07 -1.63284631436014009e-08 -8.76803555992848850e-09
2.446446e+00  9.36527780268354202e-08 -2.35979630788152035e-08 -1.85162927713873156e-08
2.450450e+00  3.34640160589981333e-10 -3.74225955813323009e-08 -9.82560491952513304e-09
2.454454e+00 -6.73144446452134897e-08 -5.05364523387036356e-08  1.99568452754317729e-08
2.458458e+00 -7.28158102283983255e-08 -5.51991739739475423e-08  6.10919098667283719e-08
2.462462e+00 -2.06342450478854063e-08 -4.51242119361311638e-08  9.52623446449985032e-08
2.466466e+00  4.93523734732593575e-08 -1.74128925892581737e-08  1.03489191853888712e-07
2.470470e+00  8.92875806631183216e-08  2.53083286508006914e-08  7.55202172816394313e-08
2.474474e+00  7.41033060112246260e-08  7.35898479659479028e-08  1.69594839860676698e-08
2.478478e+00  1.58120784311855675e-08  1.12510748323033491e-07 -5.00296507559349835e-08
2.482482e+00 -4.70078371641706197e-08  1.26548361090857242e-07 -9.48751798354484565e-08
2.486486e+00 -7.64771826112528848e-08  1.06498346769936236e-07 -9.35529760002913227e-08
2.490490e+00 -6.07185982286848537e-08  5.50157137652588899e-08 -4.31049928337933048e-08
2.494494e+00 -2.03021604512636750e-08 -1.25428842619034935e-08  3.35049276913848144e-08
2.498498e+00  8.11746437253749444e-09 -7.29921314457370676e-08  9.73228948155632149e-08
2.502503e+00 -6.28333512644147930e-10 -1.03984871208691921e-07  1.14343406073736704e-07
2.506507e+00 -4.08933514521598758e-08 -9.28453746035126313e-08  7.55393552377333389e-08
2.510511e+00 -7.92595804412955047e-08 -4.21473248177263063e-08  2.99534083975858045e-09
2.514515e+00 -7.87414443271670973e-08  2.99945816590164752e-08 -6.28676609313377808e-08
2.518519e+00 -2.76873710763386765e-08  9.53974608955732604e-08 -8.76269820036684686e-08
2.522523e+00  4.75876300440993445e-08  1.26020546325612920e-07 -6.32442607199160896e-08
2.526527e+00  9.72304980535243141e-08  1.06010743445751356e-07 -1.12887568709041962e-08
2.530531e+00  8.13890751862766891e-08  4.06593371701166266e-08  3.26177426728912899e-08
2.534535e+00  3.15425189762743965e-10 -4.32061182127229092e-08  4.20155122587181674e-08
2.538539e+00 -1.01103594309553603e-07 -1.08034375074324610e-07  1.47236567439427704e-08
2.542543e+00 -1.60104111739351787e-07 -1.24087037398922971e-07 -2.92212795286170301e-08
2.546547e+00 -1.37862169885825493e-07 -8.61714731826341667e-08 -6.32327753065342477e-08
2.550551e+00 -4.80680125344704720e-08 -1.79367550933652903e-08 -7.09472129334990711e-08
2.554555e+00  4.87610779293312346e-08  4.06535508617290649e-08 -5.27728230389041623e-08
2.558559e+00  8.34641719139496589e-08  5.64379483320085882e-08 -2.02787751994724311e-08
2.562563e+00  2.42435115391966482e-08  2.27276509451165181e-08  1.41444093006496616e-08
2.566567e+00 -1.00788401335625517e-07 -3.72339059185711602e-08  4.31138776787071870e-08
2.570571e+00 -2.20618252753252621e-07 -8.54065377926199673e-08  6.26392012724437507e-08
2.574575e+00 -2.67024512570595831e-07 -9.25623660844657246e-08  6.80266121487518892e-08
2.578579e+00 -2.18194176806562221e-07 -5.47176208386463337e-08  5.42348654734545209e-08
2.582583e+00 -1.10944226332857111e-07  7.66742417332421569e-09  2.19846019217939114e-08
2.586587e+00 -1.41086950653332952e-08  6.53120991499459922e-08 -1.66254445915545300e-08
2.590591e+00  1.76018249221448987e-08  9.82740556918467818e-08 -4.09369575003614805e-08
2.594595e+00 -2.26651006644660799e-08  1.04233955768652490e-07 -3.42470989404586700e-08
2.598599e+00 -9.44539580347257036e-08  9.34317845863566616e-08  2.30295323202907519e-09
2.602603e+00 -1.41905778690309051e-07  7.70716873233743951e-08  4.63855618408959073e-08
2.606607e+00 -1.32748502279897339e-07  5.95272327567352468e-08  6.69171065433143587e-08
2.610611e+00 -7.71502833071180863e-08  3.94727293313968050e-08  4.51256859883344198e-08
2.614615e+00 -1.55372767444090632e-08  1.65074784775358844e-08 -1.08205705186546650e-08
2.618619e+00  1.29322216784300884e-08 -4.46613969486446649e-09 -6.91464612968898595e-08
2.622623e+00 -2.74505905009734648e-09 -1.56951689094816125e-08 -9.44087618973101646e-08
2.626627e+00 -4.13441831396445234e-08 -1.34067675730934468e-08 -7.03930751928176615e-08
2.630631e+00 -6.83490829091096545e-08 -2.32649452184454511e-09 -1.01795960200922215e-08
2.634635e+00 -6.20170357643625977e-08  6.61440937014116747e-09  5.29394873746357588e-08
2.638639e+00 -2.76630844869506069e-08  3.68557976274092476e-09  8.65137228141489449e-08
2.642643e+00  8.23735393314595422e-09 -1.31676002963818169e-08  7.74455031312244762e-08
2.646647e+00  1.76981304732558687e-08 -3.75979898235058363e-08  3.68953172490449570e-08
2.650651e+00 -1.00592039769145916e-08 -5.95094735286994258e-08 -9.17556751640493875e-09
2.654655e+00 -6.26544753326626896e-08 -7.06191617238410647e-08 -3.57649413255454209e-08
2.658659e+00 -1.13220100036796603e-07 -6.69578539830046507e-08 -3.11553123071612023e-08
2.662663e+00 -1.36424175892698218e-07 -4.82378841928226442e-08 -6.83858029919919266e-10
2.666667e+00 -1.21839511404039253e-07 -1.69681127313527935e-08  3.74046244139044056e-08
2.670671e+00 -7.81927225226254842e-08  2.07662354659671619e-08  6.06110126984377089e-08
2.674675e+00 -2.78647794868118054e-08  5.44224280736774602e-08  5.21136277919709182e-08
2.678679e+00  4.62679920951125804e-09  7.13663743415985528e-08  9.22714479864476582e-09
2.682683e+00  4.70806327279618135e-09  6.33592142976662379e-08 -5.29768917309648300e-08
2.686687e+00 -2.48851744359493291e-08  3.32917125170962820e-08 -1.06262275027649717e-07
2.690691e+00 -6.51750655182256599e-08 -3.86113319701230807e-09 -1.22289840436017827e-07
2.694695e+00 -9.09008870871049523e-08 -2.85087675368752892e-08 -8.86015300597586548e-08
2.698699e+00 -8.50989271684448495e-08 -2.82707762197356661e-08 -1.78344581542490571e-08
2.702703e+00 -5.01333039877749726e-08 -5.82486299079318883e-09  5.72927916627815414e-08
2.706707e+00 -7.41441284029141539e-09  2.32489141040826254e-08  1.01921118992301342e-07
2.710711e+00  1.57556930537387252e-08  4.12353407233810337e-08  9.91641880475018666e-08
2.714715e+00  4.81907442870736741e-09  3.97716247824460295e-08  5.90969614544013005e-08
2.718719e+00 -3.05738427898726979e-08  2.39410146686095071e-08  1.05465365703959499e-08
2.722723e+00 -6.14617095179351184e-08  6.90853446802946241e-09 -1.83366172164885396e-08
2.726727e+00 -5.89662322129548111e-08  1.21171233486444640e-10 -1.70420682622368343e-08
2.730731e+00 -1.52295592816058043e-08  6.48119339996321433e-09  3.90411636898647640e-09
2.734735e+00  4.94585587088954239e-08  2.03029261900845227e-08  2.36129399044857476e-08
2.738739e+00  9.95697300195892226e-08  3.21460743371041303e-08  2.60771404786376298e-08
2.742743e+00  1.08891600881218150e-07  3.38647475164731461e-08  8.79151231533578988e-09
2.746747e+00  7.91458189505577121e-08  2.10512066682141183e-08 -1.93908323225721402e-08
2.750751e+00  3.87716664784270230e-08 -6.36928077690956918e-09 -4.63074373940730353e-08
2.754755e+00  2.23744852268803572e-08 -4.33614106593705134e-08 -6.24432832592278884e-08
2.758759e+00  4.58265335587459494e-08 -7.88658103741980847e-08 -6.14138264301878117e-08
2.762763e+00  9.54619331448512697e-08 -9.73691570082820933e-08 -3.85591112406720774e-08
2.766767e+00  1.39290870374092397e-07 -8.50515622871505472e-08  6.82927735423746533e-09
2.770771e+00  1.51487538755491084e-07 -3.85757857107615473e-08  6.54050075964965309e-08
2.774775e+00  1.31342864166082723e-07  2.93750665750715570e-08  1.14656732489607344e-07
2.778779e+00  1.02275940157878884e-07  9.33342870695955119e-08  1.26522564979950635e-07
2.782783e+00  9.20764498687479050e-08  1.27143302593414553e-07  8.52322729849092770e-08
2.786787e+00  1.10222246685571115e-07  1.18318315971761876e-07  3.68825902455686067e-09
2.790791e+00  1.40337808587713163e-07  7.55640111173207876e-08 -7.68363970461559219e-08
2.794795e+00  1.53750592788829515e-07  2.41780712230039518e-08 -1.09120809290484176e-07
2.798799e+00  1.33144831214701108e-07 -8.23656346536376174e-09 -7.24890974366672451e-08
2.802803e+00  8.70441550686568659e-08 -7.22159094194162423e-09  8.04122978316974929e-09
2.806807e+00  4.31029799639692822e-08  2.10301090704919533e-08  7.34894167335314628e-08
2.810811e+00  2.53686224745207104e-08  5.42555841284656549e-08  6.97026459472320164e-08
2.814815e+00  3.39726628313661471e-08  6.78199121980297050e-08 -1.23333811955250168e-08
2.818819e+00  4.41167042444839128e-08  4.94444292026789936e-08 -1.24756633835645756e-07
2.822823e+00  2.56916243293766415e-08  6.35929485376874878e-09 -1.91386126235322453e-07
2.826827e+00 -3.20779161815884891e-08 -3.94678748319803902e-08 -1.59060825845732829e-07
2.830831e+00 -1.10924700560332735e-07 -6.53931705138798178e-08 -3.59621558363717549e-08
2.834835e+00 -1.76648780440035342e-07 -6.27541465084884573e-08  1.11300953269052670e-07
2.838839e+00 -2.04272558414946171e-07 -4.22134316642778769e-08  2.00962422655936324e-07
2.842843e+00 -1.94780849825439388e-07 -2.53351074829019495e-08  1.89472251160740597e-07
2.846847e+00 -1.70411031561464878e-07 -2.75705153137930797e-08  9.73257403829394436e-08
2.850851e+00 -1.53648690651053441e-07 -4.51120092316358304e-08 -9.85653704800141651e-09
2.854855e+00 -1.48479437629199326e-07 -5.66433941500191828e-08 -6.93649463144438445e-08
2.858859e+00 -1.39663486397467710e-07 -4.03241391137119487e-08 -6.26042152570618817e-08
2.862863e+00 -1.09553380845141751e-07  6.27829369428270398e-09 -2.07086004382662870e-08
2.866867e+00 -5.66920038865725246e-08  5.96739405869183568e-08  5.99197726533910676e-09
2.870871e+00  5.41261781942387395e-10  8.44570893827955418e-08 -1.15171583690881686e-08
2.874875e+00  3.81847977885469292e-08  5.85659913048931194e-08 -6.15542530620999437e-08
2.878879e+00  4.59430873213852588e-08 -9.60807737438143286e-09 -1.05443289226304032e-07
2.882883e+00  3.47514389370045010e-08 -8.62134971109123160e-08 -1.09741033916335546e-07
2.886887e+00  2.70819934700176378e-08 -1.35475295959558255e-07 -6.99601831239716904e-08
2.890891e+00  3.96204365359384055e-08 -1.43096995047414081e-07 -8.92478757086382749e-09
2.894895e+00  7.33014013570925216e-08 -1.21278346454140573e-07  4.46833913904458318e-08
2.898899e+00  1.17160676806990777e-07 -9.30110665356211248e-08  7.69108630330420793e-08
2.902903e+00  1.59254818308987091e-07 -7.08553380851771998e-08  9.16026070831281776e-08
2.906907e+00  1.93026821422412510e-07 -4.90681860015840636e-08  9.71227940006864501e-08
2.910911e+00  2.14878041940747207e-07 -1.47178036250425275e-08  9.26240932673028088e-08
2.914915e+00  2.19573364465889350e-07  3.43377996159161347e-08  6.84163125374921042e-08
2.918919e+00  2.02316080658136866e-07  8.25722640476134272e-08  1.97754143887768397e-08
2.922923e+00  1.67234170866692273e-07  1.07762423814224458e-07 -4.06694677353765662e-08
2.926927e+00  1.31682307891144308e-07  9.92468209624882603e-08 -8.63914417899692714e-08
2.930931e+00  1.16726641321005004e-07  6.60960232413706964e-08 -9.57692460326505603e-08
2.934935e+00  1.27762635102327989e-07  2.78529796117393917e-08 -7.02424224428605192e-08
2.938939e+00  1.42571182959789800e-07 -2.59030133399898355e-09 -3.46041948323806262e-08
2.942943e+00  1.22153451817051624e-07 -2.71865122033022247e-08 -1.72847740077313227e-08
2.946947e+00  4.08926002139205457e-08 -5.46313520639903623e-08 -2.66685244188346736e-08
2.950951e+00 -8.72303406036967499e-08 -8.52313107639070299e-08 -4.41232970221597016e-08
2.954955e+00 -2.10916197828453075e-07 -1.05241763815964465e-07 -4.05594017496157458e-08
2.958959e+00 -2.75260691802227826e-07 -9.76681351930541858e-08 -2.75450392667868112e-09
2.962963e+00 -2.62377706463795684e-07 -5.95640237385158710e-08  5.33121488616867980e-08
2.966967e+00 -2.05622472287628412e-07 -8.36538929780119592e-09  9.39046767419553822e-08
2.970971e+00 -1.63731281115515930e-07  3.03864473198064463e-08  9.40426476758660980e-08
2.974975e+00 -1.74073194344925304e-07  4.36242720192654812e-08  5.63938923935043499e-08
2.978979e+00 -2.22472682117935568e-07  4.06598385795815690e-08  6.97368624832895307e-09
2.982983e+00 -2.54438598109870275e-07  4.27794162880723409e-08 -2.72501334309400906e-08
2.986987e+00 -2.19120388996853512e-07  6.16706471613377802e-08 -3.82975820910810581e-08
2.990991e+00 -1.10835250023099892e-07  8.63431913566182075e-08 -3.77647672899613704e-08
2.994995e+00  2.45963227989564399e-08  9.06311434286892793e-08 -4.00554916518300667e-08
2.998999e+00  1.22880418521717536e-07  5.49209502884869445e-08 -4.63575420589556010e-08
3.003003e+00  1.47133564417631294e-07 -1.64972347444965688e-08 -4.55037933417406557e-08
3.007007e+00  1.11801255195864056e-07 -9.64811158299814816e-08 -2.99019868671843318e-08
3.011011e+00  6.86832899542777837e-08 -1.52392795379083300e-07 -8.51259688085323588e-09
3.015015e+00  6.82165064584479959e-08 -1.65131025247811198e-07 -9.49024655214901990e-10
3.019019e+00  1.25416214822134280e-07 -1.36496388067529845e-07 -1.61250072679484332e-08
3.023023e+00  2.13027123204874786e-07 -8.31775910423511352e-08 -3.68581224808688535e-08
3.027027e+00  2.82915243221342624e-07 -2.55526375475046509e-08 -2.95667278262977809e-08
3.031031e+00  2.98075283395581825e-07  2.03393263884834183e-08  2.46538984361358294e-08
3.035035e+00  2.53798942696450854e-07  4.59156155928140592e-08  1.04373262148660253e-07
3.039039e+00  1.76796393222929132e-07  5.10583326602129085e-08  1.54610064739171613e-07
3.043043e+00  1.05874459463264206e-07  4.40421783104931638e-08  1.26879319566299626e-07
3.047047e+00  6.76626280942262767e-08  3.78017268648409434e-08  2.21563523652823693e-08
3.051051e+00  6.18611451377779528e-08  4.13095452052129762e-08 -1.01018624613899820e-07
3.055055e+00  6.38725769402572506e-08  5.11648615220226076e-08 -1.65083508722413608e-07
3.059059e+00  4.24501317630635917e-08  5.20836655061106902e-08 -1.31088598489937000e-07
3.063063e+00 -1.88552243546274968e-08  2.92480011072548242e-08 -2.91017812561848513e-08
3.067067e+00 -1.10207038509935150e-07 -1.61506042345483528e-08  6.49960083750554136e-08
3.071071e+00 -2.01503591537464217e-07 -6.26677212117585374e-08  8.90303306721557854e-08
3.075075e+00 -2.61543060635043875e-07 -8.21782976436045269e-08  4.22672263675599384e-08
3.079079e+00 -2.76570975416043986e-07 -6.15044800431863059e-08 -1.77199238529544333e-08
3.083083e+00 -2.55256043103487326e-07 -1.31918620968278937e-08 -2.59755109017935874e-08
3.087087e+00 -2.18178126705292588e-07  3.51147761036653665e-08  3.40417691873538913e-08
3.091091e+00 -1.82153608115483187e-07  6.36686686968633488e-08  1.16287061840727380e-07
3.095095e+00 -1.52449515472446264e-07  7.46289385408494755e-08  1.50412511991350406e-07
3.099099e+00 -1.26874351579206851e-07  8.36224767996676710e-08  9.92021240849911307e-08
3.103103e+00 -1.03894182249082203e-07  9.72922814245309764e-08 -1.29417910486146542e-08
3.107107e+00 -8.42386866211955306e-08  1.00214126240988146e-07 -1.22083791422115778e-07
3.111111e+00 -6.46565507140440795e-08  6.68602003505325832e-08 -1.75353083617375004e-07
3.115115e+00 -3.35654472380439489e-08 -1.03030552362867251e-08 -1.65592119052528616e-07
3.119119e+00  2.16180063373874312e-08 -1.03727580279099579e-07 -1.23202770047517074e-07
3.123123e+00  9.85692833997513049e-08 -1.64742829391467629e-07 -7.86015979084053533e-08
3.127127e+00  1.71684937787091815e-07 -1.60588225061569400e-07 -3.42867101817166001e-08
3.131131e+00  2.05039632552831674e-07 -1.03002944975228665e-07  2.67461611858792975e-08
3.135135e+00  1.81398278991901015e-07 -4.09985728656626871e-08  1.07360851553172660e-07
3.139139e+00  1.23044839561799896e-07 -2.08213663355974274e-08  1.75441766782642973e-07
3.143143e+00  8.16594067262707525e-08 -4.63320480966579634e-08  1.82980207114785694e-07
3.147147e+00  9.94027329739927180e-08 -7.50610554738099157e-08  1.12222689305473997e-07
3.151151e+00  1.71339137094008630e-07 -5.53951119682005733e-08  4.70077925087106683e-09
3.155155e+00  2.43392714301976096e-07  2.59963127614816999e-08 -6.14161583880157110e-08
3.159159e+00  2.52528146274055072e-07  1.27928726383695885e-07 -3.43601475779929842e-08
3.163163e+00  1.78487436316672395e-07  1.85410859613405229e-07  6.07420347350801591e-08
3.167167e+00  6.28966127900868885e-08  1.62598731452823009e-07  1.33476334853443416e-07
3.171171e+00 -2.32032959520840620e-08  8.31712099015892024e-08  1.00491695390283695e-07
3.175175e+00 -3.80261304134003998e-08  1.15092465489711435e-08 -3.90937950441835977e-08
3.179179e+00 -3.94197182738835865e-09 -4.03375860629465184e-10 -1.92842103297586448e-07
3.183183e+00  1.27654826165719900e-08  4.40620591213858863e-08 -2.45524832603074908e-07
3.187187e+00 -3.87579586220414636e-08  8.98460518644204647e-08 -1.56460823399201447e-07
3.191191e+00 -1.46656584281537301e-07  7.79426622993931159e-08  8.68443933856029380e-11
3.195195e+00 -2.43301789684536975e-07 -2.66971630821029307e-09  9.19112737710780529e-08
3.199199e+00 -2.61997069754686344e-07 -1.02871681234303690e-07  4.06130039640149855e-08
3.203203e+00 -1.95063226674001431e-07 -1.52051855762114686e-07 -1.06270603399378074e-07
3.207207e+00 -1.02536917670818122e-07 -1.15947859919568539e-07 -2.08942921430107897e-07
3.211211e+00 -6.27872096718667278e-08 -2.53736885483930911e-08 -1.52322601168985868e-07
3.215215e+00 -1.06641562545406906e-07  4.88590292228393868e-08  5.07375415983171311e-08
3.219219e+00 -1.91295533107113928e-07  5.47289584314275361e-08  2.60658603057433354e-07
3.223223e+00 -2.36403504467940789e-07  2.57018664744545861e-09  3.21235118181471365e-07
3.227227e+00 -1.91601765806128739e-07 -4.38718067819362634e-08  1.88801530979726311e-07
3.231231e+00 -7.81924856415107146e-08 -2.28268898125453664e-08 -2.94154854768182964e-08
3.235235e+00  2.96551165533002552e-08  6.92464110673199871e-08 -1.62957127413978862e-07
3.239239e+00  6.71201038604605350e-08  1.68458802886508213e-07 -1.19514333847372248e-07
3.243243e+00  3.11921670922505197e-08  1.91324767185957193e-07  3.98388513600652148e-08
3.247247e+00 -1.99286082682683874e-08  1.02072400326623684e-07  1.56264782191300942e-07
3.251251e+00 -1.77215520749616491e-08 -5.56184190533466512e-08  1.12416849388352220e-07
3.255255e+00  6.01496100400528470e-08 -1.89431728019740412e-07 -6.42143938222063765e-08
3.259259e+00  1.74668443372830212e-07 -2.27657438702681260e-07 -2.23003501312040101e-07
3.263263e+00  2.61079652791620436e-07 -1.71014554795909211e-07 -2.18652805112967699e-07
3.267267e+00  2.81458261218804835e-07 -8.56814128135544303e-08 -3.64163900129198053e-08
3.271271e+00  2.48850108709108908e-07 -4.49054069254164178e-08  1.92794789144345666e-07
3.275275e+00  2.05948163012652893e-07 -6.86366447672297647e-08  2.99653697635870099e-07
3.279279e+00  1.82363686229477402e-07 -1.10797735531712348e-07  2.14299638571709007e-07
3.283283e+00  1.71207668386235053e-07 -1.02653965505128091e-07  1.90024455711053439e-08
3.287287e+00  1.44275466652457921e-07 -1.39030576389607270e-08 -1.25762542645948271e-07
3.291291e+00  8.71631615385572454e-08  1.19853124334576804e-07 -1.16006316014911547e-07
3.295295e+00  1.73149551781926029e-08  2.24158400220023223e-07  1.42753389472865648e-08
3.299299e+00 -3.36683970843031295e-08  2.42125077690234437e-07  1.29579898952855950e-07
3.303303e+00 -5.52126146990162249e-08  1.73057649703913983e-07  1.11291075736289194e-07
3.307307e+00 -7.29489762194035091e-08  6.49107664092124061e-08 -4.36880058837254869e-08
3.311311e+00 -1.24734944295531668e-07 -2.73221938918870940e-08 -2.23563948437618089e-07
3.315315e+00 -2.17931784897902893e-07 -7.91941042526153419e-08 -2.95009951439673442e-07
3.319319e+00 -3.10732914861647031e-07 -1.01226493325611625e-07 -2.08088759344162196e-07
3.323323e+00 -3.41398527261525317e-07 -1.13395208894301321e-07 -2.85526671237186454e-08
3.327327e+00 -2.83876883490692374e-07 -1.18145058223043391e-07  1.21595130259123651e-07
3.331331e+00 -1.78835109248993009e-07 -9.75652676535604076e-08  1.59945743053052230e-07
3.335335e+00 -1.06309634047923575e-07 -3.52954654857810702e-08  9.75130254110222802e-08
3.339339e+00 -1.18216645207736288e-07  5.91358798643341763e-08  1.36316016434370817e-08
3.343343e+00 -1.89220167695589776e-07  1.46998551778285203e-07 -1.86964334076165103e-08
3.347347e+00 -2.33349871385603296e-07  1.82464266595240543e-07  8.32523008330407137e-09
3.351351e+00 -1.77143972712415608e-07  1.43335048342466639e-07  4.00750033797511390e-08
3.355355e+00 -2.72888179640914265e-08  4.73519376803614165e-08  1.60105946734950769e-08
3.359359e+00  1.28808399283305432e-07 -5.76538278761800283e-08 -7.09183123369875255e-08
3.363363e+00  1.94160344593274651e-07 -1.23188573046238356e-07 -1.62250344559263288e-07
3.367367e+00  1.45262255698714639e-07 -1.30031564900313930e-07 -1.79398243836704344e-07
3.371371e+00  5.38220021263369273e-08 -9.93368548422284684e-08 -8.95728666099519667e-08
3.375375e+00  2.58795013746861431e-08 -7.65373589327581151e-08  6.17912213302805477e-08
3.379379e+00  1.09764663957471511e-07 -9.64853638876433463e-08  1.80637656887386922e-07
3.383383e+00  2.52912224740716416e-07 -1.52545685219624596e-07  1.95352560725042185e-07
3.387387e+00  3.45522968778069542e-07 -1.94182502119097126e-07  1.13570024028872519e-07
3.391391e+00  3.13199707112337607e-07 -1.61087701900850556e-07  1.67143998377941982e-08
3.395395e+00  1.78334355107505691e-07 -3.37987587061768004e-08 -7.64631148674607625e-09
3.399399e+00  3.84093468476258119e-08  1.38470960841493124e-07  5.72851288787844348e-08
3.403403e+00 -1.76633828974495097e-08  2.61930065996939026e-07  1.37719978804364686e-07
3.407407e+00  1.83246308818899692e-08  2.64316039671943089e-07  1.30190717990096319e-07
3.411411e+00  7.35096580664779693e-08  1.53743594684477464e-07 -2.39030930054378561e-09
3.415415e+00  6.12351454501550662e-08  1.83013747994803353e-08 -1.82821144579813308e-07
3.419419e+00 -4.49723353709081621e-08 -4.11628068448016313e-08 -2.70693019449118035e-07
3.423423e+00 -1.92509313732111822e-07  6.23772369989317850e-09 -1.79833115655434928e-07
3.427427e+00 -2.96231627801557044e-07  9.48328622269198505e-08  3.59509402954309798e-08
3.431431e+00 -3.05800268527613188e-07  1.20286478138352809e-07  2.11366199353601973e-07
3.435435e+00 -2.37700146262183396e-07  3.56195860181372164e-08  2.01411581499751761e-07
3.439439e+00 -1.52072846677190703e-07 -1.00378199015638089e-07  9.88238886943657168e-09
3.443443e+00 -1.01467998497548991e-07 -1.70897563818119718e-07 -2.01575909809742420e-07
3.447447e+00 -9.55384634937722751e-08 -1.07274622149207188e-07 -2.44316954539851071e-07
3.451451e+00 -1.04202547532403718e-07  4.21194049775768424e-08 -6.89961643095123543e-08
3.455455e+00 -8.75806544599733382e-08  1.47894756883802783e-07  1.79341190443017626e-07
3.459459e+00 -2.48502665025683939e-08  1.13873691653928978e-07  2.76486637019220487e-07
3.463463e+00  7.61798294363448270e-08 -3.28410274953564098e-08  1.14577187794695229e-07
3.467467e+00  1.87813575650338646e-07 -1.61921752211440453e-07 -1.91666056416530313e-07
3.471471e+00  2.78681036426508569e-07 -1.57038851101608004e-07 -3.89347279393458456e-07
3.475475e+00  3.28838029182208932e-07 -2.49986687344257612e-08 -2.99436650342448231e-07
3.479479e+00  3.39504316668002133e-07  1.06033917440736970e-07  2.41778741616930469e-08
3.483483e+00  3.33039629375963727e-07  1.02370839105214061e-07  3.31018309353161721e-07
3.487487e+00  3.39274334550168326e-07 -4.91986264598630438e-08  3.80926527141303054e-07
3.491491e+00  3.72770358945306977e-07 -2.22628366071934807e-07  1.45672049911875544e-07
3.495495e+00  4.17454990336170772e-07 -2.62210168417088120e-07 -1.69618685744961401e-07
3.499499e+00  4.35432345564718995e-07 -1.22774053195200376e-07 -3.04151542274592374e-07
3.503504e+00  3.98258280659023690e-07  8.78987397984503052e-08 -1.63012319552270984e-07
3.507508e+00  3.15402045617475887e-07  2.04617494185043589e-07  1.09957143122059128e-07
3.511512e+00  2.31171956002062287e-07  1.51807292970901700e-07  2.67388952468255031e-07
3.515516e+00  1.87558096374687375e-07  7.96021151440845666e-09  1.77236101684071123e-07
3.519520e+00  1.84861002822471067e-07 -7.05227655936596742e-08 -6.93452565283102041e-08
3.523524e+00  1.79438326296438569e-07  5.01514351378114581e-09 -2.51233148909266779e-07
3.527528e+00  1.25599957655267854e-07  1.74108340538419301e-07 -2.20134282035788725e-07
3.531532e+00  2.42137774945076443e-08  2.83040773530609890e-07 -2.73179660562497996e-08
3.535536e+00 -7.11729663772637173e-08  2.24653582401264058e-07  1.35667962467003266e-07
3.539540e+00 -1.02114582145295086e-07  3.41337050612411522e-08  1.20302750216075387e-07
3.543544e+00 -6.40126608441455737e-08 -1.43542065003585729e-07 -4.33854551973178509e-08
3.547548e+00 -1.64338644076879224e-08 -1.80783317668293957e-07 -1.81218374575981222e-07
3.551552e+00 -2.86212934496336355e-08 -7.30074343801777277e-08 -1.42466742536024067e-07
3.555556e+00 -1.08676717537634953e-07  6.78218205749233009e-08  5.65398964675671784e-08
3.559560e+00 -1.87241091942019898e-07  1.17898922866647740e-07  2.44227265498887148e-07
3.563564e+00 -1.78839625603503797e-07  4.61604866446132889e-08  2.48474509805340820e-07
3.567568e+00 -6.76648488748883357e-08 -7.06639306610104442e-08  5.28989770309917828e-08
3.571572e+00  6.59829398763215133e-08 -1.25631291425908593e-07 -1.85349148565762934e-07
3.575576e+00  1.11833733239420763e-07 -7.49524765671377006e-08 -2.70793494381480743e-07
3.579580e+00  3.29896604095684321e-08  3.36953386053182919e-08 -1.37811029639288179e-07
3.583584e+00 -9.09328144015501147e-08  1.12483365608076340e-07  9.38991301418519271e-08
3.587588e+00 -1.28473823762422253e-07  1.09551193106864083e-07  2.21696476596509223e-07
3.591592e+00 -1.64676092446624427e-08  4.32928133011274779e-08  1.30596323032963287e-07
3.595596e+00  1.73542568464098698e-07 -2.51877745387163337e-08 -1.11254948697254159e-07
3.599600e+00  2.88413602285159640e-07 -4.68707123076332252e-08 -3.08438623031593755e-07
3.603604e+00  2.24228714006294206e-07 -1.79238519284953229e-08 -2.96199090154465987e-07
3.607608e+00  1.97134506108371651e-08  2.86999849785082239e-08 -7.19533249040685128e-08
3.611612e+00 -1.72509265737626474e-07  5.56087035226669474e-08  2.02140794193729171e-07
3.615616e+00 -2.13387168824176826e-07  4.73516221374402986e-08  3.24606598032071884e-07
3.619620e+00 -9.24637669952549365e-08  1.54938083281511596e-08  2.09838461189091854e-07
3.623624e+00  6.84512555084790602e-08 -1.34804655378102174e-08 -4.48735407526170245e-08
3.627628e+00  1.22250242999427387e-07 -1.62206354620832366e-08 -2.30988372980113420e-07
3.631632e+00  1.79611145655729493e-08  1.19146660403780909e-08 -1.86961796141604564e-07
3.635636e+00 -1.66256930214696662e-07  5.05111715271755184e-08  7.36018081266234892e-08
3.639640e+00 -2.98519303237306354e-07  6.40460863729316636e-08  3.62014762640108899e-07
3.643644e+00 -3.03547113956643403e-07  2.81487767053578699e-08  4.50019616483706409e-07
3.647648e+00 -2.13133685702619524e-07 -4.41289125290652916e-08  2.46034692856685431e-07
3.651652e+00 -1.24107835386835234e-07 -1.02140948874817280e-07 -1.21485677387366219e-07
3.655656e+00 -1.12954384704733010e-07 -9.45033364114283842e-08 -3.87033715866779901e-07
3.659660e+00 -1.83889601104944414e-07 -1.87552270981873159e-08 -3.46488039078500798e-07
3.663664e+00 -2.84679559445108264e-07  6.28009469460770627e-08 -2.24412050284525495e-08
3.667668e+00 -3.60816794222710626e-07  6.71447045705115325e-08  3.40115127605116747e-07
3.671672e+00 -3.93962021771037721e-07 -3.39010273740510852e-08  4.58217511874379466e-07
3.675676e+00 -3.98914016590753679e-07 -1.74017221657378667e-07  2.37589052032213246e-07
3.679680e+00 -3.97143233283585251e-07 -2.34971562627240041e-07 -1.43452741380602417e-07
3.683684e+00 -3.99448308153770358e-07 -1.45680488530965027e-07 -3.72123851075158735e-07
3.687688e+00 -4.08757511773073563e-07  4.72075016384981982e-08 -2.58041137853228671e-07
3.691692e+00 -4.27778817144006645e-07  2.07103012609912098e-07  1.02385678176979115e-07
3.695696e+00 -4.55435149157893704e-07  2.18718334292278255e-07  3.98263952214588184e-07
3.699700e+00 -4.77225619367235828e-07  8.78757165287812691e-08  3.61399935365558849e-07
3.703704e+00 -4.68175418946639154e-07 -6.20257529181152931e-08 -4.99653199899135553e-09
3.707708e+00 -4.13941087656045426e-07 -9.85419945126574017e-08 -4.22723592546968054e-07
3.711712e+00 -3.30574390919840423e-07  1.98126566152820897e-09 -5.68193888725553470e-07
3.715716e+00 -2.57830191993453635e-07  1.34953316772924220e-07 -3.42078025792160974e-07
3.719720e+00 -2.25698767515726244e-07  1.65353359027704559e-07  5.15495837710262170e-08
3.723724e+00 -2.24455161597789091e-07  5.28387396061206242e-08  2.84094351381418836e-07
3.727728e+00 -2.10144776419083065e-07 -1.11905413538524858e-07  1.83794333935330892e-07
3.731732e+00 -1.44174502451895438e-07 -1.92535648308355136e-07 -1.23676776224205688e-07
3.735736e+00 -3.00617167619497089e-08 -1.32567907811224186e-07 -3.33788720141809821e-07
3.739740e+00  8.93713206943034533e-08 -2.51873032706415658e-09 -2.32929129358747225e-07
3.743744e+00  1.72461112665985062e-07  7.37341028110274194e-08  1.16972606864004296e-07
3.747748e+00  2.16382902308372060e-07  3.97696365072049314e-08  4.35287538302761489e-07
3.751752e+00  2.53767124384918848e-07 -4.30206945242940320e-08  4.64298018614261628e-07
3.755756e+00  3.12328082888633510e-07 -6.30329287891658363e-08  1.82829501089324964e-07
3.759760e+00  3.80870027924747149e-07  2.42175097724939597e-08 -1.86839446494600299e-07
3.763764e+00  4.19272638719494782e-07  1.45720815960585366e-07 -3.72288294229722442e-07
3.767768e+00  4.03396200266552433e-07  1.78377922937977994e-07 -2.69957323336180118e-07
3.771772e+00  3.56484678754061395e-07  6.93563804627688187e-08 -7.60635620991966883e-09
3.775776e+00  3.29656010179671762e-07 -1.07852597187223848e-07  1.85215368569166693e-07
3.779780e+00  3.47049994654296588e-07 -2.17050981116885477e-07  1.71553410303073847e-07
3.783784e+00  3.72096554270451370e-07 -1.82357011648788866e-07  4.73369349049762405e-10
3.787788e+00  3.35102552593769536e-07 -5.35411838761597086e-08 -1.61967842073009628e-07
3.791792e+00  2.01305199916566857e-07  4.68032322694571154e-08 -1.83981492894916616e-07
3.795796e+00  1.34127332411378856e-08  4.07204831848434424e-08 -6.66191273505266585e-08
3.799800e+00 -1.37887908281449839e-07 -3.69011536017293270e-08  7.98896162450838277e-08
3.803804e+00 -1.92859136716720909e-07 -8.25308764947243099e-08  1.40448172148943124e-07
3.807808e+00 -1.76916369893316372e-07 -3.32308016132028526e-08  8.25133815346885270e-08
3.811812e+00 -1.75575384642289651e-07  6.83729637047999533e-08 -3.61415901466750329e-08
3.815816e+00 -2.50943196185235407e-07  1.16869501175867323e-07 -1.25371984014013856e-07
3.819820e+00 -3.79039240772754280e-07  5.12644005288571406e-08 -1.27218602398480252e-07
3.823824e+00 -4.69753818028734548e-07 -7.94466950994770601e-08 -4.24546165098611283e-08
3.827828e+00 -4.52097608167241080e-07 -1.56923712469798774e-07  8.26734314320387139e-08
3.831832e+00 -3.42842425814901308e-07 -1.01599915105368231e-07  1.86146591881693963e-07
3.835836e+00 -2.31027266770800889e-07  5.44812869300273217e-08  2.18384549937367699e-07
3.839840e+00 -1.92093654644080427e-07  1.97031268512273964e-07  1.64440870292805355e-07
3.843844e+00 -2.15013012789921868e-07  2.29902492723044239e-07  5.52706319306903521e-08
3.847848e+00 -2.14655921561320864e-07  1.51070944030748300e-07 -4.42549178004476157e-08
3.851852e+00 -1.18934983462835257e-07  3.80535745837649637e-08 -7.49604181066454038e-08
3.855856e+00  5.40790506352989833e-08 -3.36588663947693343e-08 -2.84869065294681014e-08
3.859860e+00  2.06338958813801686e-07 -5.50166944311020679e-08  4.16537181744496513e-08
3.863864e+00  2.50672572841929011e-07 -7.16931409470356261e-08  6.24380669613237720e-08
3.867868e+00  1.95950025089879423e-07 -1.17917075490996826e-07  7.48442194656328199e-09
3.871872e+00  1.42713648577134803e-07 -1.70589745887052523e-07 -7.35858519226987413e-08
3.875876e+00  1.89554342089900028e-07 -1.72409680074181105e-07 -9.74220493557864250e-08
3.879880e+00  3.36589695072713256e-07 -9.77429063090936452e-08 -2.87055075820247740e-08
3.883884e+00  4.77786186541903914e-07  1.05878283695202491e-08  7.58599905914256238e-08
3.887888e+00  4.92384882982566206e-07  7.53304153108122518e-08  1.11220869844496615e-07
3.891892e+00  3.53621084211437080e-07  5.75145117046402060e-08  2.30746753443304955e-08
3.895896e+00  1.56347268219446473e-07 -5.72798517900352097e-09 -1.29894295621082696e-07
3.899900e+00  3.87688132536625097e-08 -3.81234954399129526e-08 -2.17273789011551008e-07
3.903904e+00  6.81850512242409989e-08 -7.90930769691230843e-10 -1.53179827715485932e-07
3.907908e+00  1.89960136506993720e-07  6.77237267664399495e-08  1.77230605849858368e-08
3.911912e+00  2.79486602890763014e-07  8.91970955210323610e-08  1.50303562685114466e-07
3.915916e+00  2.46595383393250959e-07  2.60930668908099909e-08  1.26347301851016298e-07
3.919920e+00  1.02360562672449688e-07 -7.35504907427103950e-08 -3.41544045864873389e-08
3.923924e+00 -6.07468438893550883e-08 -1.12216397720011702e-07 -1.83667592660172479e-07
3.927928e+00 -1.47276643574800401e-07 -2.91097035976483044e-08 -1.76992205773256010e-07
3.931932e+00 -1.25362330584668714e-07  1.41394748152605680e-07 -5.95695700220088561e-09
3.935936e+00 -3.40358090204889758e-08  2.91228625309712763e-07  1.85039904217379244e-07
3.939940e+00  5.92631321504668882e-08  3.20314899121727552e-07  2.21621712477640594e-07
3.943944e+00  1.06347051442261199e-07  2.08383836371417577e-07  5.39446914891523305e-08
3.947948e+00  9.74975435815025581e-08  2.11800693052918803e-08 -1.93820420020273561e-07
3.951952e+00  5.29050217442574300e-08 -1.44812426088776435e-07 -3.23775464214428258e-07
3.955956e+00  6.12002439994125186e-09 -2.27239824893800692e-07 -2.27630751595534365e-07
3.959960e+00 -9.05716652342380092e-09 -2.23698466071424272e-07  2.65108219129441253e-08
3.963964e+00  2.80516214629889305e-08 -1.71579158754784384e-07  2.53629544687089425e-07
3.967968e+00  1.09227343889011043e-07 -1.11222664346092158e-07  3.01031734841436686e-07
3.971972e+00  1.91848012449572903e-07 -6.32940346968862079e-08  1.60569433019771730e-07
3.975976e+00  2.19557601356958367e-07 -2.79052410576341084e-08 -4.16984489116909602e-08
3.979980e+00  1.63504062213820993e-07  5.66812162703040019e-09 -1.56413437362609467e-07
3.983984e+00  5.15022216102192785e-08  4.88523355774846937e-08 -1.23659056311733615e-07
3.987988e+00 -4.68245050654874144e-08  1.04175753622875640e-07 -1.87073690535084024e-09
3.991992e+00 -7.42447906424495229e-08  1.57002997281525782e-07  9.43989870099170911e-08
3.995996e+00 -3.44781515688521647e-08  1.77296998890076934e-07  8.57876282544256959e-08
4.000000e+00  1.08997914014540293e-08  1.39071996211731848e-07 -2.15531563377123947e-08
