# Author: SW4
# Scenario: test
# Date: UTC  11/27/2017:22:13:55.000
# Bandwith (Hz): 1.234000e+00
# Station: sta1
# Target location (WGS84 longitude, latitude) (deg): -1.222500e+02 3.785000e+01
# Actual location (WGS84 longitude, latitude) (deg): -1.222496e+02 3.785025e+01
# Distance from target to actual location (m): 4.725299e+01
# nColumns: 4
# Column 1: Time (s)
# Column 2: X displacement (m)
# Column 3: Y displacement (m)
# Column 4: Z displacement (m)
0.000000e+00  0.00000000000000000e+00  0.00000000000000000e+00  0.00000000000000000e+00
9.100101e-03  0.00000000000000000e+00  0.00000000000000000e+00  0.00000000000000000e+00
1.820020e-02  0.00000000000000000e+00  0.00000000000000000e+00  0.00000000000000000e+00
2.730030e-02  0.00000000000000000e+00  0.00000000000000000e+00  0.00000000000000000e+00
3.640040e-02  0.00000000000000000e+00  0.00000000000000000e+00  0.00000000000000000e+00
4.550051e-02  0.00000000000000000e+00  0.00000000000000000e+00  0.00000000000000000e+00
5.460061e-02  0.00000000000000000e+00  0.00000000000000000e+00  0.00000000000000000e+00
6.370071e-02  0.00000000000000000e+00  0.00000000000000000e+00  0.00000000000000000e+00
7.280081e-02 -1.38705619352933969e-47  6.16808997519994558e-47  3.50398997951511061e-46
8.190091e-02  2.12489315173655247e-45 -8.30733858937984798e-45 -5.47862251894238111e-44
9.100101e-02 -4.49104182567630681e-44  1.00497924929554991e-44  1.04699920738394047e-42
1.001011e-01 -2.76986413324926122e-42  1.11616525764551273e-41  7.94914182357706391e-41
1.092012e-01  2.26892796573871703e-41  1.45300331410404830e-43 -4.54064019666784984e-40
1.183013e-01  8.22058081932671606e-40 -2.78418919516938078e-39 -2.33842031328906517e-38
1.274014e-01  1.54746976516336757e-39 -1.44931857189443827e-38 -8.06959124828914729e-38
1.365015e-01 -6.87650411337820279e-38  2.08006257187384307e-37  1.71078769488439302e-36
1.456016e-01 -5.17181749626992494e-37  2.42323510856439448e-36  1.55612090604540865e-35
1.547017e-01  4.04140440235469610e-37  3.61408753087558737e-36  3.13554049060910315e-36
1.638018e-01  2.16201088466512685e-35 -8.27055472182916373e-35 -5.81398136362602932e-34
1.729019e-01  9.49432515126490077e-35 -6.07167714687005979e-34 -2.97171777760716317e-33
1.820020e-01 -1.10833710627929463e-34 -1.09029883400210908e-33  1.40068328569572366e-33
1.911021e-01 -2.63336497401093287e-33  7.94976705682390480e-33  7.48609104127650062e-32
2.002022e-01 -9.49610372741400875e-33  5.84945699442673865e-32  3.08006572057686566e-31
2.093023e-01  5.15207100131535102e-33  1.34237562708202130e-31  2.18594468257651122e-32
2.184024e-01  1.73286137839248342e-31 -2.56690415604148943e-31 -4.77548703488325188e-30
2.275025e-01  6.64920535185346986e-31 -2.68519445125556521e-30 -2.04417688171068819e-29
2.366026e-01  5.74292507997628123e-31 -7.10028308810340048e-30 -2.41504357112793799e-29
2.457027e-01 -5.14335990307690353e-30  2.99683534013138098e-30  1.31629586952283122e-28
2.548028e-01 -2.54054684122899829e-29  8.18368695433563562e-29  7.42030751100644512e-28
2.639029e-01 -4.64140256724088561e-29  2.56494114862174360e-28  1.53822527136796956e-27
2.730030e-01  4.67542649521319196e-29  1.53758633314848818e-28 -6.32649176729690004e-28
2.821031e-01  5.08397395213075362e-28 -1.60137517051985203e-27 -1.37464936523281525e-26
2.912032e-01  1.31955609107368633e-27 -6.34891354660907469e-27 -4.17031217533073262e-26
3.003033e-01  8.54314906195845265e-28 -8.03660770736855795e-27 -4.90622041131554647e-26
3.094034e-01 -5.12418999474291891e-27  2.05476780905797976e-26  8.80237358741749473e-26
3.185035e-01 -1.88357690665193999e-26  1.15276324349912433e-25  5.58303512335972884e-25
3.276036e-01 -2.65631479054145837e-26  1.83332151817147409e-25  1.41425987129283372e-24
3.367037e-01  1.81675689127810045e-28 -3.37411818102948409e-25  2.25550762739569319e-24
3.458038e-01  1.60967532439885399e-26 -2.59469295415274827e-24  1.62990866246749485e-24
3.549039e-01 -2.52530248210936192e-25 -6.26860132193679170e-24 -6.75940468989846577e-24
3.640040e-01 -8.76304079224533612e-25 -1.61969972124767693e-24 -4.92555010714184835e-23
3.731041e-01  1.14150659608066032e-24  4.44738697709479565e-23 -1.97110660798262073e-22
3.822042e-01  1.81672354696447628e-23  1.84872408652162128e-22 -5.17455698548050298e-22
3.913043e-01  7.14820004485174537e-23  3.86512004934638418e-22 -6.56386260662296693e-22
4.004044e-01  1.41916139247647716e-22  1.67609120889491951e-22  1.39511200423689368e-21
4.095046e-01 -7.29733094464799640e-24 -2.06645113446892435e-21  1.09676874548908730e-20
4.186047e-01 -1.14437983004273120e-21 -9.22776261123355941e-21  3.46640643627023832e-20
4.277048e-01 -4.57564763713313647e-21 -2.23125167548641642e-20  6.26261619202901391e-20
4.368049e-01 -1.02498407394239160e-20 -2.74028750570974428e-20  1.77312048299312834e-20
4.459050e-01 -9.89879807793519446e-21  3.31593534812459025e-20 -3.22738460247913719e-19
4.550051e-01  2.67811560921240735e-20  2.92941692107781483e-19 -1.32513922037950010e-18
4.641052e-01  1.63752115061233147e-19  9.21693489192584962e-19 -3.08702124119575903e-18
4.732053e-01  4.66269391410373834e-19  1.81566776905038944e-18 -4.04012698866503069e-18
4.823054e-01  8.26280779224187650e-19  1.70578345606458907e-18  1.78857224186960077e-18
4.914055e-01  5.11781249936921990e-19 -3.43692469811135127e-18  2.74557759075126264e-17
5.005056e-01 -2.55083769376660273e-18 -2.16596117250268176e-17  8.96296399760755051e-17
5.096057e-01 -1.21132590370175754e-17 -6.19242866936637382e-17  1.85261912935506615e-16
5.187058e-01 -3.14231793646686353e-17 -1.17813285261641310e-16  2.29500749334194587e-16
5.278059e-01 -5.42414232378988552e-17 -1.26076533727134771e-16 -5.06194311439407584e-17
5.369060e-01 -4.40299979360730743e-17  1.02581629562287002e-16 -1.21045740614719212e-15
5.460061e-01  9.73840094971980766e-17  9.40950701631543333e-16 -3.97225761122451804e-15
5.551062e-01  5.47212705399369587e-16  2.85450858521193633e-15 -8.48932175954073084e-15
5.642063e-01  1.49201743381920401e-15  5.87963360067155472e-15 -1.24271438543776703e-14
5.733064e-01  2.83208363020307626e-15  8.28562131986059692e-15 -7.56867128530999842e-15
5.824065e-01  3.49435201832856635e-15  4.23292881812197871e-15  2.40209789210352745e-14
5.915066e-01  3.36655359769678282e-16 -1.88160730713101125e-14  1.10129547266970352e-13
6.006067e-01 -1.28382679024349863e-14 -8.00089762184861595e-14  2.75677972845340801e-13
6.097068e-01 -4.45362163784673395e-14 -1.96020227361442736e-13  5.02845462443861507e-13
6.188069e-01 -9.99319647905689434e-14 -3.53458055920076740e-13  6.49909145682383490e-13
6.279070e-01 -1.66114444121286133e-13 -4.54184490958068541e-13  3.30522395713175160e-13
6.370071e-01 -1.85519602264514689e-13 -2.36891543712811200e-13 -1.19935428497206212e-12
6.461072e-01 -2.21744166996498768e-14  7.90927654223530186e-13 -5.01384652982645478e-12
6.552073e-01  5.58573053678540499e-13  3.32359989579447123e-12 -1.20972480354913394e-11
6.643074e-01  1.85191498294249613e-12  7.97994891294349838e-12 -2.21769152824192463e-11
6.734075e-01  4.04830429883392422e-12  1.45904968723375947e-11 -3.14774778551666481e-11
6.825076e-01  6.86948742941931519e-12  2.09184914260074200e-11 -2.93936909881559105e-11
6.916077e-01  8.98362922330126962e-12  2.09179353443566016e-11  5.08069471636939028e-12
7.007078e-01  7.30893292803293578e-12  3.09879605914191029e-12  1.04859096084203919e-10
7.098079e-01 -3.46587471732685126e-12 -4.97717644299853914e-11  3.09944880723081216e-10
7.189080e-01 -3.05606945906563772e-11 -1.57765453148177277e-10  6.50248711107372066e-10
7.280081e-01 -8.12368128657714479e-11 -3.35611889986628506e-10  1.10963404825225657e-09
7.371082e-01 -1.58759643312054853e-10 -5.77910618015757073e-10  1.56753786150480441e-09
7.462083e-01 -2.56159455246925536e-10 -8.38502361464304296e-10  1.72190140959204144e-09
7.553084e-01 -3.48866948627662764e-10 -1.00814402082515869e-09  1.00939078143403642e-09
7.644085e-01 -3.88697160506657355e-10 -8.98431801899138365e-10 -1.44638131807384792e-09
7.735086e-01 -3.02765823639030063e-10 -2.42429665879360526e-10 -6.81645058093186329e-09
7.826087e-01 -9.37605290989218052e-13  1.27844380547019084e-09 -1.64359706026306888e-08
7.917088e-01  6.06384018406505669e-10  3.97762136890221125e-09 -3.15398388620511767e-08
8.008089e-01  1.58202819083656246e-09  8.08374060381039739e-09 -5.28861718869455363e-08
8.099090e-01  2.93402822174732721e-09  1.36578217313002811e-08 -8.03487765918275931e-08
8.190091e-01  4.59622886334677467e-09  2.05361293036978109e-08 -1.12615187458512020e-07
8.281092e-01  6.42838327636471721e-09  2.83272535989612209e-08 -1.47148670026700050e-07
8.372093e-01  8.24190306633598990e-09  3.64783962790383000e-08 -1.80532840373164859e-07
8.463094e-01  9.84794981491186990e-09  4.44007952551338866e-08 -2.09206113955607391e-07
8.554095e-01  1.11134115400822348e-08  5.16161510689895123e-08 -2.30432415021020160e-07
8.645096e-01  1.20027687099900347e-08  5.78679634969933497e-08 -2.43202356695642197e-07
8.736097e-01  1.25851524124409094e-08  6.31460719642452949e-08 -2.48693156280540011e-07
8.827098e-01  1.29981414345115224e-08  6.76036007967801957e-08 -2.49999437562819576e-07
8.918099e-01  1.33796592168618024e-08  7.13941421657325670e-08 -2.51090208850186683e-07
9.009100e-01  1.37979665980121309e-08  7.45025011032502377e-08 -2.55280023878228136e-07
9.100101e-01  1.42165179681442020e-08  7.66598989041341250e-08 -2.63786353679185706e-07
9.191102e-01  1.45185089009243675e-08  7.74082782763335041e-08 -2.75026205166324865e-07
9.282103e-01  1.45875132363548262e-08  7.63124518188308233e-08 -2.85091086810128293e-07
9.373104e-01  1.44081680059388272e-08  7.32401113181246424e-08 -2.89368110777566481e-07
9.464105e-01  1.41323034771446237e-08  6.85778203318675245e-08 -2.84727090070710378e-07
9.555106e-01  1.40649727604703175e-08  6.32590575829549469e-08 -2.71330312855640816e-07
9.646107e-01  1.45616946663608180e-08  5.85546554042317401e-08 -2.53162351603213643e-07
9.737108e-01  1.58763838694014486e-08  5.56878501978976814e-08 -2.36871061724031071e-07
9.828109e-01  1.80324792787320858e-08  5.54315200104994718e-08 -2.29277111888519008e-07
9.919110e-01  2.07859136084962406e-08  5.78707396454848079e-08 -2.34593449948652551e-07
1.001011e+00  2.37051749024464204e-08  6.24471994562009973e-08 -2.52633661740655984e-07
1.010111e+00  2.63321553222454959e-08  6.82689671109627853e-08 -2.78902959920100633e-07
1.019211e+00  2.83430691877859338e-08  7.45350058194560463e-08 -3.06593659048281281e-07
1.028311e+00  2.96297980772171842e-08  8.08617198860738732e-08 -3.29563419696824157e-07
1.037412e+00  3.02705359282381490e-08  8.73480110602918408e-08 -3.44856216867546938e-07
1.046512e+00  3.04257848583767314e-08  9.43555385304742021e-08 -3.53541729927369416e-07
1.055612e+00  3.02382920590666345e-08  1.02137912700179361e-07 -3.59524024483297377e-07
1.064712e+00  2.98040090781222917e-08  1.10537161588656738e-07 -3.67052010824026136e-07
1.073812e+00  2.92221506690799046e-08  1.18925554418077568e-07 -3.78349766224862837e-07
1.082912e+00  2.86672439644301976e-08  1.26424911162288406e-07 -3.92665562561272489e-07
1.092012e+00  2.84038698277341936e-08  1.32268649640309159e-07 -4.07160995596520952e-07
1.101112e+00  2.87065244213419985e-08  1.36086726754383562e-07 -4.18936574021274322e-07
1.110212e+00  2.97259827699263653e-08  1.37947117562940941e-07 -4.26810807666072945e-07
1.119312e+00  3.14001366409750572e-08  1.38149907305618709e-07 -4.31685317794424183e-07
1.128413e+00  3.34914395411938970e-08  1.36937547901470408e-07 -4.35330090402634177e-07
1.137513e+00  3.57455139222869226e-08  1.34342404286406068e-07 -4.38565685877967815e-07
1.146613e+00  3.80650302724818634e-08  1.30292257697133492e-07 -4.40307793092227056e-07
1.155713e+00  4.05590686948724131e-08  1.24895507507223466e-07 -4.38365438593214861e-07
1.164813e+00  4.34006821132057720e-08  1.18667982405412337e-07 -4.31561787972979128e-07
1.173913e+00  4.65661428000907921e-08  1.12468750611353354e-07 -4.21581462277842215e-07
1.183013e+00  4.96394288440484824e-08  1.07104032701806873e-07 -4.12859075523618707e-07
1.192113e+00  5.18533346466571079e-08  1.02820542542134965e-07 -4.10061884564087109e-07
1.201213e+00  5.23931198209115095e-08  9.90540013837983957e-08 -4.14569343396973358e-07
1.210313e+00  5.08003278588882652e-08  9.46924626405304773e-08 -4.22498618971766696e-07
1.219414e+00  4.72198634912537130e-08  8.87888470461162880e-08 -4.26236675310922230e-07
1.228514e+00  4.23158997819126679e-08  8.13135443018967398e-08 -4.19204994154574624e-07
1.237614e+00  3.69004470002572000e-08  7.34268677978778323e-08 -4.01061172354847177e-07
1.246714e+00  3.15231414083194906e-08  6.69963766459713343e-08 -3.79582527117933108e-07
1.255814e+00  2.63070805530634207e-08  6.35695897971274840e-08 -3.67121891831079292e-07
1.264914e+00  2.11415098371237675e-08  6.34279655840076800e-08 -3.73067906200248931e-07
1.274014e+00  1.60730378129418063e-08  6.53841316080093390e-08 -3.96922816814709304e-07
1.283114e+00  1.15715202326498315e-08  6.75588067336158848e-08 -4.27018942736411339e-07
1.292214e+00  8.42116550557273026e-09  6.87240284711814225e-08 -4.46734609906683781e-07
1.301314e+00  7.26444067950692334e-09  6.93553614094455761e-08 -4.45034852036915476e-07
1.310415e+00  8.10855000498068162e-09  7.16360205385553006e-08 -4.24601979495377011e-07
1.319515e+00  1.01734375543263639e-08  7.82921209759612176e-08 -4.01541340236153128e-07
1.328615e+00  1.22447206003021675e-08  9.09216263432327768e-08 -3.95760373214930555e-07
1.337715e+00  1.33362407399450300e-08  1.08877638331223196e-07 -4.17563517163142292e-07
1.346815e+00  1.32264197876389904e-08  1.29469497129942619e-07 -4.59341702419103659e-07
1.355915e+00  1.24991585096067607e-08  1.49406133698535909e-07 -4.98698905534532884e-07
1.365015e+00  1.20613182840702552e-08  1.66570634849086697e-07 -5.12077893851296379e-07
1.374115e+00  1.24842993560142811e-08  1.80961682093915957e-07 -4.90574422348492732e-07
1.383215e+00  1.36507550765571429e-08  1.94170090291553644e-07 -4.47354093118889349e-07
1.392315e+00  1.49741851721905767e-08  2.07740901530242485e-07 -4.10955380576676116e-07
1.401416e+00  1.60487609658923426e-08  2.21539793098123421e-07 -4.07936627736895614e-07
1.410516e+00  1.72761904543453822e-08  2.33261646609593705e-07 -4.45727463123446334e-07
1.419616e+00  2.00299512103286725e-08  2.39462191973531397e-07 -5.06964620306295119e-07
1.428716e+00  2.62401424758795683e-08  2.37470783532359310e-07 -5.59418566159979750e-07
1.437816e+00  3.76750006430786416e-08  2.26949147908105326e-07 -5.75478120539400505e-07
1.446916e+00  5.53755158813263665e-08  2.10094648658844140e-07 -5.48851702464572453e-07
1.456016e+00  7.95518465180321492e-08  1.90375613565654646e-07 -4.97940798520165904e-07
1.465116e+00  1.09902356285548288e-07  1.70622226469443768e-07 -4.54015351943932308e-07
1.474216e+00  1.46031591993020868e-07  1.51665387037525177e-07 -4.42015192232483663e-07
1.483316e+00  1.87618612769723882e-07  1.32312485276328656e-07 -4.66125445292996266e-07
1.492417e+00  2.34212658811215111e-07  1.10585206734001456e-07 -5.08659423409739564e-07
1.501517e+00  2.84821301579757617e-07  8.53990398476359736e-08 -5.42027869828995529e-07
1.510617e+00  3.37597468343466810e-07  5.76786955583829937e-08 -5.45626336058622455e-07
1.519717e+00  3.89850452350214307e-07  3.03187373732644116e-08 -5.17243692028021429e-07
1.528817e+00  4.38395349033768740e-07  7.08966751203346622e-09 -4.72858667007928753e-07
1.537917e+00  4.80079951351313349e-07 -8.87089638750749542e-09 -4.36084428048161016e-07
1.547017e+00  5.12289223220300065e-07 -1.62127377952976868e-08 -4.24249744470567170e-07
1.556117e+00  5.33302939355212066e-07 -1.56703508088776531e-08 -4.39136295708876110e-07
1.565217e+00  5.42477140087952380e-07 -9.45985677906643173e-09 -4.66930318212254706e-07
1.574317e+00  5.40265754143601317e-07 -1.49232022380174047e-10 -4.86606982968911087e-07
1.583418e+00  5.28103216601189248e-07  1.04152834368069898e-08 -4.81749695928847689e-07
1.592518e+00  5.08182277315731150e-07  2.16095846928172412e-08 -4.49499222370328818e-07
1.601618e+00  4.83201918817873899e-07  3.37552995539478739e-08 -4.02089125677339185e-07
1.610718e+00  4.56185092103265063e-07  4.72948299861092351e-08 -3.60226052429926041e-07
1.619818e+00  4.30417055499935809e-07  6.19785342774061546e-08 -3.41749185173070968e-07
1.628918e+00  4.09436374057821508e-07  7.66396136474090554e-08 -3.51662289107535020e-07
1.638018e+00  3.96909614877940863e-07  8.97636426163714570e-08 -3.79242704052981290e-07
1.647118e+00  3.96242032036634194e-07  1.00498375730004786e-07 -4.04230685455539729e-07
1.656218e+00  4.09940625000594797e-07  1.09371897705149402e-07 -4.08772593112943859e-07
1.665319e+00  4.38950009554226868e-07  1.18104520710925053e-07 -3.87987718702127212e-07
1.674419e+00  4.82269328722283246e-07  1.28495996842597327e-07 -3.52509074576586075e-07
1.683519e+00  5.37048277103720566e-07  1.41055029452528901e-07 -3.21305354600313046e-07
1.692619e+00  5.99120252756064568e-07  1.54303471190098827e-07 -3.09494426741006301e-07
1.701719e+00  6.63729925821542041e-07  1.65293283090226258e-07 -3.19265907970094237e-07
1.710819e+00  7.26185855435486391e-07  1.71066829108854025e-07 -3.39830967587782903e-07
1.719919e+00  7.82309203510083707e-07  1.70147684010392817e-07 -3.55925008342366040e-07
1.729019e+00  8.28722534504611731e-07  1.63145408758900222e-07 -3.58430005650652837e-07
1.738119e+00  8.63087445333559170e-07  1.52193813234114404e-07 -3.49558528831816763e-07
1.747219e+00  8.84328675039198768e-07  1.39735476363127213e-07 -3.39489017848639940e-07
1.756320e+00  8.92772257183150865e-07  1.27526800367417128e-07 -3.37820882972633600e-07
1.765420e+00  8.90096120384851183e-07  1.16432681765585411e-07 -3.46712524140239919e-07
1.774520e+00  8.79070928396482968e-07  1.06897917354680514e-07 -3.60575138091439015e-07
1.783620e+00  8.63172567951799131e-07  9.94852007197556107e-08 -3.71645248703378320e-07
1.792720e+00  8.46171483098946517e-07  9.49290275817339907e-08 -3.76276992878779874e-07
1.801820e+00  8.31734774690807941e-07  9.36681793706899432e-08 -3.76848219943339575e-07
1.810920e+00  8.23008111233913746e-07  9.53247701938794635e-08 -3.78323057767399450e-07
1.820020e+00  8.22176713729522963e-07  9.86748614854980968e-08 -3.83021715166095986e-07
1.829120e+00  8.30127872458146350e-07  1.02264544629820344e-07 -3.88284857169414977e-07
1.838220e+00  8.46418692053623748e-07  1.05308753682735883e-07 -3.88845231576429693e-07
1.847321e+00  8.69658055284796305e-07  1.08282820764103101e-07 -3.81575111129373701e-07
1.856421e+00  8.98154990120919804e-07  1.12827554397511735e-07 -3.68422519278889984e-07
1.865521e+00  9.30455313883438661e-07  1.21034879318617196e-07 -3.55115058054362137e-07
1.874621e+00  9.65404466684850281e-07  1.34518611782906472e-07 -3.46806303193686156e-07
1.883721e+00  1.00168563508840924e-06  1.53708466387173981e-07 -3.44167935769604360e-07
1.892821e+00  1.03718824304860277e-06  1.77604485820971007e-07 -3.42801731251727450e-07
1.901921e+00  1.06874872948762785e-06  2.04000848705683695e-07 -3.36172806773480404e-07
1.911021e+00  1.09259871072102442e-06  2.30064500683194119e-07 -3.19901138151132857e-07
1.920121e+00  1.10537939670379782e-06  2.53107320284548689e-07 -2.94798167623619313e-07
1.929221e+00  1.10517939605861556e-06  2.71334330132916746e-07 -2.67232598617189967e-07
1.938322e+00  1.09202468771240338e-06  2.84290307891116210e-07 -2.46873669623077656e-07
1.947422e+00  1.06761208634382948e-06  2.92777794627249017e-07 -2.42676408415399668e-07
1.956522e+00  1.03455466640645818e-06  2.98260097039154104e-07 -2.58369653863305048e-07
1.965622e+00  9.95650655683229791e-07  3.02087759238383021e-07 -2.89248772733926485e-07
1.974722e+00  9.53546799280509989e-07  3.05037127087866319e-07 -3.22478413449851443e-07
1.983822e+00  9.10793762471434246e-07  3.07436683378815465e-07 -3.42236809234603660e-07
1.992922e+00  8.69993548601638638e-07  3.09681138685160401e-07 -3.38301774514305682e-07
2.002022e+00  8.33729556700115102e-07  3.12564777487640737e-07 -3.13434699882885966e-07
2.011122e+00  8.04211291357050484e-07  3.16955692666471136e-07 -2.83982806658011662e-07
2.020222e+00  7.82831716673976288e-07  3.22885504834313898e-07 -2.71406892694227643e-07
2.029323e+00  7.69914586820493926e-07  3.28735982335315833e-07 -2.88648937834467520e-07
2.038423e+00  7.64789597359291287e-07  3.31339150796001424e-07 -3.30036637730064248e-07
2.047523e+00  7.66118021519770970e-07  3.27269392206806492e-07 -3.72515818283760617e-07
2.056623e+00  7.72274302494628126e-07  3.14730159316097298e-07 -3.88979304946359044e-07
2.065723e+00  7.81629220280221761e-07  2.94877052557693961e-07 -3.65810614104150875e-07
2.074823e+00  7.92698954083923457e-07  2.71641754277663090e-07 -3.12913998474805547e-07
2.083923e+00  8.04202013368489572e-07  2.50027711406157147e-07 -2.58855032355927381e-07
2.093023e+00  8.15055987020573102e-07  2.33821025876356140e-07 -2.33667160065798838e-07
2.102123e+00  8.24301533728447956e-07  2.24020444882364795e-07 -2.50396724098442163e-07
2.111223e+00  8.30943898536386320e-07  2.18803677509805941e-07 -2.97390373550887698e-07
2.120324e+00  8.33773179169309047e-07  2.14880552957678446e-07 -3.46016248459035761e-07
2.129424e+00  8.31300686077823626e-07  2.09308891509870834e-07 -3.68273030498292788e-07
2.138524e+00  8.21943732424128612e-07  2.00741833563674792e-07 -3.52777620514713079e-07
2.147624e+00  8.04476939541291192e-07  1.89602099847882092e-07 -3.09659831237279661e-07
2.156724e+00  7.78604139746477143e-07  1.77389428951630788e-07 -2.62760771781547661e-07
2.165824e+00  7.45394969704721835e-07  1.65737407965519481e-07 -2.35314007337190380e-07
2.174924e+00  7.07348167254519649e-07  1.55768964506439568e-07 -2.37995242290560848e-07
2.184024e+00  6.67987334357350394e-07  1.47942111402529242e-07 -2.65153539605862168e-07
2.193124e+00  6.31094194931093439e-07  1.42252530192651462e-07 -2.99437518553527120e-07
2.202224e+00  5.99844433030553316e-07  1.38553982243164576e-07 -3.20935659858588425e-07
2.211325e+00  5.76159147904042839e-07  1.36826895302063226e-07 -3.16134072201751879e-07
2.220425e+00  5.60498277191795860e-07  1.37315831052362577e-07 -2.83449244563123674e-07
2.229525e+00  5.52136988825794548e-07  1.40486434492571620e-07 -2.33873189508456398e-07
2.238625e+00  5.49764741002052268e-07  1.46773111061876199e-07 -1.86538465435122934e-07
2.247725e+00  5.52124948315586105e-07  1.56183569990380213e-07 -1.60325171113805083e-07
2.256825e+00  5.58429821382214503e-07  1.67975600482834879e-07 -1.64503015235167477e-07
2.265925e+00  5.68423860828096973e-07  1.80685307976824555e-07 -1.92964493275078630e-07
2.275025e+00  5.82145124649171559e-07  1.92637013979380575e-07 -2.26026461021297684e-07
2.284125e+00  5.99546455521619509e-07  2.02742148747301605e-07 -2.40180883394907086e-07
2.293225e+00  6.20145041557213757e-07  2.11119391802374897e-07 -2.21167702583159887e-07
2.302326e+00  6.42804101744258164e-07  2.19083426390791899e-07 -1.72776311971408090e-07
2.311426e+00  6.65689536528384643e-07  2.28405834634878161e-07 -1.15544857540762871e-07
2.320526e+00  6.86426521905827694e-07  2.40232902886635145e-07 -7.54898339503651693e-08
2.329626e+00  7.02475626351795802e-07  2.54311064192808787e-07 -6.93641923304832120e-08
2.338726e+00  7.11694288959421017e-07  2.69013741273533477e-07 -9.52913132289932397e-08
2.347826e+00  7.12935522726740808e-07  2.82174850161234795e-07 -1.34244269710077451e-07
2.356926e+00  7.06436337789779468e-07  2.92243167641299049e-07 -1.61060994727354465e-07
2.366026e+00  6.93773166957568518e-07  2.99102260418265257e-07 -1.58115072575635656e-07
2.375126e+00  6.77349577909629755e-07  3.04139713722238035e-07 -1.23881367465912488e-07
2.384226e+00  6.59639259945031703e-07  3.09602894290402317e-07 -7.24456468698333523e-08
2.393327e+00  6.42558548472139531e-07  3.17637165344654759e-07 -2.54454308078955371e-08
2.402427e+00  6.27262805849002488e-07  3.29473094628216013e-07 -1.46063913341519392e-09
2.411527e+00  6.14385569984033596e-07  3.45047157755625539e-07 -7.98862122356278366e-09
2.420627e+00  6.04452416616194730e-07  3.63092465071010953e-07 -3.88584552909891551e-08
2.429727e+00  5.98103098475106237e-07  3.81583097617280148e-07 -7.73077092631598585e-08
2.438827e+00  5.95913569445944712e-07  3.98377760827117904e-07 -1.03182433351586832e-07
2.447927e+00  5.97911480318418909e-07  4.11900085751203947e-07 -1.01711291197917533e-07
2.457027e+00  6.03117806316541188e-07  4.21652626216753895e-07 -7.05749502631291826e-08
2.466127e+00  6.09469118165033723e-07  4.28336795516664955e-07 -2.18557388458847575e-08
2.475228e+00  6.14273263570452958e-07  4.33448742370313378e-07  2.30918136095460078e-08
2.484328e+00  6.15052952087596819e-07  4.38472464125590819e-07  4.44317767769601401e-08
2.493428e+00  6.10404474566312825e-07  4.44068079732949149e-07  3.50737486929349623e-08
2.502528e+00  6.00456875416366733e-07  4.49737238023223726e-07  5.65293581620632980e-09
2.511628e+00  5.86679608913136210e-07  4.54213271166399618e-07 -2.06256699149327487e-08
2.520728e+00  5.71085592192570252e-07  4.56375765097652686e-07 -2.11285208171915490e-08
2.529828e+00  5.55183585445491744e-07  4.56122840775047603e-07  1.27034876639023340e-08
2.538928e+00  5.39199783668693778e-07  4.54625339312448612e-07  6.99741487976868419e-08
2.548028e+00  5.22002270917877319e-07  4.53772084329079879e-07  1.26709056654814137e-07
2.557128e+00  5.01824490298200502e-07  4.55144327060035059e-07  1.60098895323501761e-07
2.566229e+00  4.77447786949685922e-07  4.59166476972649975e-07  1.61660741187697678e-07
2.575329e+00  4.49218124338405775e-07  4.64957334182699150e-07  1.41288020408932082e-07
2.584429e+00  4.19335123501633331e-07  4.70944319305840308e-07  1.20301062315792544e-07
2.593529e+00  3.91253679699356582e-07  4.75825351965439700e-07  1.18578268179081900e-07
2.602629e+00  3.68537756965639691e-07  4.79282277176312756e-07  1.43934343673211037e-07
2.611729e+00  3.53778363572393658e-07  4.82054069826675935e-07  1.89492840250899646e-07
2.620829e+00  3.48060967043419407e-07  4.85394315142657041e-07  2.39198738270334323e-07
2.629929e+00  3.51057102843333363e-07  4.90281873483438005e-07  2.76971087039557230e-07
2.639029e+00  3.61438738166488098e-07  4.96835354176829115e-07  2.94054565431597438e-07
2.648129e+00  3.77242363217242779e-07  5.04206447369885698e-07  2.91557185445351081e-07
2.657230e+00  3.96050411450038569e-07  5.10946170147773933e-07  2.78447232027920244e-07
2.666330e+00  4.15158341006729872e-07  5.15618377776366626e-07  2.67111989848430687e-07
2.675430e+00  4.31967694844552539e-07  5.17359288499692191e-07  2.68515762264998761e-07
2.684530e+00  4.44617397565913989e-07  5.16140904419151460e-07  2.88202751237899235e-07
2.693630e+00  4.52548098311949153e-07  5.12638751932293205e-07  3.24047420076230694e-07
2.702730e+00  4.56595200783164179e-07  5.07777409738509851e-07  3.66729712112200965e-07
2.711830e+00  4.58454657960063761e-07  5.02176965220617370e-07  4.03454499143148294e-07
2.720930e+00  4.59788256642893444e-07  4.95785511064954023e-07  4.23912280556427061e-07
2.730030e+00  4.61494510299696867e-07  4.87905318402952356e-07  4.25691937079439125e-07
2.739130e+00  4.63550187956818140e-07  4.77616232959921900e-07  4.15916356253873825e-07
2.748231e+00  4.65414163026291794e-07  4.64372564041567088e-07  4.07674335199893316e-07
2.757331e+00  4.66601408654825006e-07  4.48444415610717834e-07  4.12983295727847707e-07
2.766431e+00  4.66971250702465639e-07  4.30972698909373189e-07  4.36351608225894816e-07
2.775531e+00  4.66559067316120816e-07  4.13649959984680154e-07  4.72735881098714726e-07
2.784631e+00  4.65172619658273720e-07  3.98255682981259586e-07  5.10908674922016083e-07
2.793731e+00  4.62167477680320262e-07  3.86309430369804334e-07  5.39915206652175036e-07
2.802831e+00  4.56679494583880088e-07  3.78945274614884984e-07  5.54683133649498376e-07
2.811931e+00  4.48247879379416698e-07  3.76902018186040578e-07  5.57850263785434154e-07
2.821031e+00  4.37464168332555014e-07  3.80450601072084415e-07  5.57476225479104180e-07
2.830131e+00  4.26221367226441179e-07  3.89207678103091239e-07  5.62570933977136080e-07
2.839232e+00  4.17331622500810188e-07  4.01994384891614657e-07  5.78995165298032586e-07
2.848332e+00  4.13605050739519108e-07  4.16985485003937072e-07  6.07382961469915162e-07
2.857432e+00  4.16771169980585530e-07  4.32241836034573768e-07  6.43385454970073925e-07
2.866532e+00  4.26748325277233928e-07  4.46418739520875792e-07  6.79684686960415997e-07
2.875632e+00  4.41657715780813945e-07  4.59232971685330646e-07  7.08988894089900328e-07
2.884732e+00  4.58646903111073319e-07  4.71349916152282450e-07  7.27132384411464193e-07
2.893832e+00  4.75153097119577363e-07  4.83705140567649540e-07  7.35179708203729366e-07
2.902932e+00  4.89929941901802989e-07  4.96666550649699726e-07  7.39384411047929525e-07
2.912032e+00  5.03221551584558974e-07  5.09585275806816258e-07  7.48513366923830253e-07
2.921132e+00  5.15952490815524530e-07  5.21052687138729998e-07  7.69440752527243614e-07
2.930233e+00  5.28464113201032099e-07  5.29720262046842304e-07  8.03239794862380687e-07
2.939333e+00  5.39709272336368919e-07  5.35160461986735799e-07  8.44157698761615363e-07
2.948433e+00  5.47573622573285328e-07  5.38210610465104351e-07  8.82412214239685187e-07
2.957533e+00  5.50206298760480705e-07  5.40574281141996439e-07  9.09447819432694245e-07
2.966633e+00  5.47451039465763412e-07  5.43934029292574052e-07  9.22646793309513442e-07
2.975733e+00  5.41294852969164586e-07  5.49140833563134565e-07  9.26685238415671763e-07
2.984833e+00  5.34903527003661976e-07  5.55991603445539207e-07  9.30710617025770569e-07
2.993933e+00  5.30855878757162652e-07  5.63726979034194964e-07  9.43032162176092540e-07
3.003033e+00  5.29827689007513667e-07  5.71919343426410416e-07  9.66462594425454935e-07
3.012133e+00  5.30678561045861228e-07  5.81161989163881406e-07  9.96973978868677594e-07
3.021234e+00  5.31846415420109449e-07  5.93073638344293764e-07  1.02631468863484415e-06
3.030334e+00  5.32954406775725385e-07  6.09541105902400820e-07  1.04695009019035255e-06
3.039434e+00  5.35375049756157436e-07  6.31600212551592348e-07  1.05645115395410269e-06
3.048534e+00  5.41314501207533968e-07  6.58617985231392408e-07  1.05887492863593522e-06
3.057634e+00  5.52132748757819385e-07  6.88317117233018323e-07  1.06242761112244971e-06
3.066734e+00  5.67190085081538862e-07  7.17722120229103259e-07  1.07477736121808621e-06
3.075834e+00  5.84064828157001521e-07  7.44557174486750776e-07  1.09867627067944161e-06
3.084934e+00  5.99905109549097124e-07  7.68315415773202516e-07  1.13037301655517182e-06
3.094034e+00  6.12840493839980460e-07  7.90359185215319004e-07  1.16172774354370450e-06
3.103134e+00  6.22437079765884861e-07  8.12951303950664515e-07  1.18481688389504893e-06
3.112235e+00  6.29030484367656422e-07  8.37752912987502055e-07  1.19634277425649940e-06
3.121335e+00  6.32677990997717130e-07  8.64663318076168571e-07  1.19925032118630235e-06
3.130435e+00  6.32698331062913030e-07  8.91693478143478517e-07  1.20062300673884038e-06
3.139535e+00  6.28183247581394287e-07  9.15953311883752712e-07  1.20720877251111674e-06
3.148635e+00  6.19010378050797178e-07  9.35169076568326191e-07  1.22138598295398636e-06
3.157735e+00  6.06482962665811585e-07  9.48847256626476396e-07  1.24005961169570132e-06
3.166835e+00  5.93060647238701358e-07  9.58447622509857890e-07  1.25706012949633325e-06
3.175935e+00  5.81385483684294221e-07  9.66546305574430983e-07  1.26735164803462573e-06
3.185035e+00  5.73312588450394213e-07  9.75552353240342088e-07  1.27023363193291240e-06
3.194135e+00  5.69550968360626744e-07  9.86728026145377782e-07  1.26946534477259140e-06
3.203236e+00  5.69973965033361396e-07  9.99978561809245543e-07  1.27032693987269183e-06
3.212336e+00  5.74175165975204869e-07  1.01435772360815254e-06  1.27565788852894226e-06
3.221436e+00  5.81799844650679962e-07  1.02883913021105717e-06  1.28356641295454833e-06
3.230536e+00  5.92521047672801818e-07  1.04285420198910006e-06  1.28839970064077682e-06
3.239636e+00  6.05881242091418071e-07  1.05635544860665254e-06  1.28444778289253391e-06
3.248736e+00  6.21268702101428973e-07  1.06949875443059557e-06  1.27006682056451532e-06
3.257836e+00  6.38058868061717210e-07  1.08222630389797224e-06  1.24954474854471923e-06
3.266936e+00  6.55713487513566382e-07  1.09400692038462341e-06  1.23131302592984407e-06
3.276036e+00  6.73649362009440621e-07  1.10384581855481939e-06  1.22329305395909064e-06
3.285137e+00  6.90940743221700300e-07  1.11054287664835575e-06  1.22799394119737760e-06
3.294237e+00  7.06144323008670395e-07  1.11311259815529348e-06  1.24035660016384701e-06
3.303337e+00  7.17500438776272675e-07  1.11124693797836854e-06  1.24994258892819861e-06
3.312437e+00  7.23486161931296128e-07  1.10566376353122583e-06  1.24656961649947919e-06
3.321537e+00  7.23417512569821857e-07  1.09816369939913088e-06  1.22629287916011794e-06
3.330637e+00  7.17752841905389455e-07  1.09128711391544778e-06  1.19410617356722512e-06
3.339737e+00  7.07954970857851212e-07  1.08764437400952065e-06  1.16141429438130351e-06
3.348837e+00  6.96034948496563240e-07  1.08919702193018721e-06  1.13940900114900219e-06
3.357937e+00  6.84020464037116185e-07  1.09683933000435351e-06  1.13215395016066687e-06
3.367037e+00  6.73528461913984548e-07  1.11047854344781296e-06  1.13367707642643673e-06
3.376138e+00  6.65499796862651518e-07  1.12951376443483125e-06  1.13114420184470233e-06
3.385238e+00  6.60104264590826707e-07  1.15337376289924655e-06  1.11245849279973138e-06
3.394338e+00  6.56845452440167793e-07  1.18177116280091503e-06  1.07372372947436321e-06
3.403438e+00  6.54879235466510413e-07  1.21456504024976567e-06  1.02188155917639973e-06
3.412538e+00  6.53445075009484009e-07  1.25141153643720973e-06  9.70711655835729620e-07
3.421638e+00  6.52180106293096714e-07  1.29150248402078042e-06  9.32514874465249074e-07
3.430738e+00  6.51103586573832196e-07  1.33357061549835994e-06  9.10547891836805114e-07
3.439838e+00  6.50280461262071572e-07  1.37610340272671329e-06  8.96865150239513117e-07
3.448938e+00  6.49448159085779636e-07  1.41756597600752422e-06  8.76908871414974374e-07
3.458038e+00  6.47968746239794076e-07  1.45649378196299466e-06  8.38077466920747012e-07
3.467139e+00  6.45230382160391483e-07  1.49149357045127396e-06  7.77149841232212388e-07
3.476239e+00  6.41226356856740152e-07  1.52129979242925685e-06  7.02215721385674099e-07
3.485339e+00  6.36820866922110214e-07  1.54496291602247112e-06  6.28064926558042566e-07
3.494439e+00  6.33393719467107674e-07  1.56206947762041793e-06  5.67765639456405986e-07
3.503539e+00  6.32038858538518322e-07  1.57279698679669958e-06  5.25232827387322475e-07
3.512639e+00  6.32895591964461999e-07  1.57770852007750493e-06  4.92903696567047729e-07
3.521739e+00  6.35163108331899037e-07  1.57741958095597114e-06  4.55736891945452539e-07
3.530839e+00  6.37863147194771417e-07  1.57241480576346065e-06  3.99304900601643607e-07
3.539939e+00  6.40821871682895221e-07  1.56319851588577574e-06  3.17585056621027285e-07
3.549039e+00  6.45102968633325098e-07  1.55068157321467775e-06  2.16252159305415137e-07
3.558140e+00  6.52453637523529525e-07  1.53646744011463053e-06  1.09693695868653074e-07
3.567240e+00  6.64013645984989272e-07  1.52271927293010239e-06  1.33479124859168630e-08
3.576340e+00  6.79101028885812349e-07  1.51157799580970015e-06 -6.44733315640088198e-08
3.585440e+00  6.94921364500398057e-07  1.50444275050442762e-06 -1.26793029474537757e-07
3.594540e+00  7.07512457457691268e-07  1.50155120946433254e-06 -1.85914940252449542e-07
3.603640e+00  7.13478480835807748e-07  1.50210743831431367e-06 -2.56365787522567953e-07
3.612740e+00  7.11571746428390717e-07  1.50484680227833749e-06 -3.46968119006624693e-07
3.621840e+00  7.03249938144901279e-07  1.50867042401656534e-06 -4.56616802774133283e-07
3.630940e+00  6.91916442187535664e-07  1.51299832297462577e-06 -5.76003491625595275e-07
3.640040e+00  6.81285020989523498e-07  1.51773017359706121e-06 -6.93863505730564755e-07
3.649141e+00  6.73770166406937389e-07  1.52295761415400250e-06 -8.03647290651064188e-07
3.658241e+00  6.69741022695772307e-07  1.52866165541780938e-06 -9.06553126986655567e-07
3.667341e+00  6.67946535404583196e-07  1.53453761248110259e-06 -1.00949229086433997e-06
3.676441e+00  6.66740911103872996e-07  1.53994776778303222e-06 -1.11992783552516289e-06
3.685541e+00  6.65307262468453147e-07  1.54394299122027043e-06 -1.24132729350182328e-06
3.694641e+00  6.64140940760673371e-07  1.54533700313350121e-06 -1.37208613055507810e-06
3.703741e+00  6.64564888711288466e-07  1.54286890093688909e-06 -1.50804368608528719e-06
3.712841e+00  6.67684696912958205e-07  1.53546109607266915e-06 -1.64621095868740869e-06
3.721941e+00  6.73544079725981041e-07  1.52248289365093203e-06 -1.78681603029987603e-06
3.731041e+00  6.81080235212526933e-07  1.50386731328277753e-06 -1.93241687820367791e-06
3.740142e+00  6.88908333048271594e-07  1.47998672074858243e-06 -2.08520825560009483e-06
3.749242e+00  6.96371621461781808e-07  1.45134699162339727e-06 -2.24492224655760974e-06
3.758342e+00  7.04090183051611864e-07  1.41828817939839606e-06 -2.40904033294748419e-06
3.767442e+00  7.13576472574039127e-07  1.38087201538314287e-06 -2.57508036293095596e-06
3.776542e+00  7.26132790093405672e-07  1.33899718775177189e-06 -2.74306544985089750e-06
3.785642e+00  7.41755113369863342e-07  1.29262812527172603e-06 -2.91614298177700394e-06
3.794742e+00  7.58783343459669930e-07  1.24197521295182533e-06 -3.09871412563328288e-06
3.803842e+00  7.74550141888066551e-07  1.18754631954413826e-06 -3.29327571975870943e-06
3.812942e+00  7.86628609561825658e-07  1.13010985982503282e-06 -3.49815925254602393e-06
3.822042e+00  7.93906303590086061e-07  1.07065416326574667e-06 -3.70784769600018604e-06
3.831143e+00  7.96855619928039889e-07  1.01036604683223652e-06 -3.91593686926613254e-06
3.840243e+00  7.96906263267522231e-07  9.50559132079842845e-07 -4.11911140455681273e-06
3.849343e+00  7.95380528725186863e-07  8.92464492353190585e-07 -4.31973689215931240e-06
3.858443e+00  7.92671258553492595e-07  8.36885177332215109e-07 -4.52528555331049952e-06
3.867543e+00  7.88121371316205700e-07  7.83842273964338272e-07 -4.74452922377524000e-06
3.876643e+00  7.80589198805126607e-07  7.32396708194016380e-07 -4.98237557165189640e-06
3.885743e+00  7.69277179707143128e-07  6.80769162264527918e-07 -5.23630878471167523e-06
3.894843e+00  7.54299484536764519e-07  6.26745480682633685e-07 -5.49685809783222743e-06
3.903943e+00  7.36686048337303632e-07  5.68236767988042317e-07 -5.75240345882566212e-06
3.913043e+00  7.17890558506311712e-07  5.03817798580684099e-07 -5.99597189717648596e-06
3.922144e+00  6.99151852650417282e-07  4.33084482820377367e-07 -6.23008377479838666e-06
3.931244e+00  6.81099419260472201e-07  3.56713417115224039e-07 -6.46639825174144875e-06
3.940344e+00  6.63797892449145339e-07  2.76164227035179118e-07 -6.71978881008981967e-06
3.949444e+00  6.47130021825763813e-07  1.93062414255617290e-07 -6.99994915126213360e-06
3.958544e+00  6.31205944821527359e-07  1.08442045320423025e-07 -7.30545564371694977e-06
3.967644e+00  6.16484967361702911e-07  2.21518852213566439e-08 -7.62402799076864711e-06
3.976744e+00  6.03503710535525923e-07 -6.72707505894239836e-08 -7.93909212472430693e-06
3.985844e+00  5.92390890703804042e-07 -1.62135242275631952e-07 -8.23890757653472297e-06
3.994944e+00  5.82526358782997084e-07 -2.64712387427787024e-07 -8.52294813085334002e-06
4.004044e+00  5.72641288984407806e-07 -3.76329212304379313e-07 -8.80192401938832008e-06
4.013145e+00  5.61379416871414593e-07 -4.96853208566279373e-07 -9.09166276144486471e-06
4.022245e+00  5.48019157152998945e-07 -6.24751743204437439e-07 -9.40455935766801802e-06
4.031345e+00  5.32911362856194604e-07 -7.57612162047913610e-07 -9.74337978434110621e-06
4.040445e+00  5.17330128516611776e-07 -8.92834539282075718e-07 -1.01004679445228826e-05
4.049545e+00  5.02784374299725405e-07 -1.02825134801929613e-06 -1.04622209081919423e-05
4.058645e+00  4.90170065592841879e-07 -1.16259599293363440e-06 -1.08160476760713541e-05
4.067745e+00  4.79239757712097542e-07 -1.29585417565338624e-06 -1.11562092311134052e-05
4.076845e+00  4.68670536768996185e-07 -1.42948427562876469e-06 -1.14859663595916155e-05
4.085945e+00  4.56660910692477737e-07 -1.56635472448090256e-06 -1.18154330382637840e-05
4.095046e+00  4.41709024676150518e-07 -1.71019875367499757e-06 -1.21564161001703940e-05
4.104146e+00  4.23174898231644906e-07 -1.86455364818809902e-06 -1.25166770449720018e-05
4.113246e+00  4.01399222987928478e-07 -2.03147138741596096e-06 -1.28962373715379358e-05
4.122346e+00  3.77400524530687767e-07 -2.21054181832850153e-06 -1.32875193744490067e-05
4.131446e+00  3.52348609470183104e-07 -2.39874773491692221e-06 -1.36794189151856814e-05
4.140546e+00  3.27050849326421474e-07 -2.59133791789061139e-06 -1.40634005021868337e-05
4.149646e+00  3.01624663744733705e-07 -2.78343340267622509e-06 -1.44383849525305232e-05
4.158746e+00  2.75437037981052070e-07 -2.97173727935759749e-06 -1.48115343553002501e-05
4.167846e+00  2.47313183826004998e-07 -3.15567706270119943e-06 -1.51941891480506553e-05
4.176946e+00  2.15952468435318002e-07 -3.33756634627655343e-06 -1.55951099273732333e-05
4.186047e+00  1.80432603234195691e-07 -3.52177629989451803e-06 -1.60150053462082529e-05
4.195147e+00  1.40645433266053216e-07 -3.71327036583654885e-06 -1.64457374501708644e-05
4.204247e+00  9.75140262595813040e-08 -3.91605129836412233e-06 -1.68747811627136852e-05
4.213347e+00  5.28973332644524517e-08 -4.13205901459693247e-06 -1.72922410337296235e-05
4.222447e+00  9.17300722905431813e-09 -4.36086433384396514e-06 -1.76961653318735084e-05
4.231547e+00 -3.14264430941189314e-08 -4.60019380728314077e-06 -1.80930759460979596e-05
4.240647e+00 -6.75706453633068432e-08 -4.84700135481790769e-06 -1.84937014712923793e-05
4.249747e+00 -9.94523457919401147e-08 -5.09860649704489184e-06 -1.89067642655513154e-05
4.258847e+00 -1.28997433085938754e-07 -5.35344858433845606e-06 -1.93345110008906545e-05
4.267947e+00 -1.59445487505167726e-07 -5.61125501073256070e-06 -1.97721853957640786e-05
4.277048e+00 -1.94302348865467117e-07 -5.87274717656711454e-06 -2.02110831541577743e-05
4.286148e+00 -2.36004621425728424e-07 -6.13920811873265770e-06 -2.06429630078362923e-05
4.295248e+00 -2.84905465259524690e-07 -6.41218739510940903e-06 -2.10633974256337688e-05
4.304348e+00 -3.39160537409129371e-07 -6.69337958568648050e-06 -2.14728238000468693e-05
4.313448e+00 -3.95678223916705450e-07 -6.98448768114337419e-06 -2.18755067730100305e-05
4.322548e+00 -4.51689251190789698e-07 -7.28686759899233726e-06 -2.22774199008888231e-05
4.331648e+00 -5.06075974796950215e-07 -7.60097045268042634e-06 -2.26840337927138173e-05
4.340748e+00 -5.59703245390224937e-07 -7.92587792201709308e-06 -2.30986011132638181e-05
4.349848e+00 -6.14600866993244892e-07 -8.25931701818851350e-06 -2.35212283406785972e-05
4.358948e+00 -6.72579575900880259e-07 -8.59832706015452911e-06 -2.39489105188258213e-05
4.368049e+00 -7.34212828389968089e-07 -8.94035167088463889e-06 -2.43765649693056577e-05
4.377149e+00 -7.98828226571837962e-07 -9.28421814751332468e-06 -2.47987832140941781e-05
4.386249e+00 -8.65421214459248968e-07 -9.63047760837804397e-06 -2.52116641692983516e-05
4.395349e+00 -9.33748172438085539e-07 -9.98092607154582108e-06 -2.56139837273620175e-05
4.404449e+00 -1.00474053811057653e-06 -1.03375916540387275e-05 -2.60072266595691858e-05
4.413549e+00 -1.07987994632172378e-06 -1.07017601213476598e-05 -2.63944963494012688e-05
4.422649e+00 -1.15992657227198031e-06 -1.10735477174823888e-05 -2.67787431382696372e-05
4.431749e+00 -1.24387578731546917e-06 -1.14521754670344144e-05 -2.71609644887072272e-05
4.440849e+00 -1.32891494318807222e-06 -1.18366886951542429e-05 -2.75390710394596017e-05
4.449949e+00 -1.41154812487943686e-06 -1.22266476781414684e-05 -2.79080289194969693e-05
4.459050e+00 -1.48934678761770478e-06 -1.26223965147455545e-05 -2.82615739253936831e-05
4.468150e+00 -1.56239308548262738e-06 -1.30248141193151982e-05 -2.85951120556925547e-05
4.477250e+00 -1.63361281499738004e-06 -1.34347638197263035e-05 -2.89085368411482515e-05
4.486350e+00 -1.70774908955714487e-06 -1.38526022589854895e-05 -2.92072025163880113e-05
4.495450e+00 -1.78940619392412977e-06 -1.42780207230540028e-05 -2.94998573461979248e-05
4.504550e+00 -1.88106200695793508e-06 -1.47102522611607736e-05 -2.97940231681427105e-05
4.513650e+00 -1.98198521330402837e-06 -1.51484473632546254e-05 -3.00911992573860261e-05
4.522750e+00 -2.08857468456959013e-06 -1.55919408068376340e-05 -3.03849488848314527e-05
4.531850e+00 -2.19595144440084931e-06 -1.60402409204478292e-05 -3.06635449055846850e-05
4.540950e+00 -2.30001792003632098e-06 -1.64927869115096245e-05 -3.09160069799850918e-05
4.550051e+00 -2.39898958877648797e-06 -1.69486917616747381e-05 -3.11379325166396008e-05
4.559151e+00 -2.49373318407385750e-06 -1.74067014335078032e-05 -3.13333646403494225e-05
4.568251e+00 -2.58692781912872229e-06 -1.78654497369842117e-05 -3.15114115506875283e-05
4.577351e+00 -2.68168103318092434e-06 -1.83238808101191713e-05 -3.16798351482803378e-05
4.586451e+00 -2.78039771144993453e-06 -1.87815951214778666e-05 -3.18398767928678407e-05
4.595551e+00 -2.88434751281656733e-06 -1.92389302305425021e-05 -3.19856648344245528e-05
4.604651e+00 -2.99381159355839255e-06 -1.96967680176174315e-05 -3.21082990901658876e-05
4.613751e+00 -3.10835801056959843e-06 -2.01562281341913659e-05 -3.22015009772653606e-05
4.622851e+00 -3.22692514016634510e-06 -2.06184393972895103e-05 -3.22648606272464176e-05
4.631951e+00 -3.34780721992834047e-06 -2.10844626286120108e-05 -3.23027102150045403e-05
4.641052e+00 -3.46891113006603583e-06 -2.15552754229782503e-05 -3.23198861028224174e-05
4.650152e+00 -3.58849524975117090e-06 -2.20316613406863934e-05 -3.23176790712173238e-05
4.659252e+00 -3.70612219896920964e-06 -2.25139339435836020e-05 -3.22927440709149641e-05
4.668352e+00 -3.82319429566300343e-06 -2.30016013277848196e-05 -3.22392973338252051e-05
4.677452e+00 -3.94257117019739720e-06 -2.34931947996831491e-05 -3.21525733429705866e-05
4.686552e+00 -4.06735793084530572e-06 -2.39864407580999637e-05 -3.20309582268751158e-05
4.695652e+00 -4.19955006762098761e-06 -2.44787662812174462e-05 -3.18756099308398523e-05
4.704752e+00 -4.33933487951817336e-06 -2.49679263047712463e-05 -3.16883814509730003e-05
4.713852e+00 -4.48537032305660329e-06 -2.54524663029631406e-05 -3.14698797512263898e-05
4.722952e+00 -4.63567391162722139e-06 -2.59318382805727675e-05 -3.12189344829753539e-05
4.732053e+00 -4.78841133278917869e-06 -2.64061927397174129e-05 -3.09333569099369586e-05
4.741153e+00 -4.94212915578871099e-06 -2.68760335510064672e-05 -3.06109106694213759e-05
4.750253e+00 -5.09556560473142325e-06 -2.73419442857720573e-05 -3.02495814424741998e-05
4.759353e+00 -5.24755785493431901e-06 -2.78044786867475315e-05 -2.98471569463708782e-05
4.768453e+00 -5.39740609908735830e-06 -2.82641531571659987e-05 -2.94008649153919144e-05
4.777553e+00 -5.54551509366027584e-06 -2.87214005365521590e-05 -2.89077308408999813e-05
4.786653e+00 -5.69372368098116457e-06 -2.91763936441440584e-05 -2.83655869601356100e-05
4.795753e+00 -5.84485077812082470e-06 -2.96287831289881763e-05 -2.77740076391439141e-05
4.804853e+00 -6.00155971599249216e-06 -3.00775172853868445e-05 -2.71344228854659449e-05
4.813953e+00 -6.16518908093976532e-06 -3.05209302669932721e-05 -2.64492157211718085e-05
4.823054e+00 -6.33525151463386463e-06 -3.09571728497928778e-05 -2.57202269383094778e-05
4.832154e+00 -6.50982143077767613e-06 -3.13848699369217643e-05 -2.49473333970502391e-05
4.841254e+00 -6.68643010829488055e-06 -3.18037256085639230e-05 -2.41276260595394302e-05
4.850354e+00 -6.86285503415132595e-06 -3.22147587254859762e-05 -2.32554828891401971e-05
4.859454e+00 -7.03747132557764515e-06 -3.26199787428056880e-05 -2.23236867953893310e-05
4.868554e+00 -7.20931067708361510e-06 -3.30215545818196842e-05 -2.13255342845658219e-05
4.877654e+00 -7.37818167648117396e-06 -3.34207727076185005e-05 -2.02573908270068856e-05
4.886754e+00 -7.54496341989166496e-06 -3.38171975523512527e-05 -1.91205020410653361e-05
4.895854e+00 -7.71176030098945306e-06 -3.42083720491914310e-05 -1.79206512369168250e-05
4.904954e+00 -7.88146287562545925e-06 -3.45901636390120215e-05 -1.66650446658450045e-05
4.914055e+00 -8.05661583600486740e-06 -3.49575915379857471e-05 -1.53575002302991781e-05
4.923155e+00 -8.23809756954211795e-06 -3.53058001923305977e-05 -1.39945925952463673e-05
4.932255e+00 -8.42444444119983533e-06 -3.56308451134553682e-05 -1.25655341561822078e-05
4.941355e+00 -8.61236747468380660e-06 -3.59301035845859532e-05 -1.10566872591661963e-05
4.950455e+00 -8.79826266297571968e-06 -3.62023124265914981e-05 -9.45861599263761839e-06
4.959555e+00 -8.97984923734764834e-06 -3.64473615067660830e-05 -7.77147722650540446e-06
4.968655e+00 -9.15697963619041892e-06 -3.66659876202506384e-05 -6.00502204813588233e-06
4.977755e+00 -9.33121165791300914e-06 -3.68594483515334990e-05 -4.17259289376738986e-06
4.986855e+00 -9.50451072501513315e-06 -3.70291820503388820e-05 -2.28240199534797012e-06
4.995956e+00 -9.67791936042387905e-06 -3.71764381689981596e-05 -3.31433112995024277e-07
5.005056e+00 -9.85092824806857830e-06 -3.73019021761947131e-05  1.69404716381777906e-06
5.014156e+00 -1.00217714607621490e-05 -3.74054027206555009e-05  3.81145206680640864e-06
5.023256e+00 -1.01883455289306947e-05 -3.74858198470335213e-05  6.03257224907033177e-06
5.032356e+00 -1.03492205493647382e-05 -3.75412752830376221e-05  8.35777435994260081e-06
5.041456e+00 -1.05042963419959402e-05 -3.75695830057129801e-05  1.07772585412426313e-05
5.050556e+00 -1.06548856913442386e-05 -3.75688135350534815e-05  1.32784466378172194e-05
5.059656e+00 -1.08032220029173546e-05 -3.75377415353169997e-05  1.58547510164838053e-05
5.068756e+00 -1.09515630739554384e-05 -3.74759568931244870e-05  1.85102732303906450e-05
5.077856e+00 -1.11012298932617616e-05 -3.73835400618174486e-05  2.12577484539229873e-05
5.086957e+00 -1.12520345546118439e-05 -3.72603945222297307e-05  2.41113663344401117e-05
5.096057e+00 -1.14024705057577308e-05 -3.71055084050588000e-05  2.70791430281812476e-05
5.105157e+00 -1.15506712881229700e-05 -3.69164899004986304e-05  3.01594641780890360e-05
5.114257e+00 -1.16956302237650583e-05 -3.66896340363136525e-05  3.33435389638522966e-05
5.123357e+00 -1.18378690872948809e-05 -3.64205556565351613e-05  3.66218286720592902e-05
5.132457e+00 -1.19789655274051486e-05 -3.61051628123196233e-05  3.99903626265108589e-05
5.141557e+00 -1.21200684851490068e-05 -3.57405722845232371e-05  4.34533518304489627e-05
5.150657e+00 -1.22603027127887883e-05 -3.53255739179388127e-05  4.70210261666966333e-05
5.159757e+00 -1.23962064509387974e-05 -3.48604381431680225e-05  5.07044059521947530e-05
5.168857e+00 -1.25227928007882445e-05 -3.43461487792663992e-05  5.45101456684864944e-05
5.177958e+00 -1.26357797858445741e-05 -3.37833998185084721e-05  5.84381019407218265e-05
5.187058e+00 -1.27337017801018767e-05 -3.31718016057693096e-05  6.24825061194160872e-05
5.196158e+00 -1.28185997874940258e-05 -3.25096453382572417e-05  6.66357444077031376e-05
5.205258e+00 -1.28948362138005543e-05 -3.17943122338216639e-05  7.08927016382370786e-05
5.214358e+00 -1.29667281859993489e-05 -3.10231012095191227e-05  7.52536772147753389e-05
5.223458e+00 -1.30363723200911007e-05 -3.01940362431376373e-05  7.97247312969644970e-05
5.232558e+00 -1.31028189188312921e-05 -2.93062176161359846e-05  8.43154599777321949e-05
5.241658e+00 -1.31628509114866341e-05 -2.83595172429726765e-05  8.90352079945087594e-05
5.250758e+00 -1.32126833402016098e-05 -2.73537793033550226e-05  9.38893310602212106e-05
5.259858e+00 -1.32495264260493734e-05 -2.62879796125243429e-05  9.88771369482037898e-05
5.268959e+00 -1.32722912059941813e-05 -2.51598420816402719e-05  1.03992495380425580e-04
5.278059e+00 -1.32814032585415126e-05 -2.39661582978400568e-05  1.09226967709327670e-04
5.287159e+00 -1.32781952891247277e-05 -2.27036368196720271e-05  1.14574115725556963e-04
5.296259e+00 -1.32643756303445666e-05 -2.13697729263164576e-05  1.20032997568147925e-04
5.305359e+00 -1.32417294518707405e-05 -1.99631982233415005e-05  1.25609151767986982e-04
5.314459e+00 -1.32118689737727885e-05 -1.84832832312397709e-05  1.31312527981009518e-04
5.323559e+00 -1.31758040781275520e-05 -1.69292401441040008e-05  1.37153272941281440e-04
5.332659e+00 -1.31333583967173240e-05 -1.52993031990004325e-05  1.43137281149141967e-04
5.341759e+00 -1.30827535108667947e-05 -1.35905248944363808e-05  1.49263497037981638e-04
5.350859e+00 -1.30207440054688962e-05 -1.17993292944835317e-05  1.55524143582411325e-04
5.359960e+00 -1.29434267183018234e-05 -9.92246270423734424e-06  1.61907799811691032e-04
5.369060e+00 -1.28474381434375442e-05 -7.95771082724764919e-06  1.68404106191736999e-04
5.378160e+00 -1.27309782445628085e-05 -5.90389895894878803e-06  1.75008227365973476e-04
5.387260e+00 -1.25941495751067103e-05 -3.76016856513316101e-06  1.81723206887120752e-04
5.396360e+00 -1.24384552594511636e-05 -1.52501600332413742e-06  1.88559023177765190e-04
5.405460e+00 -1.22657468458907938e-05  8.04243122969118774e-07  1.95528397042937633e-04
5.414560e+00 -1.20771915039754952e-05  3.23118218590457035e-06  2.02640886731311125e-04
5.423660e+00 -1.18727799255542890e-05  5.75927765369241492e-06  2.09897916620112345e-04
5.432760e+00 -1.16515540162000095e-05  8.39082339528461878e-06  2.17291383586492611e-04
5.441860e+00 -1.14122993598641632e-05  1.11264263206214034e-05  2.24807002347428395e-04
5.450961e+00 -1.11541821534633624e-05  1.39654202066521137e-05  2.32431064198969557e-04
5.460061e+00 -1.08768829942963776e-05  1.69069783637691064e-05  2.40157113926544994e-04
5.469161e+00 -1.05801567192044985e-05  1.99512874866860675e-05  2.47988670798456696e-04
5.478261e+00 -1.02631905371074149e-05  2.31001199802483816e-05  2.55936116896904114e-04
5.487361e+00 -9.92433284890009251e-06  2.63565144179251608e-05  2.64009311519645365e-04
5.496461e+00 -9.56154755843416854e-06  2.97238042462085601e-05  2.72210280700057705e-04
5.505561e+00 -9.17341944262467423e-06  3.32045993100996034e-05  2.80530551708285366e-04
5.514661e+00 -8.76004888679636394e-06  3.68003162731315450e-05  2.88954975313943931e-04
5.523761e+00 -8.32310566980612984e-06  4.05115000028389630e-05  2.97469804126489321e-04
5.532861e+00 -7.86478189406434087e-06  4.43387074229026275e-05  3.06070000622778605e-04
5.541962e+00 -7.38612918795152843e-06  4.82834175035651316e-05  3.14761127984580444e-04
5.551062e+00 -6.88578052962066020e-06  5.23484478967627568e-05  3.23554554761028008e-04
5.560162e+00 -6.35994294740492063e-06  5.65376620618882948e-05  3.32458903111686394e-04
5.569262e+00 -5.80381526664081296e-06  6.08551445696174732e-05  3.41472972772200573e-04
5.578362e+00 -5.21368730821479132e-06  6.53042810854924572e-05  3.50584351679892811e-04
5.587462e+00 -4.58851376786666617e-06  6.98871782390085848e-05  3.59774352330709951e-04
5.596562e+00 -3.93005547087210121e-06  7.46046301541143880e-05  3.69026151463497886e-04
5.605662e+00 -3.24155663046885479e-06  7.94565365674045819e-05  3.78331372205699293e-04
5.614762e+00 -2.52580020798561011e-06  8.44424775091891336e-05  3.87691621035033578e-04
5.623862e+00 -1.78368621649717969e-06  8.95621487628743275e-05  3.97114606657601873e-04
5.632963e+00 -1.01404475920005118e-06  9.48155328164334362e-05  4.06607397722473952e-04
5.642063e+00 -2.14562315827639033e-07  1.00202893980567796e-04  4.16170517882267122e-04
5.651163e+00  6.16956358717954507e-07  1.05724796674973908e-04  4.25795630067544171e-04
5.660263e+00  1.48184069328941725e-06  1.11382277769573251e-04  4.35467433105338469e-04
5.669363e+00  2.38068495246683667e-06  1.17177106004976965e-04  4.45168390640777827e-04
5.678463e+00  3.31407018523271035e-06  1.23111882466731194e-04  4.54883918163014858e-04
5.687563e+00  4.28322640396476299e-06  1.29189730593893149e-04  4.64605811391815865e-04
5.696663e+00  5.29010433350666114e-06  1.35413540607778920e-04  4.74332635141117758e-04
5.705763e+00  6.33678360474474214e-06  1.41785057802849406e-04  4.84067024746792586e-04
5.714863e+00  7.42460104720212251e-06  1.48304314586226299e-04  4.93811016614437723e-04
5.723964e+00  8.55356047916136236e-06  1.54969817350592698e-04  5.03561336411335555e-04
5.733064e+00  9.72242106291534344e-06  1.61779509369586492e-04  5.13306742573868655e-04
5.742164e+00  1.09294899626818344e-05  1.68732056507999123e-04  5.23028829875313035e-04
5.751264e+00  1.21737746374882269e-05  1.75827755674031957e-04  5.32706230242818170e-04
5.760364e+00  1.34559462299501889e-05  1.83068540664447962e-04  5.42320458397578900e-04
5.769464e+00  1.47786074292839669e-05  1.90457077803128899e-04  5.51860599401981220e-04
5.778564e+00  1.61456404159419148e-05  1.97995482365881007e-04  5.61324325148896503e-04
5.787664e+00  1.75608413195518921e-05  2.05684391242729055e-04  5.70714404053579059e-04
5.796764e+00  1.90264461083746575e-05  2.13522860324084305e-04  5.80032171818459382e-04
5.805865e+00  2.05422956916233480e-05  2.21509002353803970e-04  5.89271145600651913e-04
5.814965e+00  2.21061320389101381e-05  2.29640824681825491e-04  5.98414098675571315e-04
5.824065e+00  2.37149332955840147e-05  2.37916673162934944e-04  6.07435294431176733e-04
5.833165e+00  2.53665918450118867e-05  2.46335051472061238e-04  6.16306986379515885e-04
5.842265e+00  2.70610003808212974e-05  2.54894082168455988e-04  6.25007051224566162e-04
5.851365e+00  2.87999363953818375e-05  2.63591143256451980e-04  6.33523905065809501e-04
5.860465e+00  3.05858614052685731e-05  2.72423071794318853e-04  6.41856067479050236e-04
5.869565e+00  3.24204223277414815e-05  2.81386896440413551e-04  6.50006332582759357e-04
5.878665e+00  3.43036112572900031e-05  2.90480660206913794e-04  6.57973239759136112e-04
5.887765e+00  3.62340875754112637e-05  2.99703795417028318e-04  6.65744062906189495e-04
5.896866e+00  3.82103992432887603e-05  3.09056759751107828e-04  6.73293027923252516e-04
5.905966e+00  4.02322779251877436e-05  3.18540051589596659e-04  6.80586028058882317e-04
5.915066e+00  4.23011893615379047e-05  3.28153039138179867e-04  6.87589804928465521e-04
5.924166e+00  4.44198542833581069e-05  3.37893109217481222e-04  6.94281025771174192e-04
5.933266e+00  4.65911195229432140e-05  3.47755484121810938e-04  7.00650349828398815e-04
5.942366e+00  4.88169049099037452e-05  3.57733786846949032e-04  7.06698883766237020e-04
5.951466e+00  5.10977939596388741e-05  3.67821169697175637e-04  7.12428411953771419e-04
5.960566e+00  5.34333516433717102e-05  3.78011618970237949e-04  7.17830385524780424e-04
5.969666e+00  5.58228084235101230e-05  3.88300945264519767e-04  7.22879739897220154e-04
5.978766e+00  5.82656231751980209e-05  3.98687017189581952e-04  7.27537284551473744e-04
5.987867e+00  6.07616409328040936e-05  4.09169042299143326e-04  7.31759730482594672e-04
5.996967e+00  6.33108861721800453e-05  4.19746105208881838e-04  7.35511994436180969e-04
6.006067e+00  6.59132404312941814e-05  4.30415568855428167e-04  7.38774920464512429e-04
6.015167e+00  6.85682465944423600e-05  4.41172091403645053e-04  7.41544043037628922e-04
6.024267e+00  7.12751324698158761e-05  4.52007761258492046e-04  7.43820125676857122e-04
6.033367e+00  7.40329945127524901e-05  4.62913291037080630e-04  7.45596912753740708e-04
6.042467e+00  7.68410196380362110e-05  4.73879645000027585e-04  7.46852995645045791e-04
6.051567e+00  7.96986458301007512e-05  4.84899248453312564e-04  7.47552086561651145e-04
6.060667e+00  8.26056153844621918e-05  4.95966189303419865e-04  7.47651002996639613e-04
6.069767e+00  8.55619159129750238e-05  5.07075408734678867e-04  7.47110375231358295e-04
6.078868e+00  8.85676303786086681e-05  5.18221422074858270e-04  7.45901980635001573e-04
6.087968e+00  9.16227422721489223e-05  5.29397289295222354e-04  7.44009059616941170e-04
6.097068e+00  9.47269663009321340e-05  5.40594301469443411e-04  7.41420203642921658e-04
6.106168e+00  9.78796818003324485e-05  5.51802378581299231e-04  7.38120811276831400e-04
6.115268e+00  1.01080020222745775e-04  5.63010805407641586e-04  7.34086904647100399e-04
6.124368e+00  1.04327101332352413e-04  5.74208864473607162e-04  7.29284250999787868e-04
6.133468e+00  1.07620341448084558e-04  5.85386123156314705e-04  7.23672647580167949e-04
6.142568e+00  1.10959693175453173e-04  5.96532397275529301e-04  7.17212670579636690e-04
6.151668e+00  1.14345648056698179e-04  6.07637558529189326e-04  7.09871284965991607e-04
6.160768e+00  1.17778879538268900e-04  6.18691332765927216e-04  7.01623583494015977e-04
6.169869e+00  1.21259551398044315e-04  6.29683141441005957e-04  6.92449940862555112e-04
6.178969e+00  1.24786537426646609e-04  6.40601983447444765e-04  6.82330102061024001e-04
6.188069e+00  1.28356975603866752e-04  6.51436368153785698e-04  6.71237261819745989e-04
6.197169e+00  1.31966553624530378e-04  6.62174330306770399e-04  6.59135343685788525e-04
6.206269e+00  1.35610608389849198e-04  6.72803515255442509e-04  6.45981222042938622e-04
6.215369e+00  1.39285629430384880e-04  6.83311232915904693e-04  6.31731047637650186e-04
6.224469e+00  1.42990381446771506e-04  6.93684337363018998e-04  6.16347379151410300e-04
6.233569e+00  1.46725912090978186e-04  7.03908881070197754e-04  5.99802962920432709e-04
6.242669e+00  1.50494262990782647e-04  7.13969691973054873e-04  5.82078536235760310e-04
6.251769e+00  1.54296477261600359e-04  7.23850181109792152e-04  5.63155364045789687e-04
6.260870e+00  1.58131001085682780e-04  7.33532648987402728e-04  5.43006490461473801e-04
6.269970e+00  1.61993432189723495e-04  7.42999088621510350e-04  5.21591819055847519e-04
6.279070e+00  1.65877806525166894e-04  7.52232133999565923e-04  4.98860217073503220e-04
6.288170e+00  1.69778697645330028e-04  7.61215618962259467e-04  4.74757845756487381e-04
6.297270e+00  1.73692922638594814e-04  7.69934353181630539e-04  4.49238210779240657e-04
6.306370e+00  1.77619914229983040e-04  7.78373134302568588e-04  4.22268276729130716e-04
6.315470e+00  1.81560641605235944e-04  7.86515450893946855e-04  3.93827134687690006e-04
6.324570e+00  1.85515794363666048e-04  7.94342514435800130e-04  3.63897890991695208e-04
6.333670e+00  1.89484268720449122e-04  8.01833076161015488e-04  3.32457210111202720e-04
6.342770e+00  1.93462675208303669e-04  8.08964057811651749e-04  2.99468170116293881e-04
6.351871e+00  1.97445915463113388e-04  8.15711620527281682e-04  2.64880192763590570e-04
6.360971e+00  2.01428319998614463e-04  8.22052140456993024e-04  2.28635969017707393e-04
6.370071e+00  2.05404699508940938e-04  8.27962701619626667e-04  1.90681653563532232e-04
6.379171e+00  2.09370904414464228e-04  8.33421022148690964e-04  1.50975022873281283e-04
6.388271e+00  2.13323844369399233e-04  8.38405000524861479e-04  1.09487464117019329e-04
6.397371e+00  2.17261140627094258e-04  8.42892176122730366e-04  6.61988710006856170e-05
6.406471e+00  2.21180609179581501e-04  8.46859343217633829e-04  2.10881251520939888e-05
6.415571e+00  2.25079710465083104e-04  8.50282422780653099e-04 -2.58759151323450373e-05
6.424671e+00  2.28955075464530166e-04  8.53136565267867994e-04 -7.47381990728074482e-05
6.433771e+00  2.32802240610842473e-04  8.55396367698528655e-04 -1.25553918871976346e-04
6.442872e+00  2.36615710346242003e-04  8.57036046452888775e-04 -1.78379270135929977e-04
6.451972e+00  2.40389351207268785e-04  8.58029424643313630e-04 -2.33261330185778636e-04
6.461072e+00  2.44116949824067819e-04  8.58349686329458656e-04 -2.90232592663885059e-04
6.470172e+00  2.47792666043525063e-04  8.57969002280697859e-04 -3.49313454177115263e-04
6.479272e+00  2.51411173719568348e-04  8.56858263393416399e-04 -4.10521681217218277e-04
6.488372e+00  2.54967472775103720e-04  8.54987158578701363e-04 -4.73883822963309942e-04
6.497472e+00  2.58456541596866103e-04  8.52324654220705069e-04 -5.39442053090095908e-04
6.506572e+00  2.61873053612740256e-04  8.48839654053228456e-04 -6.07252138003002329e-04
6.515672e+00  2.65211289764770181e-04  8.44501429667938812e-04 -6.77373153515943766e-04
6.524772e+00  2.68465230969113422e-04  8.39279479663782284e-04 -7.49854477067483818e-04
6.533873e+00  2.71628720973605736e-04  8.33142804421501673e-04 -8.24727508121870134e-04
6.542973e+00  2.74695589021767272e-04  8.26058980972535148e-04 -9.02007153641922453e-04
6.552073e+00  2.77659672046165712e-04  8.17993615232917278e-04 -9.81702575431150958e-04
6.561173e+00  2.80514720648971532e-04  8.08910578121415573e-04 -1.06383123657779479e-03
6.570273e+00  2.83254201198702158e-04  7.98772980618972744e-04 -1.14842819955103840e-03
6.579373e+00  2.85871048288939349e-04  7.87544392119753165e-04 -1.23554525380785321e-03
6.588473e+00  2.88357487696741218e-04  7.75189647257558553e-04 -1.32524028403141134e-03
6.597573e+00  2.90705087827412649e-04  7.61674819686707343e-04 -1.41756288268872228e-03
6.606673e+00  2.92905128990930447e-04  7.46966413167698788e-04 -1.51254427664163798e-03
6.615774e+00  2.94949189813962208e-04  7.31030233775005456e-04 -1.61019704023311399e-03
6.624874e+00  2.96829641800658761e-04  7.13830523231550468e-04 -1.71052443989099553e-03
6.633974e+00  2.98539686188696259e-04  6.95329717371131529e-04 -1.81353392416344064e-03
6.643074e+00  3.00072763756263226e-04  6.75488812517673932e-04 -1.91924722959265393e-03
6.652174e+00  3.01421543600374851e-04  6.54268015246601783e-04 -2.02770177623620967e-03
6.661274e+00  3.02577019561783671e-04  6.31627274997862429e-04 -2.13894300896691524e-03
6.670374e+00  3.03528275864535600e-04  6.07526453967213373e-04 -2.25301221479877380e-03
6.679474e+00  3.04263160662931618e-04  5.81925148296409613e-04 -2.36993649944349828e-03
6.688574e+00  3.04769598144747256e-04  5.54782381379631193e-04 -2.48972607317683161e-03
6.697674e+00  3.05036882452450208e-04  5.26056442668429154e-04 -2.61237982622116154e-03
6.706775e+00  3.05056271744389633e-04  4.95705034884469267e-04 -2.73789572381555411e-03
6.715875e+00  3.04820559122326751e-04  4.63685689777443527e-04 -2.86628017831570218e-03
6.724975e+00  3.04322829999558711e-04  4.29956227919025288e-04 -2.99755140737389958e-03
6.734075e+00  3.03555020778287731e-04  3.94474973703729860e-04 -3.13173526461060303e-03
6.743175e+00  3.02506959824947082e-04  3.57200540432982500e-04 -3.26885615931195262e-03
6.752275e+00  3.01166289928767473e-04  3.18091233758844530e-04 -3.40892820077143667e-03
6.761375e+00  2.99519219515684211e-04  2.77104365311555713e-04 -3.55195129394329486e-03
6.770475e+00  2.97551674851780968e-04  2.34195875854622989e-04 -3.69791392686452192e-03
6.779575e+00  2.95250305086587497e-04  1.89320552023770970e-04 -3.84680062011586799e-03
6.788675e+00  2.92602951814187621e-04  1.42432821225528126e-04 -3.99859962006856359e-03
6.797776e+00  2.89598514258315959e-04  9.34877835107388001e-05 -4.15330666474542694e-03
6.806876e+00  2.86226433225255197e-04  4.24419774175852457e-05 -4.31092317515789636e-03
6.815976e+00  2.82476134028820957e-04 -1.07465160990784789e-05 -4.47145037434358832e-03
6.825076e+00  2.78336678579011517e-04 -6.61187014364196421e-05 -4.63488276934009413e-03
6.834176e+00  2.73796670220053751e-04 -1.23715730317286617e-04 -4.80120424607533968e-03
6.843276e+00  2.68844279795442799e-04 -1.83579891005030538e-04 -4.97038817998424198e-03
6.852376e+00  2.63467225675135511e-04 -2.45755070962691460e-04 -5.14240077812679313e-03
6.861476e+00  2.57652643893999187e-04 -3.10286513515138185e-04 -5.31720557059565772e-03
6.870576e+00  2.51386927642038578e-04 -3.77220032040701361e-04 -5.49476698208460883e-03
6.879676e+00  2.44655679193924499e-04 -4.46601082896307849e-04 -5.67505181788710133e-03
6.888777e+00  2.37443855236744999e-04 -5.18474122450107342e-04 -5.85802854749786859e-03
6.897877e+00  2.29736056633536210e-04 -5.92882484638742853e-04 -6.04366496959727120e-03
6.906977e+00  2.21516826977913013e-04 -6.69868713321507877e-04 -6.23192515363377077e-03
6.916077e+00  2.12770850571517418e-04 -7.49475021245766095e-04 -6.42276667379453048e-03
6.925177e+00  2.03483050254810746e-04 -8.31743464476268016e-04 -6.61613918723445715e-03
6.934277e+00  1.93638677582748094e-04 -9.16715576895943038e-04 -6.81198525014466063e-03
6.943377e+00  1.83223478319579356e-04 -1.00443153890328470e-03 -7.01024374253899664e-03
6.952477e+00  1.72223913098776705e-04 -1.09492928087924425e-03 -7.21085540217176676e-03
6.961577e+00  1.60627311017097078e-04 -1.18824404029453591e-03 -7.41376905047232485e-03
6.970677e+00  1.48421833240910061e-04 -1.28440869329529781e-03 -7.61894658078831298e-03
6.979778e+00  1.35596242492140118e-04 -1.38345474715090592e-03 -7.82636502026261456e-03
6.988878e+00  1.22139628485417711e-04 -1.48541345807824622e-03 -8.03601500766925984e-03
6.997978e+00  1.08041307620269540e-04 -1.59031640585400647e-03 -8.24789650893865620e-03
7.007078e+00  9.32910342245916920e-05 -1.69819513043991733e-03 -8.46201389110786371e-03
7.016178e+00  7.78794741282654073e-05 -1.80907997720934632e-03 -8.67837290742697574e-03
7.025278e+00  6.17987168948181607e-05 -1.92299878030030829e-03 -8.89698129939842097e-03
7.034378e+00  4.50425484211146125e-05 -2.03997613350275072e-03 -9.11785278050070494e-03
7.043478e+00  2.76063008090125218e-05 -2.16003367697350937e-03 -9.34101200951728550e-03
7.052578e+00  9.48628553235847933e-06 -2.28319126947965469e-03 -9.56649703610252915e-03
7.061678e+00 -9.32099857906654653e-06 -2.40946846581819750e-03 -9.79435652151371128e-03
7.070779e+00 -2.88195932624265400e-05 -2.53888563233825929e-03 -1.00246416858000165e-02
7.079879e+00 -4.90144838762900784e-05 -2.67146431386781034e-03 -1.02573960956949452e-02
7.088979e+00 -6.99115585927476206e-05 -2.80722688985772430e-03 -1.04926482137576004e-02
7.098079e+00 -9.15172017201970085e-05 -2.94619585399843748e-03 -1.07304107973127099e-02
7.107179e+00 -1.13837761816001600e-04 -3.08839308650065651e-03 -1.09706879871448084e-02
7.116279e+00 -1.36879173480389303e-04 -3.23383932720956941e-03 -1.12134869852221677e-02
7.125379e+00 -1.60646885585229572e-04 -3.38255387106872361e-03 -1.14588288176750153e-02
7.134479e+00 -1.85146012396553638e-04 -3.53455441820207548e-03 -1.17067531831466128e-02
7.143579e+00 -2.10381418386572150e-04 -3.68985701530702252e-03 -1.19573154806725482e-02
7.152679e+00 -2.36357421419161612e-04 -3.84847603911636898e-03 -1.22105780362247573e-02
7.161780e+00 -2.63077000674108192e-04 -4.01042414285185476e-03 -1.24666001999183176e-02
7.170880e+00 -2.90540716605322330e-04 -4.17571205205480214e-03 -1.27254321142977432e-02
7.179980e+00 -3.18745781084376484e-04 -4.34434814370394159e-03 -1.29871147211541547e-02
7.189080e+00 -3.47685689962227355e-04 -4.51633790089715336e-03 -1.32516852787421483e-02
7.198180e+00 -3.77350550887747512e-04 -4.69168351631420871e-03 -1.35191849458578504e-02
7.207280e+00 -4.07727887033455024e-04 -4.87038396924792394e-03 -1.37896640624891095e-02
7.216380e+00 -4.38803502762127591e-04 -5.05243573515335408e-03 -1.40631819620915706e-02
7.225480e+00 -4.70562072278980651e-04 -5.23783397026628562e-03 -1.43398009188782597e-02
7.234580e+00 -5.02987374170630231e-04 -5.42657373793072918e-03 -1.46195769179163371e-02
7.243680e+00 -5.36062340254247647e-04 -5.61865078831089680e-03 -1.49025518646609071e-02
7.252781e+00 -5.69769154148342121e-04 -5.81406160707805073e-03 -1.51887515505050499e-02
7.261881e+00 -6.04089516954077672e-04 -6.01280278274041700e-03 -1.54781910931092066e-02
7.270981e+00 -6.39005022961747085e-04 -6.21487000954647033e-03 -1.57708858397742555e-02
7.280081e+00 -6.74497495253340322e-04 -6.42025711496663990e-03 -1.60668628080929583e-02
7.289181e+00 -7.10549153929502814e-04 -6.62895538634885196e-03 -1.63661673320569072e-02
7.298281e+00 -7.47142556632430588e-04 -6.84095327662498538e-03 -1.66688620570727072e-02
7.307381e+00 -7.84260280237492123e-04 -7.05623640244112515e-03 -1.69750194898956978e-02
7.316481e+00 -8.21884304287983421e-04 -7.27478765755626942e-03 -1.72847126938183160e-02
7.325581e+00 -8.59995086964544949e-04 -7.49658724655444340e-03 -1.75980095443144073e-02
7.334681e+00 -8.98570447394125122e-04 -7.72161249165476560e-03 -1.79149738589737817e-02
7.343782e+00 -9.37584530336067149e-04 -7.94983738598619392e-03 -1.82356729894054201e-02
7.352882e+00 -9.77007192079517662e-04 -8.18123204783369369e-03 -1.85601881967323128e-02
7.361982e+00 -1.01680401017092991e-03 -8.41576239772684476e-03 -1.88886229257136072e-02
7.371082e+00 -1.05693683574128940e-03 -8.65339041214863852e-03 -1.92211052593838951e-02
7.380182e+00 -1.09736456235505508e-03 -8.89407512070859024e-03 -1.95577834940896533e-02
7.389282e+00 -1.13804375550206763e-03 -9.13777415546525307e-03 -1.98988165695964600e-02
7.398382e+00 -1.17892898485964792e-03 -9.38444531987777178e-03 -2.02443629330903881e-02
7.407482e+00 -1.21997295851367007e-03 -9.63404754384335552e-03 -2.05945717994027201e-02
7.416582e+00 -1.26112666653842363e-03 -9.88654083348323824e-03 -2.09495796750503727e-02
7.425683e+00 -1.30233963481510718e-03 -1.01418853042151216e-02 -2.13095127714124193e-02
7.434783e+00 -1.34356020054235458e-03 -1.04000398408379494e-02 -2.16744932336606910e-02
7.443883e+00 -1.38473565287058529e-03 -1.06609611007109119e-02 -2.20446450300210636e-02
7.452983e+00 -1.42581221681809802e-03 -1.09246033703294578e-02 -2.24200950439952980e-02
7.462083e+00 -1.46673506964571914e-03 -1.11909193201758031e-02 -2.28009669685030336e-02
7.471183e+00 -1.50744864270185592e-03 -1.14598612298890609e-02 -2.31873693574320486e-02
7.480283e+00 -1.54789726963939860e-03 -1.17313820149085677e-02 -2.35793827570968846e-02
7.489383e+00 -1.58802591867805839e-03 -1.20054354833685050e-02 -2.39770520364386494e-02
7.498483e+00 -1.62778055978590025e-03 -1.22819756251261580e-02 -2.43803878070062707e-02
7.507583e+00 -1.66710784843856195e-03 -1.25609551946907084e-02 -2.47893761596714030e-02
7.516684e+00 -1.70595418463676722e-03 -1.28423241712928970e-02 -2.52039914910008912e-02
7.525784e+00 -1.74426455347981724e-03 -1.31260286991686063e-02 -2.56242056600814276e-02
7.534884e+00 -1.78198161749374166e-03 -1.34120108072239702e-02 -2.60499890985187582e-02
7.543984e+00 -1.81904528629014050e-03 -1.37002087268769737e-02 -2.64813043471861451e-02
7.553084e+00 -1.85539265177030025e-03 -1.39905572330074335e-02 -2.69180968390309375e-02
7.562184e+00 -1.89095801248902661e-03 -1.42829873695039886e-02 -2.73602890198503881e-02
7.571284e+00 -1.92567281268148506e-03 -1.45774252580047319e-02 -2.78077815560692047e-02
7.580384e+00 -1.95946555121801098e-03 -1.48737902507216774e-02 -2.82604611111349456e-02
7.589484e+00 -1.99226184460685185e-03 -1.51719931385783883e-02 -2.87182106449480022e-02
7.598584e+00 -2.02398474412075063e-03 -1.54719351739713695e-02 -2.91809172923083761e-02
7.607685e+00 -2.05455520098475576e-03 -1.57735082688966397e-02 -2.96484747023713462e-02
7.616785e+00 -2.08389243886217441e-03 -1.60765961272153271e-02 -3.01207798499332421e-02
7.625885e+00 -2.11191404531022378e-03 -1.63810756367997259e-02 -3.05977269626540281e-02
7.634985e+00 -2.13853577891436660e-03 -1.66868178332419126e-02 -3.10792022331771930e-02
7.644085e+00 -2.16367125110945337e-03 -1.69936881179326080e-02 -3.15650822995298883e-02
7.653185e+00 -2.18723167511869704e-03 -1.73015458963084491e-02 -3.20552376433172123e-02
7.662285e+00 -2.20912580468298533e-03 -1.76102440915808026e-02 -3.25495398250951889e-02
7.671385e+00 -2.22926011506314765e-03 -1.79196289543771849e-02 -3.30478696011511364e-02
7.680485e+00 -2.24753926491476352e-03 -1.82295403276820436e-02 -3.35501222003490238e-02
7.689585e+00 -2.26386687140406198e-03 -1.85398122512257860e-02 -3.40562069675923451e-02
7.698686e+00 -2.27814654355515660e-03 -1.88502736561443618e-02 -3.45660411411148200e-02
7.707786e+00 -2.29028294174099360e-03 -1.91607489261654725e-02 -3.50795406414823457e-02
7.716886e+00 -2.30018248255888392e-03 -1.94710582104725069e-02 -3.55966126037286570e-02
7.725986e+00 -2.30775334583004045e-03 -1.97810174995411703e-02 -3.61171535309801547e-02
7.735086e+00 -2.31290471284966315e-03 -2.00904386062689226e-02 -3.66410534926680173e-02
7.744186e+00 -2.31554553939661376e-03 -2.03991293260137770e-02 -3.71682026838422996e-02
7.753286e+00 -2.31558340794087852e-03 -2.07068941176749323e-02 -3.76984946094382004e-02
7.762386e+00 -2.31292394591748945e-03 -2.10135355434931323e-02 -3.82318217545773789e-02
7.771486e+00 -2.30747097266181854e-03 -2.13188563763071007e-02 -3.87680640630895870e-02
7.780586e+00 -2.29912715401993676e-03 -2.16226618434594078e-02 -3.93070750794273227e-02
7.789687e+00 -2.28779473528676084e-03 -2.19247611910913832e-02 -3.98486722855838429e-02
7.798787e+00 -2.27337599298315079e-03 -2.22249678713110181e-02 -4.03926359489356970e-02
7.807887e+00 -2.25577331001910065e-03 -2.25230982069807330e-02 -4.09387162314254829e-02
7.816987e+00 -2.23488903944737667e-03 -2.28189691065865778e-02 -4.14866443612247060e-02
7.826087e+00 -2.21062540564625305e-03 -2.31123958601619946e-02 -4.20361426294481241e-02
7.835187e+00 -2.18288455602677666e-03 -2.34031909438484099e-02 -4.25869299996253781e-02
7.844287e+00 -2.15156862946380093e-03 -2.36911641339025841e-02 -4.31387233809926163e-02
7.853387e+00 -2.11657953905747048e-03 -2.39761234549619728e-02 -4.36912368291471689e-02
7.862487e+00 -2.07781823004753044e-03 -2.42578760360434229e-02 -4.42441809650946857e-02
7.871587e+00 -2.03518348051279522e-03 -2.45362280894424432e-02 -4.47972633165623565e-02
7.880688e+00 -1.98857069932346356e-03 -2.48109838589920945e-02 -4.53501886170556215e-02
7.889788e+00 -1.93787138026105753e-03 -2.50819441084408831e-02 -4.59026575769233766e-02
7.898888e+00 -1.88297369823079591e-03 -2.53489051071341155e-02 -4.64543634130154606e-02
7.907988e+00 -1.82376421580657862e-03 -2.56116589141194735e-02 -4.70049867212281383e-02
7.917088e+00 -1.76013009442908125e-03 -2.58699951842165619e-02 -4.75541901806098427e-02
7.926188e+00 -1.69196095429782452e-03 -2.61237040621511429e-02 -4.81016146663991867e-02
7.935288e+00 -1.61914980001608946e-03 -2.63725793357472774e-02 -4.86468777888420731e-02
7.944388e+00 -1.54159306464727230e-03 -2.66164210400760166e-02 -4.91895750757859879e-02
7.953488e+00 -1.45919037959206846e-03 -2.68550370539222642e-02 -4.97292832836706625e-02
7.962588e+00 -1.37184474029373527e-03 -2.70882436710097770e-02 -5.02655647800390251e-02
7.971689e+00 -1.27946325495180879e-03 -2.73158654331876055e-02 -5.07979716783386881e-02
7.980789e+00 -1.18195800844316120e-03 -2.75377345848578474e-02 -5.13260485508095221e-02
7.989889e+00 -1.07924627399707661e-03 -2.77536904047353226e-02 -5.18493331546547448e-02
7.998989e+00 -9.71249625647047825e-04 -2.79635785309269545e-02 -5.23673554980187486e-02
8.008089e+00 -8.57892221079916166e-04 -2.81672503310130239e-02 -5.28796363367157532e-02
8.017189e+00 -7.39099087268584400e-04 -2.83645624001240375e-02 -5.33856864491279726e-02
8.026289e+00 -6.14795208205266082e-04 -2.85553763334634135e-02 -5.38850077202331981e-02
8.035389e+00 -4.84905605885498721e-04 -2.87395589358138727e-02 -5.43770964713117186e-02
8.044489e+00 -3.49355888359191742e-04 -2.89169829705853906e-02 -5.48614489890969434e-02
8.053589e+00 -2.08072447623411843e-04 -2.90875284516751570e-02 -5.53375689812995869e-02
8.062690e+00 -6.09818095161362712e-05 -2.92510844017738608e-02 -5.58049765237908918e-02
8.071790e+00  9.19907202227823246e-05 -2.94075509645850448e-02 -5.62632177019228158e-02
8.080890e+00  2.50922500900768719e-04 -2.95568417381446083e-02 -5.67118736090178668e-02
8.089990e+00  4.15894482128188650e-04 -2.96988861543949524e-02 -5.71505670623618164e-02
8.099090e+00  5.86991368181355661e-04 -2.98336316772023040e-02 -5.75789658107233940e-02
8.108190e+00  7.64301163688791904e-04 -2.99610455984461455e-02 -5.79967821869167566e-02
8.117290e+00  9.47914372509807402e-04 -3.00811163507750112e-02 -5.84037705113433434e-02
8.126390e+00  1.13792302168123634e-03 -3.01938545079784536e-02 -5.87997241784907823e-02
8.135490e+00  1.33441957578004158e-03 -3.02992938705023904e-02 -5.91844737346742047e-02
8.144590e+00  1.53749584708294702e-03 -3.03974930509741670e-02 -5.95578857223032498e-02
8.153691e+00  1.74724211291383581e-03 -3.04885377000889309e-02 -5.99198606810412218e-02
8.162791e+00  1.96374661339673807e-03 -3.05725430648276751e-02 -6.02703285035117026e-02
8.171891e+00  2.18709533935726062e-03 -3.06496562231401252e-02 -6.06092405967822434e-02
8.180991e+00  2.41737171765799919e-03 -3.07200573418229435e-02 -6.09365602454799565e-02
8.190091e+00  2.65465577004520047e-03 -3.07839596894865647e-02 -6.12522539613794825e-02
8.199191e+00  2.89902269013807799e-03 -3.08416086665247759e-02 -6.15562865601885084e-02
8.208291e+00  3.15054132698242223e-03 -3.08932804289234753e-02 -6.18486212781074116e-02
8.217391e+00  3.40927335658604454e-03 -3.09392805532966615e-02 -6.21292242804893091e-02
8.226491e+00  3.67527369945957853e-03 -3.09799426918007971e-02 -6.23980714418375243e-02
8.235592e+00  3.94859214556611028e-03 -3.10156266365470383e-02 -6.26551548579858536e-02
8.244692e+00  4.22927562694289712e-03 -3.10467150245625975e-02 -6.29004871233251189e-02
8.253792e+00  4.51737050951298447e-03 -3.10736082116509424e-02 -6.31341025264136324e-02
8.262892e+00  4.81292464598219276e-03 -3.10967174500614181e-02 -6.33560555137378384e-02
8.271992e+00  5.11598936526589960e-03 -3.11164570505329877e-02 -6.35664176805716824e-02
8.281092e+00  5.42662167972568152e-03 -3.11332363834657504e-02 -6.37652748677953740e-02
8.290192e+00  5.74488671299260185e-03 -3.11474523205335467e-02 -6.39527254473409718e-02
8.299292e+00  6.07085999738370130e-03 -3.11594822446018375e-02 -6.41288796285994361e-02
8.308392e+00  6.40462922609736762e-03 -3.11696773725066191e-02 -6.42938581842561613e-02
8.317492e+00  6.74629533760002197e-03 -3.11783560518986910e-02 -6.44477883251457773e-02
8.326593e+00  7.09597316195985199e-03 -3.11857969115489596e-02 -6.45907952875177799e-02
8.335693e+00  7.45379190492403108e-03 -3.11922320936671507e-02 -6.47229903853005772e-02
8.344793e+00  7.81989541809032830e-03 -3.11978410609985851e-02 -6.48444586421136338e-02
8.353893e+00  8.19444182448067319e-03 -3.12027455123058232e-02 -6.49552501003975852e-02
8.362993e+00  8.57760205842499415e-03 -3.12070057517816954e-02 -6.50553776823283580e-02
8.372093e+00  8.96955734478504033e-03 -3.12106185514432720e-02 -6.51448216453864720e-02
8.381193e+00  9.37049623743923393e-03 -3.12135162872227354e-02 -6.52235379378476310e-02
8.390293e+00  9.78061203538041837e-03 -3.12155670672911341e-02 -6.52914667669034776e-02
8.399393e+00  1.02001009611984474e-02 -3.12165757627200537e-02 -6.53485388968283315e-02
8.408493e+00  1.06291607139549719e-02 -3.12162862170220316e-02 -6.53946795864309566e-02
8.417594e+00  1.10679885018956804e-02 -3.12143852501424214e-02 -6.54298119741194700e-02
8.426694e+00  1.15167778423426008e-02 -3.12105091499257567e-02 -6.54538619776456332e-02
8.435794e+00  1.19757141749224499e-02 -3.12042530327718524e-02 -6.54667654759298195e-02
8.444894e+00  1.24449701185397124e-02 -3.11951828376676628e-02 -6.54684767458835470e-02
8.453994e+00  1.29247014709697235e-02 -3.11828490681940185e-02 -6.54589760149754396e-02
8.463094e+00  1.34150446870379154e-02 -3.11668010294788127e-02 -6.54382740925387729e-02
8.472194e+00  1.39161159240101355e-02 -3.11466003778317659e-02 -6.54064130940185534e-02
8.481294e+00  1.44280112797910264e-02 -3.11218332029717000e-02 -6.53634635898960314e-02
8.490394e+00  1.49508077690771474e-02 -3.10921202964344473e-02 -6.53095194711114657e-02
8.499494e+00  1.54845647129875520e-02 -3.10571254389129525e-02 -6.52446920949397990e-02
8.508595e+00  1.60293252650716665e-02 -3.10165613913005907e-02 -6.51691048260997358e-02
8.517695e+00  1.65851176746154468e-02 -3.09701929884007021e-02 -6.50828881504644657e-02
8.526795e+00  1.71519558049483406e-02 -3.09178366237409345e-02 -6.49861746108063437e-02
8.535895e+00  1.77298386492614757e-02 -3.08593556899093811e-02 -6.48790925335153423e-02
8.544995e+00  1.83187491302207461e-02 -3.07946521573938051e-02 -6.47617582940757247e-02
8.554095e+00  1.89186529988925912e-02 -3.07236551601850066e-02 -6.46342684684229479e-02
8.563195e+00  1.95294987350445766e-02 -3.06463078777208173e-02 -6.44966946808622349e-02
8.572295e+00  2.01512188456048451e-02 -3.05625539809008355e-02 -6.43490841424692039e-02
8.581395e+00  2.07837321545069308e-02 -3.04723245181673964e-02 -6.41914672863194563e-02
8.590495e+00  2.14269461113270610e-02 -3.03755256221517958e-02 -6.40238712005034433e-02
8.599596e+00  2.20807581943913492e-02 -3.02720271062052321e-02 -6.38463351909450832e-02
8.608696e+00  2.27450560898617982e-02 -3.01616520313971112e-02 -6.36589240501797271e-02
8.617796e+00  2.34197170694050924e-02 -3.00441675726683018e-02 -6.34617357153583056e-02
8.626896e+00  2.41046074066480764e-02 -2.99192777483646838e-02 -6.32549021534981465e-02
8.635996e+00  2.47995825838380340e-02 -2.97866185425603620e-02 -6.30385843801099799e-02
8.645096e+00  2.55044886028103907e-02 -2.96457555427066012e-02 -6.28129638650758854e-02
8.654196e+00  2.62191642431865747e-02 -2.94961835721635410e-02 -6.25782332439209360e-02
8.663296e+00  2.69434438357234116e-02 -2.93373272374434675e-02 -6.23345894228592989e-02
8.672396e+00  2.76771600774168153e-02 -2.91685411639613090e-02 -6.20822316512476130e-02
8.681496e+00  2.84201465113580569e-02 -2.89891091029166707e-02 -6.18213655029269671e-02
8.690597e+00  2.91722394139249559e-02 -2.87982419003389271e-02 -6.15522110431742306e-02
8.699697e+00  2.99332788978812735e-02 -2.85950751417089338e-02 -6.12750109169622886e-02
8.708797e+00  3.07031090045057319e-02 -2.83786677226299695e-02 -6.09900334495531507e-02
8.717897e+00  3.14815764032230078e-02 -2.81480024747248689e-02 -6.06975681280710194e-02
8.726997e+00  3.22685271061700571e-02 -2.79019894557300113e-02 -6.03979151379408358e-02
8.736097e+00  3.30638005182315731e-02 -2.76394719788812492e-02 -6.00913743448110022e-02
8.745197e+00  3.38672204049027120e-02 -2.73592352629909892e-02 -5.97782396137253938e-02
8.754297e+00  3.46785830543730952e-02 -2.70600178151314159e-02 -5.94588010224614896e-02
8.763397e+00  3.54976438247001161e-02 -2.67405260683033184e-02 -5.91333524281158970e-02
8.772497e+00  3.63241039452570288e-02 -2.63994529754771612e-02 -5.88021984210425758e-02
8.781598e+00  3.71575994637568588e-02 -2.60355009020247080e-02 -5.84656553163066250e-02
8.790698e+00  3.79976935368532762e-02 -2.56474082611774373e-02 -5.81240450914055282e-02
8.799798e+00  3.88438722530086780e-02 -2.52339782182197311e-02 -5.77776862221850915e-02
8.808898e+00  3.96955434630135856e-02 -2.47941069034839472e-02 -5.74268879057741252e-02
8.817998e+00  4.05520380708451131e-02 -2.43268082719964376e-02 -5.70719526553916737e-02
8.827098e+00  4.14126137954394721e-02 -2.38312331101020250e-02 -5.67131877417467803e-02
8.836198e+00  4.22764620227359181e-02 -2.33066805207679147e-02 -5.63509211155803144e-02
8.845298e+00  4.31427184728656876e-02 -2.27526011739916829e-02 -5.59855148318388687e-02
8.854398e+00  4.40104778300362751e-02 -2.21685923704471564e-02 -5.56173697259383024e-02
8.863498e+00  4.48788115199784676e-02 -2.15543853887066074e-02 -5.52469186097934162e-02
8.872599e+00  4.57467869975355240e-02 -2.09098257388551090e-02 -5.48746099125011141e-02
8.881699e+00  4.66134865991630343e-02 -2.02348470543408827e-02 -5.45008875290662401e-02
8.890799e+00  4.74780242315049616e-02 -1.95294396644999091e-02 -5.41261740245413195e-02
8.899899e+00  4.83395586403436300e-02 -1.87936155116542117e-02 -5.37508625017494163e-02
8.908999e+00  4.91973024569597461e-02 -1.80273718901393792e-02 -5.33753179626010044e-02
8.918099e+00  5.00505265697875554e-02 -1.72306571737753135e-02 -5.29998839128938345e-02
8.927199e+00  5.08985597235351930e-02 -1.64033419039083424e-02 -5.26248870340820379e-02
8.936299e+00  5.17407837247291433e-02 -1.55451981305629611e-02 -5.22506339321052657e-02
8.945399e+00  5.25766252066244694e-02 -1.46558888173419829e-02 -5.18773989923998549e-02
8.954499e+00  5.34055454028093610e-02 -1.37349677726241043e-02 -5.15054084809014184e-02
8.963600e+00  5.42270296074670102e-02 -1.27818893688934048e-02 -5.11348295016252549e-02
8.972700e+00  5.50405778978192151e-02 -1.17960265387187079e-02 -5.07657708911130948e-02
8.981800e+00  5.58456983549508040e-02 -1.07766952206549173e-02 -5.03982972500361878e-02
8.990900e+00  5.66419036042819582e-02 -9.72318339277807898e-03 -5.00324504516995103e-02
9.000000e+00  5.74287111133575737e-02 -8.63478283912467483e-03 -4.96682691276753227e-02
