# Author: SW4
# Scenario: test
# Date: UTC  12/07/2017:0:11:14.000
# Bandwith (Hz): 1.234000e+00
# Station: sta1
# Target location (WGS84 longitude, latitude) (deg): -1.222564e+02 3.789855e+01
# Actual location (WGS84 longitude, latitude) (deg): -1.222564e+02 3.789855e+01
# Distance from target to actual location (m): 0.000000e+00
# nColumns: 4
# Column 1: Time (s)
# Column 2: X displacement (m)
# Column 3: Y displacement (m)
# Column 4: Z displacement (m)
0.000000e+00  0.00000000000000000e+00  0.00000000000000000e+00  0.00000000000000000e+00
4.514673e-03  0.00000000000000000e+00  0.00000000000000000e+00  0.00000000000000000e+00
9.029345e-03  0.00000000000000000e+00  0.00000000000000000e+00  0.00000000000000000e+00
1.354402e-02  0.00000000000000000e+00  0.00000000000000000e+00  0.00000000000000000e+00
1.805869e-02  0.00000000000000000e+00  0.00000000000000000e+00  0.00000000000000000e+00
2.257336e-02  0.00000000000000000e+00  0.00000000000000000e+00  0.00000000000000000e+00
2.708804e-02  0.00000000000000000e+00  0.00000000000000000e+00  0.00000000000000000e+00
3.160271e-02  0.00000000000000000e+00  0.00000000000000000e+00  0.00000000000000000e+00
3.611738e-02  0.00000000000000000e+00  0.00000000000000000e+00  0.00000000000000000e+00
4.063205e-02  0.00000000000000000e+00  0.00000000000000000e+00  0.00000000000000000e+00
4.514673e-02  0.00000000000000000e+00  0.00000000000000000e+00  0.00000000000000000e+00
4.966140e-02  0.00000000000000000e+00  0.00000000000000000e+00  0.00000000000000000e+00
5.417607e-02 -1.64935566687380612e-57 -2.10929292615801692e-59  7.25125694292189275e-59
5.869074e-02  8.23616492046881815e-55  1.10303673120852654e-56 -1.32287636343075530e-56
6.320542e-02 -5.94552342630583133e-53 -1.12407156197792186e-54  5.26431863745166031e-55
6.772009e-02 -5.16767567614935588e-51 -4.15902791874908431e-53  1.98821445499578910e-52
7.223476e-02  1.73086406253359764e-49  3.77254210695636763e-51  1.01926232922655961e-51
7.674944e-02  8.81842351207035222e-48  1.07779929342442751e-49 -2.63614266896014249e-49
8.126411e-02  2.95096026203453470e-47 -4.29822049623110409e-49 -7.30658713276498332e-48
8.577878e-02 -2.66860376357682965e-45 -3.69674467370439453e-47 -7.24000475054279873e-47
9.029345e-02 -4.22674304844328065e-44 -3.00213600406492226e-46  4.01596180400622057e-47
9.480813e-02 -1.04898825523061722e-43  2.50346281050004811e-45  9.08112451256980450e-45
9.932280e-02  3.52460372287930228e-42  5.75345308115122701e-44  1.10494877272606210e-43
1.038375e-01  4.41397231218566717e-41  2.92346186260946367e-43  5.45056827985225734e-43
1.083521e-01  1.72603278017939041e-40 -1.72951232746986518e-42 -2.11809278368532421e-42
1.128668e-01 -9.07091764510996128e-40 -3.31525518657338330e-41 -5.73352254951633833e-41
1.173815e-01 -1.49167812903762273e-38 -1.87346744350522492e-40 -4.35767443984773897e-40
1.218962e-01 -7.62483528751695713e-38 -5.89552845057399162e-41 -1.17384143510047786e-39
1.264108e-01 -4.48743105009976672e-38  6.38357987415913609e-39  7.81101732793660406e-39
1.309255e-01  1.87750802608814489e-36  4.69994487988567125e-38  9.92177245021837035e-38
1.354402e-01  1.29033858311190995e-35  1.39688952344194294e-37  4.67415433336899374e-37
1.399549e-01  3.53127079661408848e-35 -2.53466534475163536e-37  5.23943846919365571e-37
1.444695e-01 -5.40017171285545996e-35 -4.59470349897095082e-36 -7.30596017094209442e-36
1.489842e-01 -9.11020889771854241e-34 -2.19459300834251870e-35 -5.28847203895179385e-35
1.534989e-01 -3.79680136560891402e-33 -4.22190250295212132e-35 -1.60034252157532915e-34
1.580135e-01 -5.35760021648392341e-33  1.21379776780743149e-34  1.66021893645318704e-35
1.625282e-01  2.52268487747055969e-32  1.22492578726570628e-33  2.42836481472749113e-33
1.670429e-01  1.78533187667600780e-31  4.39975423764623774e-33  1.13950318144211197e-32
1.715576e-01  4.85923183582956603e-31  5.95432859120436366e-33  2.25460471487512779e-32
1.760722e-01  1.43358354287490681e-31 -2.15719682589538672e-32 -2.91374745323690805e-32
1.805869e-01 -4.23977593411354648e-30 -1.53073206092270730e-31 -3.59829371069849416e-31
1.851016e-01 -1.80875145830506176e-29 -4.30295914239695945e-31 -1.19822217537683429e-30
1.896163e-01 -3.22631205410392545e-29 -3.75222382563671840e-31 -1.51858932373421670e-30
1.941309e-01  3.00473864995630251e-29  2.06462809035365629e-30  4.26493254664185418e-30
1.986456e-01  3.69606489743222044e-28  1.04451619802631712e-29  2.80265621685177344e-29
2.031603e-01  1.12015668713621984e-27  2.21795288982783953e-29  7.04663333364127379e-29
2.076749e-01  1.33127866018696514e-27  4.99208372646549998e-30  5.38729602015544163e-29
2.121896e-01 -3.11957977916002082e-27 -1.25544723908792676e-28 -2.79058343602790810e-28
2.167043e-01 -1.99306877023463856e-26 -4.25086036844958866e-28 -1.27936563155345133e-27
2.212190e-01 -4.90417032854619179e-26 -5.44801384420486206e-28 -2.57950419191066780e-27
2.257336e-01 -4.38531996804740669e-26  8.69184524370590792e-28 -1.19237682879145738e-27
2.302483e-01  1.48376168788638805e-25  5.65857540363179558e-27  9.87188571596304506e-27
2.347630e-01  7.61402083606981389e-25  1.10769744483829583e-26  3.66845949175855023e-26
2.392777e-01  1.70609846698712100e-24 -1.98982441750608701e-27  6.54055102199720357e-26
2.437923e-01  1.42239030969640278e-24 -7.42456413393886742e-26  3.30679985696106065e-26
2.483070e-01 -4.63675146399260073e-24 -2.16622390150539391e-25 -1.75275686398112381e-25
2.528217e-01 -2.28754655849182407e-23 -2.29414490504564789e-25 -6.38790352339371556e-25
2.573363e-01 -5.04026343488719347e-23  5.58527960701175059e-25 -1.21315460351873887e-24
2.618510e-01 -4.61315504574244462e-23  3.13054830871431647e-24 -1.42086970261166300e-24
2.663657e-01  1.04045885762237417e-22  7.05132575666868201e-24 -7.02176349330567366e-25
2.708804e-01  5.57749648068907808e-22  6.29091702368990682e-24  1.36608918916719276e-24
2.753950e-01  1.27168395559549931e-21 -1.47839294509373187e-23  7.48813199914752039e-24
2.799097e-01  1.41536839750274078e-21 -7.50443779882595087e-23  3.28737271643777692e-23
2.844244e-01 -1.29339101884719228e-21 -1.64770668642074111e-22  1.24223863112131207e-22
2.889391e-01 -1.01190076281292332e-20 -1.89836480946491065e-22  3.60307106931599455e-22
2.934537e-01 -2.54632282429762397e-20  5.34171206087754751e-23  7.32589964989711196e-22
2.979684e-01 -3.61010781649614916e-20  7.65791608362853328e-22  6.93020521528064448e-22
3.024831e-01 -9.04884983252461376e-21  1.87313044213416727e-21 -1.84510272216978140e-21
3.069977e-01  1.08333973900051601e-19  2.93209302263370638e-21 -1.16919613534486580e-20
3.115124e-01  3.51593237829649815e-19  3.94243168716404953e-21 -3.53771095609723697e-20
3.160271e-01  6.51564681981733238e-19  7.10697944274871447e-21 -7.14947375768148350e-20
3.205418e-01  7.12257775663503649e-19  1.62188117520284375e-20 -8.16748235264843264e-20
3.250564e-01 -7.86450391782973939e-20  2.48935328235745223e-20  6.41419980088493093e-20
3.295711e-01 -2.59662312633645536e-18 -1.52606584853099779e-20  6.41774836192711978e-19
3.340858e-01 -7.63172597154506956e-18 -2.34373178467970648e-19  2.01409080788819232e-18
3.386005e-01 -1.49394728430914481e-17 -8.24902999874935422e-19  4.20801342500265769e-18
3.431151e-01 -2.09902027335345832e-17 -1.82823439065160703e-18  5.77086710978857997e-18
3.476298e-01 -1.43600419619925631e-17 -2.59679948039100115e-18  1.73872502414415494e-18
3.521445e-01  3.11849129506407784e-17 -1.00960605050893949e-18 -1.85072884998747070e-17
3.566591e-01  1.60564115115669899e-16  7.00051720398686688e-18 -7.05285047357393815e-17
3.611738e-01  4.21304558608845352e-16  2.64522003123376442e-17 -1.64865856880911045e-16
3.656885e-01  7.96264613977494472e-16  5.93906238444830917e-17 -2.78333379467467674e-16
3.702032e-01  1.05192699953126503e-15  9.69312234360201521e-17 -2.98754624327471159e-16
3.747178e-01  5.07221418810675461e-16  1.07127372855053149e-16  5.00193607438422543e-17
3.792325e-01 -2.16432608671654922e-15  1.97511964488746207e-17  1.25785236442558471e-15
3.837472e-01 -8.80347073483231668e-15 -2.88296806519648439e-16  3.93996605576606512e-15
3.882619e-01 -2.08030009851605131e-14 -9.94195163848667119e-16  8.41189530063699743e-15
3.927765e-01 -3.67146668073302419e-14 -2.28035134662491721e-15  1.36768411627984468e-14
3.972912e-01 -4.80548567913652017e-14 -4.15694956294341587e-15  1.56654431127706525e-14
4.018059e-01 -3.37753240459340626e-14 -6.03834501030694983e-15  4.96852597258676507e-15
4.063205e-01  4.44100591445105700e-14 -5.98162252108709046e-15 -3.48154795527699288e-14
4.108352e-01  2.40905794839533410e-13  3.17270568608284710e-16 -1.25583484442528284e-13
4.153499e-01  6.10923582876977562e-13  2.02457674223745539e-14 -2.85860701205857229e-13
4.198646e-01  1.16957077335503026e-12  6.35400132521700828e-14 -5.09167529678720877e-13
4.243792e-01  1.81380568132495482e-12  1.38229101921748083e-13 -7.24999549238265998e-13
4.288939e-01  2.20228078294656120e-12  2.41018147525907139e-13 -7.42586901886714055e-13
4.334086e-01  1.60609225497707341e-12  3.40277525020843674e-13 -1.88768497535603964e-13
4.379233e-01 -1.22213475869570032e-12  3.51612346733636575e-13  1.52913093440434068e-12
4.424379e-01 -8.05855626235290948e-12  1.10144436783209059e-13  5.17619316198467636e-12
4.469526e-01 -2.09198728439383331e-11 -6.48401817908807989e-13  1.14655210601646825e-11
4.514673e-01 -4.12122819039273837e-11 -2.27251684226379523e-12  2.05346050038712649e-11
4.559819e-01 -6.79912507191225327e-11 -5.10240833022701054e-12  3.09983447342446768e-11
4.604966e-01 -9.50461888237664316e-11 -9.24024595869499142e-12  3.85167139957054621e-11
4.650113e-01 -1.06798680758397142e-10 -1.41223180947791277e-11  3.39937840262271997e-11
4.695260e-01 -7.36723274180814398e-11 -1.78704431160753465e-11  1.87612266133938382e-12
4.740406e-01  5.12358399942226458e-11 -1.65021916710906674e-11 -8.04280548202461522e-11
4.785553e-01  3.30762547794407930e-10 -3.25838782815307655e-12 -2.40280880983579128e-10
4.830700e-01  8.32564736971083995e-10  3.14552433050093455e-11 -5.02302248052216621e-10
4.875847e-01  1.60256405789621623e-09  9.87787980664350218e-11 -8.72977054902832573e-10
4.920993e-01  2.61853024797080657e-09  2.07902798011745448e-10 -1.31551021117824748e-09
4.966140e-01  3.72385977195024664e-09  3.59643968400632704e-10 -1.71545574011877180e-09
5.011287e-01  4.54982948716389029e-09  5.36927248567730129e-10 -1.84207286628805553e-09
5.056433e-01  4.44589725554963504e-09  6.93107181454953569e-10 -1.31653612754083961e-09
5.101580e-01  2.44944723437297998e-09  7.40682615219411143e-10  3.95350444012989949e-10
5.146727e-01 -2.66587185700235498e-09  5.44824943768358974e-10  3.94413151866613554e-09
5.191874e-01 -1.22264869767582509e-08 -7.23847381435135176e-11  9.99146771221886564e-09
5.237020e-01 -2.73615692171694956e-08 -1.31099620122346976e-09  1.90302599378888532e-08
5.282167e-01 -4.85904679261303400e-08 -3.35175940995030348e-09  3.11442438939972901e-08
5.327314e-01 -7.53641885035593462e-08 -6.29568149703622177e-09  4.57522178073863506e-08
5.372460e-01 -1.05681808247160400e-07 -1.00936753018333466e-08  6.14136630261150895e-08
5.417607e-01 -1.35934388312437138e-07 -1.44835729106064626e-08  7.57918428539104352e-08
5.462754e-01 -1.61118767538509723e-07 -1.89574186003954784e-08  8.58630101241841382e-08
5.507901e-01 -1.75498456407313356e-07 -2.27818322692658492e-08  8.84155770854679437e-08
5.553047e-01 -1.73673618640806829e-07 -2.50862628571483119e-08  8.08011354117435992e-08
5.598194e-01 -1.51883442252446390e-07 -2.50183178322649588e-08  6.17959313793500126e-08
5.643341e-01 -1.09244838870022988e-07 -2.19449064899190975e-08  3.23386488056921704e-08
5.688488e-01 -4.85768616278215526e-08 -1.56577307524251344e-08 -4.13099073109126109e-09
5.733634e-01  2.34974006808155100e-08 -6.52795751691268979e-09 -4.19624091576384068e-08
5.778781e-01  9.73342517919688711e-08  4.44611961817654187e-09 -7.42965125748470062e-08
5.823928e-01  1.61877686446683342e-07  1.57385315198865112e-08 -9.46410148666382045e-08
5.869074e-01  2.06785961206771251e-07  2.55485783207517139e-08 -9.86445543829225298e-08
5.914221e-01  2.24576396438913805e-07  3.21680934450799742e-08 -8.55370734038133031e-08
5.959368e-01  2.12225506727415079e-07  3.43795510503626864e-08 -5.87053668515944904e-08
6.004515e-01  1.71779598874800611e-07  3.17761964914768807e-08 -2.50726626464537954e-08
6.049661e-01  1.09817925846763118e-07  2.49041046087313838e-08  6.68486685919279452e-09
6.094808e-01  3.59728557195847543e-08  1.51722008953815707e-08  2.86337763263460235e-08
6.139955e-01 -3.90030072022441452e-08  4.54603329477112880e-09  3.60225868398124593e-08
6.185102e-01 -1.05062406466804908e-07 -4.89241894127069395e-09  2.88188616175663090e-08
6.230248e-01 -1.54198363384723300e-07 -1.13999237759379463e-08  1.17268374387069233e-08
6.275395e-01 -1.81211556715178001e-07 -1.39274874006487605e-08 -7.44527853562674932e-09
6.320542e-01 -1.84060139955325471e-07 -1.22971798362616114e-08 -2.06087783856532256e-08
6.365688e-01 -1.63938388135413357e-07 -7.16785430372362460e-09 -2.24648577540633492e-08
6.410835e-01 -1.25041182499198245e-07  1.99007564952780294e-10 -1.26924577329475657e-08
6.455982e-01 -7.38311686128919658e-08  8.31896123103757595e-09  3.65943621673123704e-09
6.501129e-01 -1.77686934966396235e-08  1.59057276019193232e-08  1.78991827105625214e-08
6.546275e-01  3.61279763321353332e-08  2.21856632280996921e-08  2.10723117542878935e-08
6.591422e-01  8.22052411790121958e-08  2.69607498374627108e-08  7.80697042828673693e-09
6.636569e-01  1.16099070892985598e-07  3.03704716494070064e-08 -2.09079682968996898e-08
6.681716e-01  1.33986314935562442e-07  3.24816202248922873e-08 -5.73018233181004629e-08
6.726862e-01  1.32329445611457566e-07  3.29990755800121541e-08 -8.92056530587099812e-08
6.772009e-01  1.09258224417569564e-07  3.13893786654723668e-08 -1.04515390435175622e-07
6.817156e-01  6.73897470030870169e-08  2.74569136152481990e-08 -9.60034125672545519e-08
6.862302e-01  1.59428167865975139e-08  2.20110394008582730e-08 -6.44329981858276711e-08
6.907449e-01 -3.08149707107143089e-08  1.70039804365836822e-08 -1.85696877039518602e-08
6.952596e-01 -5.99604569516005430e-08  1.47081443602791392e-08  2.79438741456712421e-08
6.997743e-01 -6.83253829593035189e-08  1.61744967848875253e-08  6.14508863684290859e-08
7.042889e-01 -6.66872268690874546e-08  1.99798418581194338e-08  7.27743359951538482e-08
7.088036e-01 -7.42478415995167876e-08  2.24786595284721800e-08  5.96501369667924592e-08
7.133183e-01 -1.04077717314399631e-07  1.99938882415407367e-08  2.66429911121005683e-08
7.178330e-01 -1.48524244200400635e-07  1.18861432885622683e-08 -1.67116357597019484e-08
7.223476e-01 -1.77353216637107904e-07  2.25755504566459161e-09 -5.84378718311910742e-08
7.268623e-01 -1.55289801417012798e-07 -1.66555190943634913e-09 -8.68004181172402694e-08
7.313770e-01 -7.11604624140510310e-08  5.65063248202340232e-09 -9.33558884679048875e-08
7.358916e-01  4.23281709291251652e-08  2.28979603476506589e-08 -7.64545947535652852e-08
7.404063e-01  1.18820123147568516e-07  4.06117042672192922e-08 -4.39699572700340429e-08
7.449210e-01  1.00698371096266633e-07  4.60951549369927031e-08 -1.26406920185404245e-08
7.494357e-01 -1.12073833483866252e-08  3.26019512610090707e-08 -1.78940145948183187e-09
7.539503e-01 -1.40324371130769263e-07  6.60925816169685934e-09 -2.23500655206463993e-08
7.584650e-01 -1.74904345777432564e-07 -1.33881567611417060e-08 -6.67609130550383878e-08
7.629797e-01 -5.10326310786486860e-08 -8.21107879366704089e-09 -1.07780582295330421e-07
7.674944e-01  1.78360339089627391e-07  2.67005301649259053e-08 -1.11173762958923972e-07
7.720090e-01  3.51004430119971029e-07  7.32625621946729983e-08 -5.83861515199198172e-08
7.765237e-01  2.96832488910496643e-07  9.86186998800524070e-08  3.42859207701479397e-08
7.810384e-01 -2.25098765944744184e-08  7.70946746836829330e-08  1.16158309559596032e-07
7.855530e-01 -4.40884654470374239e-07  1.25165376121572029e-08  1.28993694065327176e-07
7.900677e-01 -6.61722163121361805e-07 -5.68937647762381757e-08  4.86095308659164539e-08
7.945824e-01 -4.60650544803313448e-07 -7.96238964782401146e-08 -8.59941296084071831e-08
7.990971e-01  1.12697558755221120e-07 -2.79887923675525699e-08 -1.82630594965093378e-07
8.036117e-01  6.98380045542412677e-07  7.41154913625992338e-08 -1.49815337056493021e-07
8.081264e-01  8.29827892356405990e-07  1.57212816927930457e-07  3.33033376082707198e-08
8.126411e-01  2.77119455281029985e-07  1.49702601162221959e-07  2.79722649188717611e-07
8.171558e-01 -7.09201264297158379e-07  3.37178435541226584e-08  4.28008696259738961e-07
8.216704e-01 -1.47338506978733882e-06 -1.27567697862637207e-07  3.40993697034375405e-07
8.261851e-01 -1.36767582310545954e-06 -2.19517449436467297e-07  1.31682933244190087e-08
8.306998e-01 -2.58235782609773050e-07 -1.52951371451109022e-07 -3.91368277145861760e-07
8.352144e-01  1.25199762565391558e-06  6.03403423430645890e-08 -6.16034104184070056e-07
8.397291e-01  2.12175299818654347e-06  2.92397842051007217e-07 -4.74330329741162844e-07
8.442438e-01  1.57332468339895263e-06  3.69850726928845245e-07  2.64480464619819482e-09
8.487585e-01 -2.60112684799058285e-07  1.95857561083356646e-07  5.45549700352957870e-07
8.532731e-01 -2.25278087832977421e-06 -1.58397532926096283e-07  7.94454039040133067e-07
8.577878e-01 -2.94643835370059151e-06 -4.68782225901742346e-07  5.39606889662826141e-07
8.623025e-01 -1.59061441839695930e-06 -4.91573937514734393e-07 -1.04132394656138663e-07
8.668172e-01  1.16047257519827441e-06 -1.40383018830558269e-07 -7.30001851429701022e-07
8.713318e-01  3.48891092290743802e-06  4.15757984244649960e-07 -8.91813903919694941e-07
8.758465e-01  3.57693996672755676e-06  8.21394253656540843e-07 -4.26688037486744404e-07
8.803612e-01  9.72296600708809180e-07  7.53147286637235955e-07  3.81278157246846810e-07
8.848758e-01 -2.84313267554183764e-06  1.57738375514577773e-07  9.47088906600503050e-07
8.893905e-01 -5.24234215015989567e-06 -6.58098034525695288e-07  7.84332155896867090e-07
8.939052e-01 -4.22622908901063137e-06 -1.17629205802033880e-06 -1.00459515322956936e-07
8.984199e-01 -6.74999399406633135e-09 -9.90254925505644935e-07 -1.12024412650247674e-06
9.029345e-01  4.81150083883188576e-06 -1.03744621212246692e-07 -1.45089388812888560e-06
9.074492e-01  6.79532054670028086e-06  1.00606106339013691e-06 -6.26001518818723645e-07
9.119639e-01  4.08508367705592709e-06  1.63989514251634019e-06  1.02021025145002798e-06
9.164786e-01 -2.02224682026634220e-06  1.31406516377999219e-06  2.42641429767951932e-06
9.209932e-01 -7.58550546719986174e-06  1.11247201024286398e-07  2.44051405249642347e-06
9.255079e-01 -8.52638202555350779e-06 -1.30370334633910876e-06  6.56148598146059349e-07
9.300226e-01 -3.55385523633476501e-06 -2.05290376560456370e-06 -2.12601266906937937e-06
9.345372e-01  4.56726764702974731e-06 -1.59525684607011860e-06 -4.21560158662210881e-06
9.390519e-01  1.05122777758890776e-05 -1.10225887263141490e-07 -4.03956967714179697e-06
9.435666e-01  9.88535931059124703e-06  1.55364806926269989e-06 -1.24451872681756389e-06
9.480813e-01  2.41178451145009231e-06  2.36948660335124480e-06  2.85770195802311117e-06
9.525959e-01 -7.46905087571816195e-06  1.77577629513981030e-06  5.90287987317223568e-06
9.571106e-01 -1.32677200269539959e-05  6.43231537027381439e-08  5.87097547445247818e-06
9.616253e-01 -1.07625899302653972e-05 -1.75645260700316914e-06  2.42368940480359908e-06
9.661400e-01 -1.06795010023353865e-06 -2.56512947138726863e-06 -2.71105106809965187e-06
9.706546e-01  9.78100274906030933e-06 -1.83199898284573011e-06 -6.64872376996536738e-06
9.751693e-01  1.46578393971481352e-05  2.51078314481871135e-08 -7.06005350872105700e-06
9.796840e-01  1.01227776133136223e-05  1.87699444063891625e-06 -3.62735768477963158e-06
9.841986e-01 -1.11005849630685057e-06  2.57951436497045967e-06  1.70603174118184389e-06
9.887133e-01 -1.18125938009090287e-05  1.69565481417397518e-06  5.89652795454664518e-06
9.932280e-01 -1.49989762948396372e-05 -2.20174998238537042e-07  6.65763656189622562e-06
9.977427e-01 -8.61161498469357767e-06 -1.96636656929436522e-06  3.82821132531747508e-06
1.002257e+00  3.07988244088023852e-06 -2.45406324194664942e-06 -6.26351907238019305e-07
1.006772e+00  1.23639176294097579e-05 -1.39773149226322615e-06 -3.95866200974091967e-06
1.011287e+00  1.32957542853504784e-05  5.08583858610823924e-07 -4.41768031638164364e-06
1.015801e+00  5.64801180176401853e-06  2.04321816240593610e-06 -2.27456253491307657e-06
1.020316e+00 -5.10257001185280698e-06  2.24328084963032684e-06  5.56901625807773482e-07
1.024831e+00 -1.16827212969351719e-05  1.01495751042786540e-06  1.98392155375645285e-06
1.029345e+00 -1.00404122514561274e-05 -8.25074969176305026e-07  1.22312317243729725e-06
1.033860e+00 -1.95862031829043022e-06 -2.09509808826056503e-06 -7.32900915910089933e-07
1.038375e+00  6.48664536851325210e-06 -2.01510025362778689e-06 -1.96801709550571415e-06
1.042889e+00  9.40039360650430787e-06 -6.91053278725763839e-07 -1.16057853956535609e-06
1.047404e+00  5.20566511178960343e-06  9.90433476711837772e-07  1.35857920351697200e-06
1.051919e+00 -2.48736740286503771e-06  1.96797580593059386e-06  3.79102097983665698e-06
1.056433e+00 -7.77477454559822207e-06  1.69488103182700546e-06  4.17239798364575510e-06
1.060948e+00 -6.87796698862834274e-06  4.54772255853226362e-07  1.84716660674772878e-06
1.065463e+00 -8.15883471262730419e-07 -8.86227918054918791e-07 -1.96178449869259416e-06
1.069977e+00  5.56314437055378163e-06 -1.49346402217077001e-06 -4.91966181060161939e-06
1.074492e+00  7.35186170308227693e-06 -1.10820736015306971e-06 -5.15291027795264202e-06
1.079007e+00  3.27405613895750769e-06 -1.57027279577578108e-07 -2.51993923185075260e-06
1.083521e+00 -3.45155338554520240e-06  6.18767546299354063e-07  1.31109879087740468e-06
1.088036e+00 -7.64657801403905145e-06  7.19450897571409404e-07  4.01430408014812004e-06
1.092551e+00 -6.12854044736988376e-06  2.18310276913805080e-07  4.15689138439441077e-06
1.097065e+00 -8.64818768196253896e-08 -3.58937486131248228e-07  2.06060773072689922e-06
1.101580e+00  5.87945037826457115e-06 -4.90526542009351603e-07 -5.88487914075839043e-07
1.106095e+00  7.27224911346403025e-06 -8.65036778651112090e-08 -2.03279841670520111e-06
1.110609e+00  3.07779757197483092e-06  4.45959366445465884e-07 -1.66314012562218655e-06
1.115124e+00 -3.53073236726416853e-06  5.49290416669967318e-07 -2.95722955182339012e-07
1.119639e+00 -7.64764873549136860e-06 -4.09171541445680079e-11  6.27994960034479740e-07
1.124153e+00 -6.34507780717874184e-06 -8.59456786601361664e-07  2.48589385456444956e-07
1.128668e+00 -8.22043324405223694e-07 -1.34461239029586740e-06 -1.04069918653152128e-06
1.133183e+00  4.59780966803078983e-06 -9.60747347616538429e-07 -1.95841097257714046e-06
1.137698e+00  5.80302473367239170e-06  1.61884456935666113e-07 -1.42196636704504307e-06
1.142212e+00  1.99926032802423758e-06  1.28413126103168128e-06  5.10069840919316055e-07
1.146727e+00 -3.76305183348588403e-06  1.55434169728689413e-06  2.58990445250790343e-06
1.151242e+00 -6.98982603661788383e-06  6.43857910643294721e-07  3.28264539042309659e-06
1.155756e+00 -5.19629062720756003e-06 -9.51493881818454110e-07  1.93920236868784551e-06
1.160271e+00  2.33876706690756946e-07 -2.19716462111125544e-06 -6.56724926763490930e-07
1.164786e+00  5.17528072381169715e-06 -2.22204741133158905e-06 -2.79936223781030683e-06
1.169300e+00  5.97041613748160687e-06 -9.46710176904531173e-07 -3.06709985267978092e-06
1.173815e+00  2.24228316777929375e-06  8.23359235349111154e-07 -1.33841764735452324e-06
1.178330e+00 -2.83753204989546083e-06  1.92934589633742695e-06  1.12948606402633468e-06
1.182844e+00 -5.00709128125138743e-06  1.65450323170514155e-06  2.61273061842979033e-06
1.187359e+00 -2.19644884171184086e-06  2.22017548478946970e-07  2.14981060216918156e-06
1.191874e+00  3.88217374622009317e-06 -1.36183019235906793e-06  1.93122214715004766e-07
1.196388e+00  9.04385445297159621e-06 -2.00956354624374887e-06 -1.77173200775062628e-06
1.200903e+00  9.82945964455837705e-06 -1.29882503828234651e-06 -2.33119336048877217e-06
1.205418e+00  6.14930696552923751e-06  2.65855889388045106e-07 -1.15010050372376173e-06
1.209932e+00  1.36129753791347385e-06  1.64912236469500688e-06  8.41951448019244169e-07
1.214447e+00 -2.71965254788774294e-07  2.03470065965831500e-06  2.18088967735360013e-06
1.218962e+00  3.18148161771332463e-06  1.37828002037704756e-06  1.94295261800004715e-06
1.223476e+00  9.83708817226328419e-06  3.74703777636177095e-07  3.70991138783325549e-07
1.227991e+00  1.53688884110457854e-05 -1.05521091852111434e-07 -1.37232458952079346e-06
1.232506e+00  1.62029183359965500e-05  3.33302716288145050e-07 -2.09106315255222603e-06
1.237020e+00  1.21349078745236172e-05  1.36235027517084359e-06 -1.40022601692228705e-06
1.241535e+00  6.43143989347705968e-06  2.24247006539242005e-06  7.64784337203824906e-08
1.246050e+00  3.36754351394006440e-06  2.42895368965924573e-06  1.24461531750549517e-06
1.250564e+00  5.05400110649982462e-06  1.98251138494842012e-06  1.35941791669101016e-06
1.255079e+00  9.90190507503998493e-06  1.47355557916298256e-06  5.08149029344046816e-07
1.259594e+00  1.38216649949358063e-05  1.47810595377838980e-06 -5.61267202963885335e-07
1.264108e+00  1.32221294603255280e-05  2.08651316610068295e-06 -1.06842443437202018e-06
1.268623e+00  7.58095229932384420e-06  2.82639650927181975e-06 -7.69389315064591860e-07
1.273138e+00 -2.67189564312931616e-07  3.05843751475890694e-06 -4.96028427442568217e-08
1.277652e+00 -6.25813844673973947e-06  2.51545165905882768e-06  4.69859576794762277e-07
1.282167e+00 -8.01585634826972264e-06  1.53556614931946577e-06  4.48589912910907087e-07
1.286682e+00 -6.42436086857562050e-06  7.88393417168805184e-07  4.66168482225085715e-08
1.291196e+00 -4.78192501096947812e-06  7.10975083357887602e-07 -2.90687165092532795e-07
1.295711e+00 -6.26139407589050659e-06  1.11892502592780837e-06 -2.54950824908765199e-07
1.300226e+00 -1.15876503910745264e-05  1.32929482918901319e-06  7.28158895457831676e-08
1.304740e+00 -1.85870847503214865e-05  7.19503152209101574e-07  3.42707231943618199e-07
1.309255e+00 -2.38245057293746624e-05 -7.20485973088361913e-07  2.97324737389151020e-07
1.313770e+00 -2.50302005667159209e-05 -2.30488935122141162e-06  3.54893567507001635e-08
1.318284e+00 -2.25361696793299932e-05 -3.14052025911739935e-06 -6.72500165708746120e-08
1.322799e+00 -1.87737262707474449e-05 -2.82713335457151523e-06  2.81214230424651345e-07
1.327314e+00 -1.63445765470053904e-05 -1.81477709208649253e-06  9.68253926269698525e-07
1.331828e+00 -1.61613901738668686e-05 -1.10601404973964686e-06  1.49672921217921934e-06
1.336343e+00 -1.69811245449521938e-05 -1.49745565606874978e-06  1.36577315242300416e-06
1.340858e+00 -1.65378861470593816e-05 -2.93281908528781522e-06  5.14565685417832829e-07
1.345372e+00 -1.33098074027035206e-05 -4.48247385240524119e-06 -5.49562484953856577e-07
1.349887e+00 -7.58681056241480297e-06 -4.99888142830585225e-06 -1.08249275822716386e-06
1.354402e+00 -1.14341966299945938e-06 -3.97338837764800945e-06 -6.66606288424841597e-07
1.358916e+00  4.09440444885245498e-06 -1.94535308662035752e-06  4.29948464516875646e-07
1.363431e+00  7.30819998752001282e-06 -1.36753951835556937e-07  1.40100181520391887e-06
1.367946e+00  9.06878043206473074e-06  4.31436790146723477e-07  1.47673271877717166e-06
1.372460e+00  1.05671490125116303e-05 -3.15361953191811170e-07  5.05442276412443109e-07
1.376975e+00  1.25149849991804891e-05 -1.46055210839014291e-06 -9.01643702342493962e-07
1.381490e+00  1.45966174514082047e-05 -1.79086657782112355e-06 -1.78881190531860405e-06
1.386005e+00  1.58231720397371595e-05 -7.11591383879683389e-07 -1.54026938608133614e-06
1.390519e+00  1.53943580999679953e-05  1.30213273389657976e-06 -3.27833597864974074e-07
1.395034e+00  1.33169453977576301e-05  3.05048778259897109e-06  1.00893701367169469e-06
1.399549e+00  1.03074972214715254e-05  3.48240243734153231e-06  1.56068868848789435e-06
1.404063e+00  7.14239116039329319e-06  2.43781750979875087e-06  9.83740616956925894e-07
1.408578e+00  4.06610559339981838e-06  7.12451472430858975e-07 -2.86509888181366066e-07
1.413093e+00  7.72545666161850388e-07 -5.77865867612659210e-07 -1.38240593436277195e-06
1.417607e+00 -3.05597298603248932e-06 -8.28561198511618654e-07 -1.63543169343499369e-06
1.422122e+00 -7.16603915940171632e-06 -3.38925207152008489e-07 -1.02146220785193229e-06
1.426637e+00 -1.06632250588652864e-05  1.10467734122836852e-08 -1.09945945360255854e-07
1.431151e+00 -1.25652520128427510e-05 -4.81491729637411911e-07  4.10982336603968685e-07
1.435666e+00 -1.25343774925489950e-05 -1.75547448229197812e-06  2.53625897412245451e-07
1.440181e+00 -1.11571719112742480e-05 -3.02393211040579885e-06 -2.93371517094144095e-07
1.444695e+00 -9.49052319765717919e-06 -3.39220557864292894e-06 -6.38005959383589550e-07
1.449210e+00 -8.20474690953872248e-06 -2.56193399441053596e-06 -3.69460511473640947e-07
1.453725e+00 -7.02239852411697105e-06 -1.07127440768091203e-06  4.25560958894074128e-07
1.458239e+00 -4.95344869129967560e-06  1.07200821050226824e-07  1.24173818923496042e-06
1.462754e+00 -1.19769227293474417e-06  2.91300307980257065e-07  1.54314753101817017e-06
1.467269e+00  3.98093283535374305e-06 -4.20587942212791387e-07  1.14867096290877956e-06
1.471783e+00  9.13877056650266813e-06 -1.25473977815117051e-06  3.29770969433625801e-07
1.476298e+00  1.24710105980436741e-05 -1.36030903363487869e-06 -4.24756621211876211e-07
1.480813e+00  1.30063964377736801e-05 -4.33537212867628766e-07 -7.69211044690273743e-07
1.485327e+00  1.12830166278580161e-05  1.09158903808431122e-06 -7.06517254794891129e-07
1.489842e+00  8.95654961349512210e-06  2.39276470467019582e-06 -5.07048129707696418e-07
1.494357e+00  7.58458982932965806e-06  2.84723980988827998e-06 -4.42946278941860910e-07
1.498871e+00  7.47290753842827604e-06  2.40823735762957753e-06 -5.69606174296618942e-07
1.503386e+00  7.45916023055527375e-06  1.52501250114223392e-06 -7.19274104202690345e-07
1.507901e+00  5.82988377579115078e-06  7.32527234491481108e-07 -6.81169428239321318e-07
1.512415e+00  1.71426017778977321e-06  2.70777065702274739e-07 -3.93819817751039219e-07
1.516930e+00 -4.08339889427173596e-06  2.00419908193049186e-08  1.37420660200760931e-08
1.521445e+00 -9.45919863488719832e-06 -2.55353691356438891e-07  3.48016040463088368e-07
1.525959e+00 -1.23528606263721033e-05 -6.17301281697526434e-07  5.12916488972459451e-07
1.530474e+00 -1.20929764150810947e-05 -8.89516393856571047e-07  5.56255857255162044e-07
1.534989e+00 -9.76276561671763484e-06 -8.63057431814300417e-07  5.68213355462267673e-07
1.539503e+00 -7.32018687783197393e-06 -5.62456162751219779e-07  5.44535827192499971e-07
1.544018e+00 -6.12621116075563866e-06 -3.04455130146736471e-07  3.64943098265515394e-07
1.548533e+00 -5.97402737404783818e-06 -4.65473290143838074e-07 -7.08506409597107439e-08
1.553047e+00 -5.33892811927381682e-06 -1.13839392347088728e-06 -6.67121502935324806e-07
1.557562e+00 -2.65802181948179092e-06 -1.97382462858480683e-06 -1.09896728077590937e-06
1.562077e+00  2.32170134663517238e-06 -2.36416696047723081e-06 -1.00355312902465113e-06
1.566591e+00  8.14392095925077213e-06 -1.85266903368123267e-06 -2.81546987401479647e-07
1.571106e+00  1.25072012153781733e-05 -4.63434724463374613e-07  7.32286212399771941e-07
1.575621e+00  1.37712130591576621e-05  1.29439654524247939e-06  1.40719437615007368e-06
1.580135e+00  1.20087791052076349e-05  2.74343859860706502e-06  1.21649027734511776e-06
1.584650e+00  8.84593104677658569e-06  3.43193139051150780e-06  1.33673493134745813e-07
1.589165e+00  6.22766294874354538e-06  3.32445721132451950e-06 -1.27588778726243134e-06
1.593679e+00  5.03141846248047019e-06  2.69247020150492424e-06 -2.17201833944646498e-06
1.598194e+00  4.54388642683040433e-06  1.84714123199016058e-06 -1.97555101730011125e-06
1.602709e+00  3.15944583303114404e-06  9.53480549234455350e-07 -7.58940125004074462e-07
1.607223e+00 -2.50703694198643038e-07  5.16544633165080875e-08  7.87317494102154503e-07
1.611738e+00 -5.33274083109902258e-06 -7.94889672377600003e-07  1.79908565167965945e-06
1.616253e+00 -1.03492574430744068e-05 -1.41457516353906255e-06  1.78998120384271320e-06
1.620767e+00 -1.32915004613238872e-05 -1.61560315585161470e-06  9.30534031740603806e-07
1.625282e+00 -1.31719824157571616e-05 -1.36853944797469749e-06 -1.27247987587335010e-07
1.629797e+00 -1.05636344051402171e-05 -8.92862040144225787e-07 -7.36462429470799376e-07
1.634312e+00 -7.04536534276492007e-06 -5.31657070784288925e-07 -6.92989479954710981e-07
1.638826e+00 -4.03374059249636035e-06 -4.97938242887787355e-07 -3.13252950290619582e-07
1.643341e+00 -1.90207289275746545e-06 -7.13520593806245750e-07 -1.15471418462673189e-07
1.647856e+00 -9.01168044094473119e-09 -8.97087725729703744e-07 -3.62448774940535451e-07
1.652370e+00  2.47934065275943555e-06 -8.34257708055280445e-07 -8.22131387097587479e-07
1.656885e+00  5.69930661244754644e-06 -5.78661656148850999e-07 -9.34861655768774795e-07
1.661400e+00  8.86694687580424811e-06 -3.72506081601909781e-07 -2.69730714333147233e-07
1.665914e+00  1.08784404307225591e-05 -3.29826344777798600e-07  1.06804334692000599e-06
1.670429e+00  1.11964914952982441e-05 -1.81121794971945392e-07  2.39233630377426395e-06
1.674944e+00  1.02440914653004051e-05  6.12981341416146514e-07  2.81776813260134549e-06
1.679458e+00  8.93874102588957573e-06  2.36398332925844217e-06  1.83449266247027992e-06
1.683973e+00  7.74037331179818022e-06  4.63672363526253054e-06 -2.96515899966967582e-07
1.688488e+00  6.05192838847159627e-06  6.20393139321648115e-06 -2.59274933852884270e-06
1.693002e+00  2.59748240656404817e-06  5.68347733922013534e-06 -3.83452431425238468e-06
1.697517e+00 -3.36651490854375296e-06  2.53301698917742147e-06 -3.21572155020543472e-06
1.702032e+00 -1.08955842035160005e-05 -2.29874702527814732e-06 -8.04242325632028639e-07
1.706546e+00 -1.72621215452677793e-05 -6.64200582188482072e-06  2.42781638348011659e-06
1.711061e+00 -1.92574982076890984e-05 -8.27455250118807933e-06  5.01397657694147408e-06
1.715576e+00 -1.52102257762625980e-05 -6.29643075598187831e-06  5.64607668696264655e-06
1.720090e+00 -6.40243478888509044e-06 -1.78532460030928282e-06  3.78213150625627057e-06
1.724605e+00  3.19003420518549708e-06  2.76909164164740247e-06 -4.25712722166206677e-08
1.729120e+00  8.89178139402013164e-06  4.93905028489161519e-06 -4.33636120268976368e-06
1.733634e+00  7.97755087228594832e-06  3.79673245733977107e-06 -7.19136894591164524e-06
1.738149e+00  1.39933661396684092e-06  3.87022572234126200e-07 -7.08003468583667830e-06
1.742664e+00 -6.50619402479531395e-06 -3.03518828344725979e-06 -3.61726890876929009e-06
1.747178e+00 -1.02602920846546518e-05 -4.44249830634540545e-06  2.05891170287081444e-06
1.751693e+00 -6.23544818262148938e-06 -3.17804682636067693e-06  7.55531770675119537e-06
1.756208e+00  5.22203317423229920e-06 -1.19367708276376647e-07  1.01615718579263094e-05
1.760722e+00  1.96703816061062147e-05  3.09100083719827230e-06  8.13683369481598348e-06
1.765237e+00  3.05150108611729247e-05  5.08670560431188043e-06  1.75366463993800597e-06
1.769752e+00  3.20544059132748502e-05  5.36602560119671829e-06 -6.50064781122877340e-06
1.774266e+00  2.21934751405280736e-05  4.17700309149329365e-06 -1.28309765229125804e-05
1.778781e+00  3.61003482804955850e-06  2.02987158112764868e-06 -1.38575860642095809e-05
1.783296e+00 -1.71254433557963467e-05 -6.22965796438069263e-07 -8.36937804271625915e-06
1.787810e+00 -3.21276676397746276e-05 -3.29650189031376640e-06  1.80874349174466440e-06
1.792325e+00 -3.54551356392932799e-05 -5.22672102596334646e-06  1.23873762124317842e-05
1.796840e+00 -2.57385520182044286e-05 -5.44376700227759114e-06  1.84699750734350623e-05
1.801354e+00 -7.03318962657527441e-06 -3.35629487999624173e-06  1.68583361845588122e-05
1.805869e+00  1.26313663022108517e-05  5.19952492604653656e-07  7.68402715029265756e-06
1.810384e+00  2.45976703703147556e-05  4.37970942030151625e-06 -5.46783222069316006e-06
1.814898e+00  2.34956528774545368e-05  5.91419868377996874e-06 -1.70526361036887540e-05
1.819413e+00  9.93957725476643560e-06  3.75652161385848303e-06 -2.20035083133159411e-05
1.823928e+00 -9.42507798820554437e-06 -1.36222363309903120e-06 -1.79897492646969987e-05
1.828442e+00 -2.47990264076965396e-05 -6.68449184487799938e-06 -6.47486754761723096e-06
1.832957e+00 -2.78362853124600582e-05 -8.90724462710618429e-06  7.87652188073763574e-06
1.837472e+00 -1.57832458859651511e-05 -6.24302768638122924e-06  1.91506871909866382e-05
1.841986e+00  6.96056081488887241e-06  2.88604584510548774e-07  2.26365383734790016e-05
1.846501e+00  3.07371065091358080e-05  7.28154418344986973e-06  1.67537122633041876e-05
1.851016e+00  4.50947116977328165e-05  1.09087025735221342e-05  3.69553028637156284e-06
1.855530e+00  4.36104832148043422e-05  9.21304182148238665e-06 -1.14359331948810176e-05
1.860045e+00  2.67073715552358958e-05  3.25601784330022942e-06 -2.26381837194107977e-05
1.864560e+00  1.19758059807461842e-06 -3.59830143182221332e-06 -2.53707951918047671e-05
1.869074e+00 -2.30190262840266665e-05 -7.75823417589864064e-06 -1.83563107616265031e-05
1.873589e+00 -3.73246083574572553e-05 -7.47481375151684045e-06 -4.11355944557174983e-06
1.878104e+00 -3.77287387836944941e-05 -3.62686402430001727e-06  1.20021863742569118e-05
1.882619e+00 -2.58577607673384317e-05  1.13695152809434932e-06  2.38897661796064483e-05
1.887133e+00 -7.54257865446991638e-06  4.17345694504036782e-06  2.70911203620885637e-05
1.891648e+00  9.97519096618314744e-06  4.31437472936073085e-06  2.05047075158824582e-05
1.896163e+00  2.08386088310930502e-05  2.17654471290995630e-06  6.72595814141509204e-06
1.900677e+00  2.23378053005228192e-05 -6.50796817298395386e-07 -9.08874065043624884e-06
1.905192e+00  1.52855153452509535e-05 -2.77403455471569776e-06 -2.12973415111935069e-05
1.909707e+00  3.23771809443557582e-06 -3.66841970303412516e-06 -2.58737048415807557e-05
1.914221e+00 -8.94026037431583341e-06 -3.53985226104920766e-06 -2.16918505939844340e-05
1.918736e+00 -1.66685600693734541e-05 -2.72833894654243971e-06 -1.06032794566050227e-05
1.923251e+00 -1.70253335057803657e-05 -1.28923299597623747e-06  3.51232749884275229e-06
1.927765e+00 -9.60631930211176999e-06  8.83873839309852794e-07  1.61678495465892956e-05
1.932280e+00  3.34066176177009921e-06  3.57705294390928362e-06  2.35861696634333753e-05
1.936795e+00  1.75828213870982628e-05  5.94475818750619141e-06  2.35955331933963090e-05
1.941309e+00  2.82275842733754014e-05  6.76924685222363411e-06  1.60737899602840730e-05
1.945824e+00  3.13255422021007789e-05  5.20466664629216182e-06  3.02257865400387977e-06
1.950339e+00  2.52359325942965618e-05  1.48207374432846817e-06 -1.17405197986749409e-05
1.954853e+00  1.12857145696853911e-05 -2.98304604562751940e-06 -2.34038903744490110e-05
1.959368e+00 -6.53075292947392599e-06 -6.23973975706307840e-06 -2.75562349911108818e-05
1.963883e+00 -2.27613933390967040e-05 -6.83529210446897733e-06 -2.18829946332809310e-05
1.968397e+00 -3.22709962994623852e-05 -4.59206764072476287e-06 -7.49945923171037516e-06
1.972912e+00 -3.20240873380282521e-05 -6.61424659079091293e-07  1.08755221682148019e-05
1.977427e+00 -2.22484261603245529e-05  3.13561311202221875e-06  2.63411182261591117e-05
1.981941e+00 -6.47871250451321721e-06  5.24039422654811996e-06  3.25009778028182168e-05
1.986456e+00  9.66736534340608383e-06  5.01632068111602456e-06  2.63126813737290605e-05
1.990971e+00  2.06196508074181328e-05  2.83949257261587028e-06  9.71122839837175956e-06
1.995485e+00  2.30667845330197652e-05 -2.90521266541316069e-07 -1.09276338455202943e-05
2.000000e+00  1.72680263019726963e-05 -3.28183898443006407e-06 -2.73949030293046387e-05
2.004515e+00  6.80979281576460170e-06 -5.30807609499807496e-06 -3.31787860437828992e-05
2.009029e+00 -3.13117184802462932e-06 -5.89600837265273402e-06 -2.62652582358147272e-05
2.013544e+00 -8.19672752051976197e-06 -4.86452239262257397e-06 -9.89593872958237472e-06
2.018059e+00 -6.74304936641291268e-06 -2.29739168417540033e-06  9.02347267860808355e-06
2.022573e+00 -3.12002155968744087e-07  1.37747529599716192e-06  2.30392934048076967e-05
2.027088e+00  7.45528391148049996e-06  5.29637172236405342e-06  2.72930079920407224e-05
2.031603e+00  1.27683979016388419e-05  8.23208633774089487e-06  2.12872672019652231e-05
2.036117e+00  1.34181616851241508e-05  8.93740234085833892e-06  8.61925927394806002e-06
2.040632e+00  9.46009956514833270e-06  6.68843179074496093e-06 -4.99440368179845910e-06
2.045147e+00  2.71497359948618325e-06  1.78146079720258699e-06 -1.43507739535013628e-05
2.049661e+00 -4.38880438983998050e-06 -4.32072099135009947e-06 -1.68282834094061918e-05
2.054176e+00 -9.87596714864789023e-06 -9.38313615852943972e-06 -1.30542074424264116e-05
2.058691e+00 -1.27036051565373368e-05 -1.12705927602660481e-05 -6.04986797308133555e-06
2.063205e+00 -1.26711306180245644e-05 -8.95427462333721814e-06  5.72479311911545773e-07
2.067720e+00 -1.01131489787073778e-05 -3.15483125079768811e-06  4.40545365117942117e-06
2.072235e+00 -5.70504716569867375e-06  3.78574914274885906e-06  5.16061688854985445e-06
2.076749e+00 -4.29693303536178045e-07  8.86671514224228894e-06  4.32223411782675739e-06
2.081264e+00  4.49423320813840547e-06  9.83531124043920331e-06  3.83968835667408275e-06
2.085779e+00  7.90983525453840235e-06  6.33684021497880631e-06  4.68023492079735630e-06
2.090293e+00  9.18412733803591900e-06  1.59683624680070288e-07  6.14036317610765021e-06
2.094808e+00  8.52696731094356342e-06 -5.62669455264359045e-06  6.36500180827075645e-06
2.099323e+00  6.86046592573929942e-06 -8.22432615552122711e-06  3.76947443109378833e-06
2.103837e+00  5.22016163265072561e-06 -6.51214290762797136e-06 -1.56007462249851844e-06
2.108352e+00  4.03478706501001689e-06 -1.52732443770247068e-06 -7.48070821430032120e-06
2.112867e+00  2.78253451013657525e-06  4.21782426347735993e-06 -1.08233939552946402e-05
2.117381e+00  3.14903502635304825e-07  8.13542061492763035e-06 -9.31402725193084936e-06
2.121896e+00 -4.30165648717347495e-06  8.83047964229044595e-06 -3.18649656651936835e-06
2.126411e+00 -1.09469755364145970e-05  6.53841343391267956e-06  4.63512487162293937e-06
2.130926e+00 -1.81706858419858957e-05  2.61414514389882991e-06  1.00570090151934486e-05
2.135440e+00 -2.37106607850599413e-05 -1.43730604825280938e-06  1.01928845031314414e-05
2.139955e+00 -2.55586423171537818e-05 -4.68380100233220715e-06  5.11535431108081472e-06
2.144470e+00 -2.29947196743314714e-05 -6.83729327783077142e-06 -2.17932371241132987e-06
2.148984e+00 -1.70234790863100313e-05 -7.82518103851456838e-06 -7.62430945901900796e-06
2.153499e+00 -9.97030530159292362e-06 -7.39034011201156118e-06 -8.57693966048042467e-06
2.158014e+00 -4.43424498422129705e-06 -5.16072697999579917e-06 -5.32423626111721319e-06
2.162528e+00 -2.10805268748908083e-06 -1.16469609075286644e-06 -6.16333815613500335e-07
2.167043e+00 -3.02688242233130863e-06  3.68601039542599242e-06  2.41269869219352809e-06
2.171558e+00 -5.59730927963364593e-06  7.68416441200015429e-06  2.45854958435823112e-06
2.176072e+00 -7.39866921143678038e-06  9.11694024790919998e-06  8.19126195399448845e-07
2.180587e+00 -6.39398743209150099e-06  7.31423778522640465e-06  1.74032924867785992e-07
2.185102e+00 -1.98443870178613265e-06  3.22023178828282875e-06  2.26657767092907331e-06
2.189616e+00  4.61291694107200782e-06 -1.00228066895095001e-06  6.22541342143108727e-06
2.194131e+00  1.08821700921897397e-05 -3.18821516387447965e-06  8.86610689139704778e-06
2.198646e+00  1.41950688332369115e-05 -2.47556068680409936e-06  6.91248631972696721e-06
2.203160e+00  1.30752394486336989e-05  1.44128346033547100e-07 -3.58298988911805723e-07
2.207675e+00  7.87919561771566700e-06  2.41987539204500032e-06 -9.97872146313490386e-06
2.212190e+00  5.39822272201114853e-07  2.24728040724205008e-06 -1.66637949898798105e-05
2.216704e+00 -6.45072996219213669e-06 -9.62677483973014345e-07 -1.59916215403928599e-05
2.221219e+00 -1.12063725019883249e-05 -5.78615824347133742e-06 -7.37290493182833761e-06
2.225734e+00 -1.30973730038253165e-05 -9.47638092171084122e-06  5.20197037742700787e-06
2.230248e+00 -1.26000649333402663e-05 -9.46978755165295801e-06  1.52702029715325235e-05
2.234763e+00 -1.06085717738299995e-05 -4.88419296439680536e-06  1.76322229530634107e-05
2.239278e+00 -7.79738118421735418e-06  2.80577577668126913e-06  1.13937864023035356e-05
2.243792e+00 -4.49087383106635328e-06  1.03021812407497274e-05  4.03532222963409055e-07
2.248307e+00 -1.01551522621663950e-06  1.40075085332808046e-05 -9.16615951448465944e-06
2.252822e+00  1.92720753636203222e-06  1.18266644292648861e-05 -1.25314384285514092e-05
2.257336e+00  3.35461690268860787e-06  4.36396855949256918e-06 -8.95578856566224488e-06
2.261851e+00  2.62275464056764580e-06 -5.13941056041670173e-06 -1.75368415653993433e-06
2.266366e+00  9.50331381924369114e-08 -1.22204211625488039e-05  4.20719863908953982e-06
2.270880e+00 -2.79000832404606344e-06 -1.33717243634254593e-05  5.75485139868822003e-06
2.275395e+00 -4.30160303403556122e-06 -7.90874593551924439e-06  3.26071342740058991e-06
2.279910e+00 -3.59412061070378574e-06  1.52395028975926141e-06 -4.72014799644330612e-08
2.284424e+00 -1.38112851932812405e-06  1.02259129646900699e-05 -7.11233084762860862e-07
2.288939e+00  5.41216937279634936e-07  1.39247548518996581e-05  2.26557802751408206e-06
2.293454e+00  7.23505285032173535e-07  1.11097463504969944e-05  6.54533401839757290e-06
2.297968e+00 -5.80555923512067719e-07  3.80975244124240399e-06  8.02503401676089306e-06
2.302483e+00 -1.27669510238165633e-06 -3.73152391754668398e-06  3.81512476828823871e-06
2.306998e+00  1.14036864883242238e-06 -7.71582311261303149e-06 -5.38446374416206753e-06
2.311512e+00  7.45451195263905639e-06 -7.09200532609818221e-06 -1.51746252056898340e-05
2.316027e+00  1.54771789139792140e-05 -3.95760569207677837e-06 -1.98314984063866275e-05
2.320542e+00  2.08501905264576498e-05 -1.75871997016085644e-06 -1.57684344377025435e-05
2.325056e+00  1.96921011747023649e-05 -2.53374158391808604e-06 -3.94053271264316385e-06
2.329571e+00  1.14525734435136193e-05 -5.20882459732289423e-06  1.03539254412342761e-05
2.334086e+00 -6.06337523074749575e-08 -6.30226473693678856e-06  2.02435165618508154e-05
2.338600e+00 -8.47777997480647272e-06 -2.68601027664559644e-06  2.10211391373137522e-05
2.343115e+00 -8.61103461162071304e-06  5.54053989167732196e-06  1.26543186550947471e-05
2.347630e+00  1.65174372225315337e-07  1.42905790570707245e-05 -3.73707050154043392e-07
2.352144e+00  1.31594655588775267e-05  1.77130686421897797e-05 -1.17147200429839655e-05
2.356659e+00  2.28977544652389927e-05  1.21353040969525497e-05 -1.66448600017617924e-05
2.361174e+00  2.34799372113127685e-05 -9.41343808632812260e-07 -1.43159616577329520e-05
2.365688e+00  1.40605804455564886e-05 -1.50448898583820610e-05 -7.55800216478806856e-06
2.370203e+00 -7.24542300427840822e-07 -2.23217018811695942e-05 -5.97347009117159521e-07
2.374718e+00 -1.36152009339166163e-05 -1.83518585992003409e-05  3.67819576096476509e-06
2.379233e+00 -1.90092078513221256e-05 -5.05761045629016416e-06  5.11988695591241892e-06
2.383747e+00 -1.59672286681583100e-05  1.02825919087112615e-05  5.61374189477437178e-06
2.388262e+00 -8.16168342395149311e-06  1.93622335902859473e-05  6.98273503103786893e-06
2.392777e+00 -1.02787018458036113e-06  1.77564516891755109e-05  9.14428595180053192e-06
2.397291e+00  1.85280960570383470e-06  7.29516298313642834e-06  9.93395226599789888e-06
2.401806e+00  7.48108742337209570e-07 -5.48912236493748073e-06  6.76899186727369598e-06
2.406321e+00 -1.02307300754354085e-06 -1.36244208739002929e-05 -1.04389331516694074e-06
2.410835e+00  6.04877494335447827e-08 -1.37775558802838882e-05 -1.10868753502713549e-05
2.415350e+00  4.88537862039255213e-06 -7.59633078017663672e-06 -1.87302860748593159e-05
2.419865e+00  1.08371625251633966e-05  2.09309744369978443e-07 -1.97256205557340250e-05
2.424379e+00  1.34779488617011572e-05  5.36050436209382172e-06 -1.28488173909656882e-05
2.428894e+00  9.63513624416206711e-06  6.53386365549418550e-06 -8.40673885269673143e-07
2.433409e+00 -1.50444393780212123e-07  5.35983737761602279e-06  1.10135859018463294e-05
2.437923e+00 -1.14550301443723698e-05  4.31362903796418593e-06  1.77699798643091365e-05
2.442438e+00 -1.82868829869400796e-05  4.38496573685859723e-06  1.73437272868629425e-05
2.446953e+00 -1.65563135358031777e-05  4.35638102778683200e-06  1.11486259898459399e-05
2.451467e+00 -6.65480616520333071e-06  2.11188627954362950e-06  2.67867125052636361e-06
2.455982e+00  6.41124487721496486e-06 -3.20804620932809466e-06 -4.77130902948588265e-06
2.460497e+00  1.55074114896175086e-05 -9.98148109859736988e-06 -9.61031419489323155e-06
2.465011e+00  1.51825030707120695e-05 -1.47974499566041305e-05 -1.18220339259506189e-05
2.469526e+00  4.75160180543809396e-06 -1.45717912582859162e-05 -1.17042710789441751e-05
2.474041e+00 -1.10478278317839063e-05 -8.56782189027661041e-06 -8.85743800467583859e-06
2.478555e+00 -2.42580403093453701e-05  1.04957697485771254e-06 -2.50391319928618998e-06
2.483070e+00 -2.76798299345266377e-05  1.03947540286884011e-05  7.02836744498633384e-06
2.487585e+00 -1.85837249954130672e-05  1.58818318764019063e-05  1.70216824122399316e-05
2.492099e+00 -2.15033660506210212e-07  1.57989739323553944e-05  2.27737101913987454e-05
2.496614e+00  1.97058553858317854e-05  1.06839402999806711e-05  2.00112149605174838e-05
2.501129e+00  3.27062754524798103e-05  2.65318415800142830e-06  7.96778247836746358e-06
2.505643e+00  3.35620426065041214e-05 -5.61785074825123303e-06 -9.08902700686602475e-06
2.510158e+00  2.25345046128504111e-05 -1.16854444880118631e-05 -2.33711496059852679e-05
2.514673e+00  4.82610146126895027e-06 -1.38107681282431438e-05 -2.76426344953463803e-05
2.519187e+00 -1.22219770222589616e-05 -1.13370751659421775e-05 -1.94841136453240627e-05
2.523702e+00 -2.25201241277478392e-05 -5.04990715851834568e-06 -2.97646254941000269e-06
2.528217e+00 -2.34433265290035758e-05  2.76563436993765053e-06  1.34696212434694899e-05
2.532731e+00 -1.60335813265304657e-05  8.96479695658844108e-06  2.19303879852836561e-05
2.537246e+00 -3.63671161928920178e-06  1.08854307557932005e-05  1.94402492225560719e-05
2.541761e+00  9.82050995184445503e-06  7.77323029307903500e-06  9.30183260233817867e-06
2.546275e+00  2.09014303338572212e-05  1.36982435571011932e-06 -1.51138840561886940e-06
2.550790e+00  2.69296306578386374e-05 -4.87552300034701474e-06 -7.03208286117717341e-06
2.555305e+00  2.60683736177932570e-05 -7.63968565951428755e-06 -5.90601606620065058e-06
2.559819e+00  1.78362770784026378e-05 -5.54074543669709903e-06 -1.60729647642266264e-06
2.564334e+00  3.97039652864819221e-06  1.61716497290941199e-07  6.74310127989606001e-07
2.568849e+00 -1.12317741289942870e-05  6.36387094439452997e-06 -1.86790613357916497e-06
2.573363e+00 -2.20139921002788731e-05  9.85184254220525028e-06 -7.51691383376233100e-06
2.577878e+00 -2.37237807175973581e-05  8.90396838663360531e-06 -1.13371480177822521e-05
2.582393e+00 -1.55804216638245132e-05  3.92237585688387677e-06 -8.94958734177137974e-06
2.586907e+00 -1.78069911221166095e-06 -3.03292139572744546e-06 -5.71899400334204181e-08
2.591422e+00  1.02127781988949570e-05 -9.30423758681817916e-06  1.08261908934738485e-05
2.595937e+00  1.36113874620097496e-05 -1.26444309251040392e-05  1.70505506386189987e-05
2.600451e+00  6.25146139038255916e-06 -1.18313599160629165e-05  1.41663226200204132e-05
2.604966e+00 -7.95273831165981480e-06 -6.92380636437067464e-06  3.02927451534506633e-06
2.609481e+00 -2.11501804799883650e-05  6.97590266634674747e-07 -1.04173967182049368e-05
2.613995e+00 -2.61036495231790878e-05  8.53327096080072206e-06 -1.85936513352613568e-05
2.618510e+00 -2.03446593775403889e-05  1.36031724619029706e-05 -1.67901075642851260e-05
2.623025e+00 -7.32512181247264470e-06  1.35754653531530621e-05 -5.92459598579324904e-06
2.627540e+00  6.09180642621240121e-06  8.01616033709196239e-06  8.08654212367249335e-06
2.632054e+00  1.40518251531116982e-05 -9.76771225923500992e-07  1.78304057616214973e-05
2.636569e+00  1.50725152236223744e-05 -9.39686419054045413e-06  1.85513484558224502e-05
2.641084e+00  1.21947375239446198e-05 -1.31956617365970352e-05  1.05034064431839110e-05
2.645598e+00  1.00424210489576994e-05 -1.05132390077505509e-05 -1.67629643649655119e-06
2.650113e+00  1.10506590001848601e-05 -2.93365612105896613e-06 -1.18885643433386810e-05
2.654628e+00  1.36283162775051714e-05  5.19193253191148936e-06 -1.58572761184293641e-05
2.659142e+00  1.35540664032077896e-05  9.19052060240123900e-06 -1.29121948903896128e-05
2.663657e+00  7.52536324874085447e-06  6.91718031513931520e-06 -5.56943813040648902e-06
2.668172e+00 -3.80463934042996784e-06  1.98681077056994907e-07  2.39635163996392101e-06
2.672686e+00 -1.56216823179408105e-05 -6.20824743085720371e-06  7.97338143996523711e-06
2.677201e+00 -2.18667878933275024e-05 -7.65937387408285568e-06  9.90352105491182468e-06
2.681716e+00 -1.93017179809682652e-05 -2.77448717334662306e-06  8.44727163075639640e-06
2.686230e+00 -9.87029334875703589e-06  5.43610178410359302e-06  4.55680523383390390e-06
2.690745e+00  3.64471258099797890e-07  1.13822686068469077e-05 -7.27766036124097293e-07
2.695260e+00  5.07696037007124550e-06  1.05857381030975096e-05 -6.31193242083603163e-06
2.699774e+00  1.77800556006946984e-06  2.81369587550959897e-06 -1.08057146052871070e-05
2.704289e+00 -6.56016097487264340e-06 -7.54495238398586454e-06 -1.25755531936550778e-05
2.708804e+00 -1.33970943441912954e-05 -1.42486898600406048e-05 -1.03626825437317321e-05
2.713318e+00 -1.27540820956798468e-05 -1.33201305884899587e-05 -4.15810843874154130e-06
2.717833e+00 -2.90717465967461427e-06 -5.70090441314413424e-06  4.34323503916732620e-06
2.722348e+00  1.26124913433008326e-05  3.42220129773568832e-06  1.22105445437739947e-05
2.726862e+00  2.71315037913986451e-05  8.19446981860865718e-06  1.65538555563703026e-05
2.731377e+00  3.45366043457523522e-05  6.11093509846652315e-06  1.58966245171538435e-05
2.735892e+00  3.22554194127883828e-05 -3.12402585109861839e-07  1.08055856043596436e-05
2.740406e+00  2.19444569827180804e-05 -5.36658881370040855e-06  3.40149153365673477e-06
2.744921e+00  7.90819256150637870e-06 -4.19557293064828256e-06 -3.89212275909090405e-06
2.749436e+00 -5.41554020769771535e-06  3.73539751969066670e-06 -9.51885684141156999e-06
2.753950e+00 -1.53173004841236324e-05  1.40989174146134353e-05 -1.31413978671336568e-05
2.758465e+00 -2.12001451509767012e-05  2.04042935047144187e-05 -1.50615177244557410e-05
2.762980e+00 -2.37409443960329399e-05  1.80802538198906219e-05 -1.52866383165947975e-05
2.767494e+00 -2.37287331318121931e-05  7.26779865258236552e-06 -1.30828713251958440e-05
2.772009e+00 -2.13980554825477798e-05 -7.35181359917499145e-06 -7.48343367129803538e-06
2.776524e+00 -1.65231871448082333e-05 -1.93557353960939521e-05  1.53461370385611223e-06
2.781038e+00 -9.00416537841932164e-06 -2.40607808737494747e-05  1.20976369074500008e-05
2.785553e+00  5.26184630003353593e-07 -2.05622214581993915e-05  2.05946496436225302e-05
2.790068e+00  1.04323066539742382e-05 -1.14071810728431508e-05  2.31658015743408276e-05
2.794582e+00  1.82855887329965733e-05 -5.96938304218533110e-07  1.78110049403326916e-05
2.799097e+00  2.15318682411614021e-05  8.49311219856183572e-06  5.85248888584660487e-06
2.803612e+00  1.84685940399923708e-05  1.40224451764392596e-05 -8.27781129878659193e-06
2.808126e+00  9.21997214848064716e-06  1.53203184912794166e-05 -1.90059946989153189e-05
2.812641e+00 -3.76536674571706585e-06  1.21515215124297249e-05 -2.23294108689466221e-05
2.817156e+00 -1.61522043229607051e-05  4.62102713836159780e-06 -1.77435426138768035e-05
2.821670e+00 -2.31948749922300605e-05 -6.08743514578512358e-06 -8.27027448238579536e-06
2.826185e+00 -2.17490216794084596e-05 -1.69522100388023124e-05  1.39504724189510454e-06
2.830700e+00 -1.18295531468992376e-05 -2.34668674417954348e-05  7.47082829642071857e-06
2.835214e+00  3.22714531897027523e-06 -2.15205225815255218e-05  8.86252735946886756e-06
2.839729e+00  1.82460808251121919e-05 -9.95291021653497567e-06  7.15613207121134738e-06
2.844244e+00  2.86185000295059765e-05  7.89859635314063782e-06  5.03518326015111526e-06
2.848758e+00  3.23002081491546091e-05  2.50018250920900422e-05  4.29989153381936864e-06
2.853273e+00  3.03034905974090527e-05  3.37253356641707341e-05  4.81577871965124478e-06
2.857788e+00  2.55458502819620711e-05  2.96429308500625156e-05  4.98529720716643782e-06
2.862302e+00  2.09639731879903914e-05  1.38912778812481087e-05  3.25863826689737394e-06
2.866817e+00  1.81760963128291992e-05 -7.26541760870341032e-06 -4.76774236093003332e-07
2.871332e+00  1.74034769817015243e-05 -2.53672956256397546e-05 -4.63334455065345479e-06
2.875847e+00  1.82903357544871193e-05 -3.35255395153959834e-05 -6.96037019486563249e-06
2.880361e+00  2.05551143759735213e-05 -2.91173408256001331e-05 -6.14469486061992330e-06
2.884876e+00  2.36707160090789707e-05 -1.43722205572466138e-05 -2.85939440246392494e-06
2.889391e+00  2.58338303359535943e-05  4.95597091602281867e-06  4.85460138293436332e-07
2.893905e+00  2.34583636659234399e-05  2.18837296667547657e-05  1.19438014593468458e-06
2.898420e+00  1.23866956362484028e-05  3.05222521100738080e-05 -1.92158582925404731e-06
2.902935e+00 -9.23207299504695153e-06  2.79039601931521922e-05 -7.51005482466358501e-06
2.907449e+00 -3.80692344389909162e-05  1.50441803527300990e-05 -1.20905713953981423e-05
2.911964e+00 -6.51074046791018591e-05 -3.08563771001478617e-06 -1.18077189607474522e-05
2.916479e+00 -7.88046157955283791e-05 -1.90308270232054278e-05 -4.65974408941204065e-06
2.920993e+00 -7.08965975668630373e-05 -2.57065116920476752e-05  7.98525818248579261e-06
2.925508e+00 -4.16888272208338292e-05 -1.96979765588835511e-05  2.14930535330648310e-05
2.930023e+00 -1.40310818766193201e-06 -3.36656557087923452e-06  2.98218840893673659e-05
2.934537e+00  3.38398277550344234e-05  1.56968614317576794e-05  2.83608863428714152e-05
2.939052e+00  4.96165794516179956e-05  2.80585894895444936e-05  1.63813726531065654e-05
2.943567e+00  4.02547869889954469e-05  2.71539914572500147e-05 -2.19379853565835418e-06
2.948081e+00  1.13605713796262078e-05  1.28003935306825463e-05 -2.02296372066831455e-05
2.952596e+00 -2.35398036530945618e-05 -8.54177620863951855e-06 -3.04438088109241936e-05
2.957111e+00 -5.01422827832010662e-05 -2.70280508797411545e-05 -2.86489614248274499e-05
2.961625e+00 -6.01070774298442464e-05 -3.44508166392033536e-05 -1.56021937006824035e-05
2.966140e+00 -5.37909668067427892e-05 -2.82587553624455284e-05  3.39953292887294563e-06
2.970655e+00 -3.80840798842457942e-05 -1.24433219731236074e-05  2.08942781608240152e-05
2.975169e+00 -2.14423791228095375e-05  4.99524507518167859e-06  3.03833649557825275e-05
2.979684e+00 -9.50282369389383169e-06  1.63854139744913138e-05  2.87684258147085257e-05
2.984199e+00 -3.62950080383998075e-06  1.80613739962000460e-05  1.71723091203283446e-05
2.988713e+00 -2.35353985209286460e-06  1.15279018837723978e-05  9.00987549543446359e-08
2.993228e+00 -3.75097383140265681e-06  1.83997372827239050e-06 -1.64902503783618149e-05
2.997743e+00 -6.64123271758402078e-06 -5.53667695602280268e-06 -2.71498594570706270e-05
3.002257e+00 -9.96808155896388424e-06 -7.48781268227691345e-06 -2.86472893052126313e-05
3.006772e+00 -1.15184683393068525e-05 -4.25841457798772386e-06 -2.07719921332892047e-05
3.011287e+00 -7.78135397696305408e-06  1.46142925976333703e-06 -6.35403151850060224e-06
3.015801e+00  4.23665866746140734e-06  6.44264703088430544e-06  9.58095750507056859e-06
3.020316e+00  2.42223427048432053e-05  8.53283284024628370e-06  2.14143852617109259e-05
3.024831e+00  4.69394865617629386e-05  7.18638411909617892e-06  2.49355055366076971e-05
3.029345e+00  6.34848835138202954e-05  2.99846836331018630e-06  1.90558134301440155e-05
3.033860e+00  6.52955134830570766e-05 -3.03372196025065092e-06  6.43492306834861699e-06
3.038375e+00  4.88450390252580320e-05 -9.82186683107915311e-06 -7.46668831149400028e-06
3.042889e+00  1.82659662143072957e-05 -1.59524969974871263e-05 -1.66839378470254891e-05
3.047404e+00 -1.58208247142374816e-05 -1.94260870424523474e-05 -1.74220209312881124e-05
3.051919e+00 -4.08546519143280408e-05 -1.80340766865272833e-05 -9.81801801466776030e-06
3.056433e+00 -4.79598844303701739e-05 -1.05353145014970937e-05  2.13822669487212183e-06
3.060948e+00 -3.58088293485044431e-05  2.00008392290434747e-06  1.25411011531192558e-05
3.065463e+00 -1.09107097521860095e-05  1.57548702731954899e-05  1.64123609011750488e-05
3.069977e+00  1.56027794492465546e-05  2.53592575267659294e-05  1.20219839459624919e-05
3.074492e+00  3.29716808043665696e-05  2.64099367149559649e-05  1.55233708083053379e-06
3.079007e+00  3.52267382373955761e-05  1.79728697973781078e-05 -1.01329529770904599e-05
3.083521e+00  2.32007996843875684e-05  3.46885650645120887e-06 -1.78739751628483084e-05
3.088036e+00  3.53425673933571099e-06 -1.08296616593765796e-05 -1.84988253951142509e-05
3.092551e+00 -1.46306789023916632e-05 -1.89889565016804913e-05 -1.19563876183872272e-05
3.097065e+00 -2.37299522754611997e-05 -1.84427865506729079e-05 -9.74847985490010116e-07
3.101580e+00 -2.09231937982325982e-05 -1.10259550470384494e-05  1.03118719555805627e-05
3.106095e+00 -9.05923644270327395e-06 -1.43053148126205554e-06  1.79712391332468359e-05
3.110609e+00  4.88271696391053975e-06  5.81963887947006712e-06  1.94779714525773875e-05
3.115124e+00  1.31835622784367717e-05  8.84189715968405826e-06  1.43088685941172545e-05
3.119639e+00  1.11134437539925600e-05  8.76226290273693417e-06  4.01880783351490063e-06
3.124153e+00 -7.02286632161358118e-07  7.98819005147923900e-06 -8.11246462101944124e-06
3.128668e+00 -1.64283591922449301e-05  7.89650040817696076e-06 -1.79203679615292488e-05
3.133183e+00 -2.76754593437777143e-05  7.76739563701164385e-06 -2.17092673282052622e-05
3.137698e+00 -2.74358630470943964e-05  5.71346726247569672e-06 -1.78005922817908820e-05
3.142212e+00 -1.33978869149291187e-05  7.24993961278859503e-07 -7.53936354018375243e-06
3.146727e+00  1.09625296165131016e-05 -5.93646771729039120e-06  5.00317801578198017e-06
3.151242e+00  3.79558684122298267e-05 -1.12171313477474092e-05  1.47852279037680840e-05
3.155756e+00  5.89711184602960853e-05 -1.23111504730487698e-05  1.82117630210940946e-05
3.160271e+00  6.77221597791653079e-05 -8.67462268488398184e-06  1.48228341670052674e-05
3.164786e+00  6.19237370516895479e-05 -2.43485619310823301e-06  7.19075724992602308e-06
3.169300e+00  4.29851191161841363e-05  3.11190465958783607e-06 -8.84497279437734069e-07
3.173815e+00  1.45373125813639331e-05  5.73006066846792179e-06 -6.61740528579923145e-06
3.178330e+00 -1.88850878595857834e-05  5.50579545596732264e-06 -9.37376499089684631e-06
3.182844e+00 -5.22231172574783627e-05  4.28438691002356886e-06 -1.00559496925743468e-05
3.187359e+00 -7.96675528711050118e-05  3.88943838181663439e-06 -9.49517233028410454e-06
3.191874e+00 -9.49295055083936473e-05  4.61814727476457604e-06 -7.38981969761427649e-06
3.196388e+00 -9.28284015492575760e-05  5.16015242751185996e-06 -2.80633106155070995e-06
3.200903e+00 -7.18137599205220827e-05  3.87745644922505965e-06  4.17901201815211304e-06
3.205418e+00 -3.58429178470272367e-05  3.34676591708920306e-07  1.12742285130841730e-05
3.209932e+00  6.08200125217745706e-06 -4.12283460500854212e-06  1.46114018869657868e-05
3.214447e+00  4.31330484563105263e-05 -7.12636382493425376e-06  1.11756283866210044e-05
3.218962e+00  6.71510101470371493e-05 -6.77111871106878253e-06  1.34640525125491438e-06
3.223476e+00  7.58274766590778809e-05 -2.81512268187939888e-06 -1.05257435150694824e-05
3.227991e+00  7.26244561538288898e-05  3.09579191551745801e-06 -1.83054307678388815e-05
3.232506e+00  6.35641115871051599e-05  8.19320109602857839e-06 -1.77596459413366099e-05
3.237020e+00  5.31056909048817008e-05  9.86836740835984731e-06 -9.24044818262074232e-06
3.241535e+00  4.18736512286792560e-05  6.88105667375670358e-06  2.54347005225846371e-06
3.246050e+00  2.75716844234104270e-05  1.73860671737993809e-08  1.15233872134591924e-05
3.250564e+00  8.06690597757928899e-06 -8.10437663988913337e-06  1.39310312264930499e-05
3.255079e+00 -1.58717318012146217e-05 -1.41210377049898897e-05  1.01316448007532711e-05
3.259594e+00 -4.02342301824232197e-05 -1.55255369773398631e-05  3.58974321917815208e-06
3.264108e+00 -5.98860299167800134e-05 -1.19709019472135722e-05 -1.94097960511783388e-06
3.268623e+00 -7.12920149926413865e-05 -5.41894419249382287e-06 -4.75255987481684719e-06
3.273138e+00 -7.36986841290819013e-05  1.11501536681951069e-06 -5.43895689629908422e-06
3.277652e+00 -6.80991702264046000e-05  5.47350372175331006e-06 -5.30444666885064202e-06
3.282167e+00 -5.52620200304783954e-05  7.55881645043597772e-06 -4.63681862863554368e-06
3.286682e+00 -3.48714585158785910e-05  8.87014587173433358e-06 -2.49325624489087919e-06
3.291196e+00 -6.75521163095970884e-06  1.07112852293981071e-05  1.84682202937611589e-06
3.295711e+00  2.68133696572570365e-05  1.25823342271236376e-05  7.21804088670729077e-06
3.300226e+00  5.99387590142739254e-05  1.22625507593247778e-05  1.04703779944437252e-05
3.304740e+00  8.45651982485796087e-05  7.73718350182626495e-06  8.42047335799319940e-06
3.309255e+00  9.40242924760826252e-05 -5.45061683812662470e-07  4.93128824103717005e-07
3.313770e+00  8.63435873170830253e-05 -9.12108132669449674e-06 -1.01278123461148174e-05
3.318284e+00  6.49899897758706899e-05 -1.34817222096147117e-05 -1.80360865866723530e-05
3.322799e+00  3.65487878570345455e-05 -1.12821996530783629e-05 -1.89438313181872232e-05
3.327314e+00  7.07327008195520572e-06 -4.29775827316829221e-06 -1.24359033767337670e-05
3.331828e+00 -2.02725918846530500e-05  2.58704825122202912e-06 -2.08711916970478421e-06
3.336343e+00 -4.47942443520418405e-05  4.78443459804266147e-06  7.11971855057094208e-06
3.340858e+00 -6.58250239100755533e-05  1.27646212159135192e-06  1.20652732946937660e-05
3.345372e+00 -8.05904595793354974e-05 -4.75789887746746463e-06  1.29686804546213534e-05
3.349887e+00 -8.44032143223058317e-05 -8.42895437244878704e-06  1.21033372074826764e-05
3.354402e+00 -7.33156134858209803e-05 -6.76449773553539188e-06  1.10733266569322305e-05
3.358916e+00 -4.73620602185521143e-05 -6.70218527049380147e-07  9.12507628670130415e-06
3.363431e+00 -1.19534452368336744e-05  6.15289405144778959e-06  4.02527806067085926e-06
3.367946e+00  2.37707619899915897e-05  1.02230131934054544e-05 -5.22887655906632376e-06
3.372460e+00  5.07439699105820372e-05  1.06574255467445927e-05 -1.62855334528156436e-05
3.376975e+00  6.36472517855190113e-05  9.09989402410653497e-06 -2.39768214352024769e-05
3.381490e+00  6.24038155724620960e-05  7.60215181204356030e-06 -2.34621759295634318e-05
3.386005e+00  5.09856423567540653e-05  6.59290775067261909e-06 -1.37273651079574943e-05
3.390519e+00  3.46996122128119273e-05  4.80641322703015698e-06  1.25086376660215299e-06
3.395034e+00  1.77864990605407012e-05  1.09186819469322840e-06  1.46756241999963199e-05
3.399549e+00  2.53880801544583167e-06 -3.80310897834539104e-06  2.09631623314674505e-05
3.404063e+00 -1.01242849595967296e-05 -7.38728665513326450e-06  1.88486933547901164e-05
3.408578e+00 -1.96066776782508280e-05 -7.57413289659218185e-06  1.15726131640496301e-05
3.413093e+00 -2.51007131166009502e-05 -4.85560728927215699e-06  4.32713221654154418e-06
3.417607e+00 -2.58548228386404791e-05 -2.27294943789861085e-06  9.56597303746728934e-07
3.422122e+00 -2.17935042771070200e-05 -2.84295217256149165e-06  2.08133628217503426e-06
3.426637e+00 -1.38408935810901643e-05 -6.52838395187466396e-06  5.47870651933725314e-06
3.431151e+00 -3.68029368533264382e-06 -9.57759604414891606e-06  7.94361072564174551e-06
3.435666e+00  6.78700187347247488e-06 -7.24711146232613384e-06  7.16913384345884595e-06
3.440181e+00  1.58211431911352285e-05  2.02793339361353900e-06  2.66789855505743588e-06
3.444695e+00  2.18600863741997719e-05  1.44808179703404396e-05 -4.31946139734477920e-06
3.449210e+00  2.34015870241636553e-05  2.29719066541482435e-05 -1.14568718171779134e-05
3.453725e+00  1.91578691016271487e-05  2.18618378009197714e-05 -1.61091150997660908e-05
3.458239e+00  8.64155564543784438e-06  1.11102724089165625e-05 -1.62094818069783508e-05
3.462754e+00 -7.12096642284195037e-06 -3.61942810317800610e-06 -1.11092318725548615e-05
3.467269e+00 -2.53201548070609503e-05 -1.49358887522639595e-05 -2.06162482447043292e-06
3.471783e+00 -4.19258486534469644e-05 -1.86377857062384009e-05  8.08841684562115249e-06
3.476298e+00 -5.29438637853802974e-05 -1.58036813099155628e-05  1.60494874348635037e-05
3.480813e+00 -5.57462491960735167e-05 -1.07369831072926529e-05  1.94922708461723560e-05
3.485327e+00 -4.97757409973155398e-05 -6.87249826620135340e-06  1.78930723677530827e-05
3.489842e+00 -3.63131927887142152e-05 -4.24531323096409350e-06  1.23857821390264094e-05
3.494357e+00 -1.75821545247241443e-05 -5.03618641917807632e-07  4.92912808133639878e-06
3.498871e+00  4.15292573193513955e-06  5.77549687340757616e-06 -2.50470243954507797e-06
3.503386e+00  2.69103996311795091e-05  1.26987584535661477e-05 -8.28734652446900642e-06
3.507901e+00  4.86230945296257908e-05  1.59115874429133550e-05 -1.12098271237630751e-05
3.512415e+00  6.65202139825693957e-05  1.20766398206272869e-05 -1.07128523873459347e-05
3.516930e+00  7.69741398096469447e-05  2.01234975705053458e-06 -7.33902433749555328e-06
3.521445e+00  7.63106078385715828e-05 -9.23053717657980013e-06 -2.89847805230514857e-06
3.525959e+00  6.24604610985141832e-05 -1.55409310219048111e-05  2.17626082659463218e-07
3.530474e+00  3.66542374229839339e-05 -1.37439499791116499e-05  4.45722223494010116e-07
3.534989e+00  4.06523479752108659e-06 -5.46141914396873084e-06 -1.79967047486662984e-06
3.539503e+00 -2.73316676216129848e-05  4.31081259885588152e-06 -4.30733979986591701e-06
3.544018e+00 -4.94954573979639932e-05  1.05571307118198849e-05 -4.69706279931143510e-06
3.548533e+00 -5.74643098047855012e-05  1.10213344480546322e-05 -2.32965306447032976e-06
3.553047e+00 -5.12993810619565775e-05  6.77188247902679164e-06  1.08372528720351685e-06
3.557562e+00 -3.57320914482783282e-05  7.70226083142542848e-07  2.79891113063297410e-06
3.562077e+00 -1.76727634741025959e-05 -4.11291189093976249e-06  1.29736974489476071e-06
3.566591e+00 -2.98150634451228923e-06 -6.34272163028401795e-06 -2.36682731968439673e-06
3.571106e+00  5.69310474408798472e-06 -5.91995361458463203e-06 -5.28705320150874125e-06
3.575621e+00  8.95186200473125585e-06 -3.96786742639677983e-06 -4.93255880758748784e-06
3.580135e+00  8.92405048086339399e-06 -2.13417285060996983e-06 -1.07337963815730228e-06
3.584650e+00  7.25260149701646087e-06 -1.87771867457264320e-06  4.11152493147720169e-06
3.589165e+00  4.24548467235983033e-06 -3.65194777064997199e-06  7.69192700742533868e-06
3.593679e+00 -4.21445673079305768e-07 -6.35035608985050289e-06  7.93361832830242733e-06
3.598194e+00 -6.35244097891170279e-06 -7.60943622113369180e-06  5.01072988677989493e-06
3.602709e+00 -1.18044697009186801e-05 -5.15604639474808235e-06  2.33891846135559085e-07
3.607223e+00 -1.44413937697507076e-05  1.48710659754373737e-06 -5.11653635623204744e-06
3.611738e+00 -1.28347991161010799e-05  1.01691893316248481e-05 -1.01222433345788006e-05
3.616253e+00 -7.33307500142119517e-06  1.69610545364730200e-05 -1.36167989873394565e-05
3.620767e+00  5.76323210649197509e-07  1.83108615005436655e-05 -1.37321999115491829e-05
3.625282e+00  9.89740244984200515e-06  1.31207264960663693e-05 -8.70635893350933127e-06
3.629797e+00  2.11514672948479054e-05  3.37303969023840454e-06  1.25827105241961071e-06
3.634312e+00  3.54769163002387661e-05 -7.03627203039802020e-06  1.27053937927855585e-05
3.638826e+00  5.20908232357426276e-05 -1.43905651542814830e-05  1.98735732504829485e-05
3.643341e+00  6.61239259068308516e-05 -1.68240078259764868e-05  1.79337012458130746e-05
3.647856e+00  6.91648596082537363e-05 -1.47106787709663167e-05  6.52175958770067668e-06
3.652370e+00  5.32134370919062823e-05 -9.84354580989404191e-06 -9.12135329757851410e-06
3.656885e+00  1.61363345142255399e-05 -4.13871874609461516e-06 -2.06649120877696815e-05
3.661400e+00 -3.49283492027175523e-05  1.32902757268993667e-06 -2.15313838759815641e-05
3.665914e+00 -8.50227929507457281e-05  6.50408303568824189e-06 -1.09499219154371147e-05
3.670429e+00 -1.17578113075030450e-04  1.17387328265434955e-05  5.49171379150904819e-06
3.674944e+00 -1.22108945411748051e-04  1.67871130908149927e-05  1.91758691582336106e-05
3.679458e+00 -9.89263632127895511e-05  2.00907088144710077e-05  2.34793375674393164e-05
3.683973e+00 -5.81324960302691444e-05  1.90687538150446134e-05  1.73127838248227827e-05
3.688488e+00 -1.37226932551582729e-05  1.16473333109574922e-05  5.15148448060142829e-06
3.693002e+00  2.33972793902029893e-05 -1.68055874088105899e-06 -6.10705999231832946e-06
3.697517e+00  4.92850933592848685e-05 -1.67740402811610961e-05 -1.12286164997094436e-05
3.702032e+00  6.59180818490696105e-05 -2.70742532923733921e-05 -9.17194291012182221e-06
3.706546e+00  7.68176755600957046e-05 -2.70440825011240970e-05 -2.86458122126215545e-06
3.711061e+00  8.29368575496761199e-05 -1.58670925912391216e-05  3.15768098607620429e-06
3.715576e+00  8.17362718987969935e-05  1.28952951414185877e-06  5.50639075568366395e-06
3.720090e+00  6.97154202798067984e-05  1.58367104189093608e-05  3.47796418563712927e-06
3.724605e+00  4.60841393301973578e-05  2.08423230972851474e-05 -1.18603192353496571e-06
3.729120e+00  1.46182582089308921e-05  1.52431313535703169e-05 -5.73476735927381314e-06
3.733634e+00 -1.76570906571040607e-05  4.15298527932341618e-06 -7.95072416699791975e-06
3.738149e+00 -4.38541792720378653e-05 -5.01194509091795683e-06 -6.98885515625230705e-06
3.742664e+00 -6.01744462864589231e-05 -7.73392393443135870e-06 -3.37177865229684155e-06
3.747178e+00 -6.65349237623024748e-05 -5.05282172806786616e-06  1.50256601293401833e-06
3.751693e+00 -6.49452744371338211e-05 -1.82332847906430467e-06  5.94241388942442104e-06
3.756208e+00 -5.73658292521031732e-05 -2.18160236550636096e-06  8.48644416775405794e-06
3.760722e+00 -4.48381594539222611e-05 -5.98030420002391781e-06  8.39244009244242528e-06
3.765237e+00 -2.82559492904319604e-05 -9.04377553198524923e-06  6.00057928659830534e-06
3.769752e+00 -9.56975494234730519e-06 -6.90677241735851335e-06  2.67792480048017830e-06
3.774266e+00  8.11514718647709669e-06  1.13464861826184698e-06  1.21077957966335973e-07
3.778781e+00  2.19275031340844190e-05  1.10128965294478827e-05 -7.43326655931813284e-07
3.783296e+00  3.09173367610947341e-05  1.67259634466540604e-05 -5.16213592900264304e-07
3.787810e+00  3.63585778504829920e-05  1.47118163060158725e-05 -1.00668475755583457e-06
3.792325e+00  4.01136527704811492e-05  6.30783906067080838e-06 -3.82094329397146076e-06
3.796840e+00  4.23390462957171063e-05 -3.49138516963581599e-06 -8.79846599868977305e-06
3.801354e+00  4.06868015364752027e-05 -9.77596119611498762e-06 -1.35804399193576106e-05
3.805869e+00  3.21252767610919035e-05 -1.09218386587724513e-05 -1.48816516394732438e-05
3.810384e+00  1.62465598075789851e-05 -8.91358993482509882e-06 -1.07125618132567171e-05
3.814898e+00 -2.68063454855017519e-06 -6.93785893983954297e-06 -1.93932938501796767e-06
3.819413e+00 -1.70907905113280422e-05 -6.52374033808787914e-06  8.03249422521599454e-06
3.823928e+00 -2.05728812281571831e-05 -6.59305805441020124e-06  1.52560823901494439e-05
3.828442e+00 -1.24324938452221526e-05 -4.95011296983870341e-06  1.74539701253013744e-05
3.832957e+00  1.09496812131181017e-06 -6.65754160575687311e-07  1.48979203929597667e-05
3.837472e+00  1.02364804716790546e-05  4.77991353786341631e-06  9.57416477799459729e-06
3.841986e+00  7.59773264231022131e-06  8.49660449198720545e-06  3.60195923489465835e-06
3.846501e+00 -7.38011572992527556e-06  8.36694503190989367e-06 -1.75065032663646695e-06
3.851016e+00 -2.83602308509064242e-05  4.57596214894205249e-06 -5.93880053907278739e-06
3.855530e+00 -4.61877703299875121e-05 -6.33760009287608302e-07 -8.52905946670032295e-06
3.860045e+00 -5.39969329715292998e-05 -4.57389138141135935e-06 -9.06532744337323148e-06
3.864560e+00 -4.99021095407760243e-05 -5.71153909840247578e-06 -7.63259206936770581e-06
3.869074e+00 -3.60922390430127056e-05 -4.17975625060960760e-06 -5.36344386647697003e-06
3.873589e+00 -1.60109158895983219e-05 -1.20011743369929196e-06 -4.00556548599467023e-06
3.878104e+00  7.59423458582834873e-06  1.79644464415811227e-06 -4.59861385808974863e-06
3.882619e+00  3.23632237258243469e-05  3.69188752167231939e-06 -6.37685124417067507e-06
3.887133e+00  5.48130685985254181e-05  3.85442967360158171e-06 -7.06906060979425723e-06
3.891648e+00  6.99045696508047174e-05  2.32605010036710312e-06 -4.60896763806051200e-06
3.896163e+00  7.28850008478703487e-05  5.60627414524812589e-08  1.07346378281868369e-06
3.900677e+00  6.22626758312431496e-05 -1.30006377123486766e-06  7.72803372501826267e-06
3.905192e+00  4.13613296374070914e-05 -3.91597738459327637e-07  1.22686109773306351e-05
3.909707e+00  1.67917644689535187e-05  2.48637704941347542e-06  1.28364095737269918e-05
3.914221e+00 -5.33182962213270340e-06  4.96525957053684631e-06  9.73629029138550661e-06
3.918736e+00 -2.26583920939460585e-05  3.98600821988185436e-06  4.61504103741134584e-06
3.923251e+00 -3.68816430901302013e-05 -1.61080282805400257e-06 -1.13128810771774589e-06
3.927765e+00 -5.09045436474698414e-05 -9.31122834780186017e-06 -7.10581902934012365e-06
3.932280e+00 -6.51881987145287592e-05 -1.38382292765160606e-05 -1.31529546426783037e-05
3.936795e+00 -7.61512394798227824e-05 -1.06356603203100299e-05 -1.80354824837527451e-05
3.941309e+00 -7.78180207188256413e-05  4.85960091337822843e-07 -1.91707606574791032e-05
3.945824e+00 -6.54610258423743581e-05  1.45000616319710146e-05 -1.41100012876942050e-05
3.950339e+00 -3.86839341823040590e-05  2.41094840689767149e-05 -2.73546354250678701e-06
3.954853e+00 -2.07156593139779925e-06  2.44728781304913824e-05  1.17173439298693455e-05
3.959368e+00  3.66164438791177438e-05  1.61739985862530234e-05  2.38858770182503429e-05
3.963883e+00  6.92663087436692996e-05  4.25599445245492889e-06  2.90332166112128648e-05
3.968397e+00  8.96674393905452500e-05 -5.69403951154629210e-06  2.54224436774423924e-05
3.972912e+00  9.45334021970567983e-05 -1.11479780384266581e-05  1.48230052151999863e-05
3.977427e+00  8.35593907352001673e-05 -1.32015988629185677e-05  1.18776798947780759e-06
3.981941e+00  5.90706676896823673e-05 -1.41642967332029457e-05 -1.12345510249090131e-05
3.986456e+00  2.55257258244862146e-05 -1.47450588849307943e-05 -1.91419604909403416e-05
3.990971e+00 -1.11742287151751137e-05 -1.34494292938935238e-05 -2.05856615050841761e-05
3.995485e+00 -4.46149134343720149e-05 -8.50607518785551731e-06 -1.51573143887473209e-05
4.000000e+00 -6.89120265657279095e-05 -2.45154596138390987e-07 -4.37746241125817409e-06
