# Author: SW4
# Scenario: test
# Date: UTC  11/27/2017:20:36:07.000
# Bandwith (Hz): 1.234000e+00
# Station: sta10
# Target location (WGS84 longitude, latitude) (deg): 1.182594e+02 3.718865e+01
# Actual location (WGS84 longitude, latitude) (deg): 1.182594e+02 3.718865e+01
# Distance from target to actual location (m): 0.000000e+00
# nColumns: 4
# Column 1: Time (s)
# Column 2: X displacement (m)
# Column 3: Y displacement (m)
# Column 4: Z displacement (m)
0.000000e+00  0.00000000000000000e+00  0.00000000000000000e+00  0.00000000000000000e+00
8.122744e-03  0.00000000000000000e+00  0.00000000000000000e+00  0.00000000000000000e+00
1.624549e-02  0.00000000000000000e+00  0.00000000000000000e+00  0.00000000000000000e+00
2.436823e-02  0.00000000000000000e+00  0.00000000000000000e+00  0.00000000000000000e+00
3.249097e-02  0.00000000000000000e+00  0.00000000000000000e+00  0.00000000000000000e+00
4.061372e-02  0.00000000000000000e+00  0.00000000000000000e+00  0.00000000000000000e+00
4.873646e-02  0.00000000000000000e+00  0.00000000000000000e+00  0.00000000000000000e+00
5.685921e-02  0.00000000000000000e+00  0.00000000000000000e+00  0.00000000000000000e+00
6.498195e-02  0.00000000000000000e+00  0.00000000000000000e+00  0.00000000000000000e+00
7.310469e-02  0.00000000000000000e+00  0.00000000000000000e+00  0.00000000000000000e+00
8.122744e-02  0.00000000000000000e+00  0.00000000000000000e+00  0.00000000000000000e+00
8.935018e-02  0.00000000000000000e+00  0.00000000000000000e+00  0.00000000000000000e+00
9.747292e-02  0.00000000000000000e+00  0.00000000000000000e+00  0.00000000000000000e+00
1.055957e-01  0.00000000000000000e+00  0.00000000000000000e+00  0.00000000000000000e+00
1.137184e-01  0.00000000000000000e+00  0.00000000000000000e+00  0.00000000000000000e+00
1.218412e-01  0.00000000000000000e+00  0.00000000000000000e+00  0.00000000000000000e+00
1.299639e-01  0.00000000000000000e+00  0.00000000000000000e+00  0.00000000000000000e+00
1.380866e-01  0.00000000000000000e+00  0.00000000000000000e+00  0.00000000000000000e+00
1.462094e-01  0.00000000000000000e+00  0.00000000000000000e+00  0.00000000000000000e+00
1.543321e-01  0.00000000000000000e+00  0.00000000000000000e+00  0.00000000000000000e+00
1.624549e-01  0.00000000000000000e+00  0.00000000000000000e+00  0.00000000000000000e+00
1.705776e-01  0.00000000000000000e+00  0.00000000000000000e+00  0.00000000000000000e+00
1.787004e-01  0.00000000000000000e+00  0.00000000000000000e+00  0.00000000000000000e+00
1.868231e-01  0.00000000000000000e+00  0.00000000000000000e+00  0.00000000000000000e+00
1.949458e-01  0.00000000000000000e+00  0.00000000000000000e+00  0.00000000000000000e+00
2.030686e-01  0.00000000000000000e+00  0.00000000000000000e+00  0.00000000000000000e+00
2.111913e-01  0.00000000000000000e+00  0.00000000000000000e+00  0.00000000000000000e+00
2.193141e-01  0.00000000000000000e+00  0.00000000000000000e+00  0.00000000000000000e+00
2.274368e-01  0.00000000000000000e+00  0.00000000000000000e+00  0.00000000000000000e+00
2.355596e-01  0.00000000000000000e+00  0.00000000000000000e+00  0.00000000000000000e+00
2.436823e-01  0.00000000000000000e+00  0.00000000000000000e+00  0.00000000000000000e+00
2.518051e-01  0.00000000000000000e+00  0.00000000000000000e+00  0.00000000000000000e+00
2.599278e-01  0.00000000000000000e+00  0.00000000000000000e+00  0.00000000000000000e+00
2.680505e-01  0.00000000000000000e+00  0.00000000000000000e+00  0.00000000000000000e+00
2.761733e-01  0.00000000000000000e+00  0.00000000000000000e+00  0.00000000000000000e+00
2.842960e-01  0.00000000000000000e+00  0.00000000000000000e+00  0.00000000000000000e+00
2.924188e-01  0.00000000000000000e+00  0.00000000000000000e+00  0.00000000000000000e+00
3.005415e-01  0.00000000000000000e+00  0.00000000000000000e+00  0.00000000000000000e+00
3.086643e-01  0.00000000000000000e+00  0.00000000000000000e+00  0.00000000000000000e+00
3.167870e-01  0.00000000000000000e+00  0.00000000000000000e+00  0.00000000000000000e+00
3.249097e-01  0.00000000000000000e+00  0.00000000000000000e+00  0.00000000000000000e+00
3.330325e-01 2.25388794563998389e-219 1.65166204789921077e-219 -8.61505891443595336e-220
3.411552e-01 1.10153032921892855e-208 2.50422206029704186e-208 -2.01963868181566146e-208
3.492780e-01 1.53784516669011887e-199 2.24829908652641077e-199 -2.79346450871547818e-199
3.574007e-01 7.02876736810185064e-192 1.03461610230161000e-191 -1.28572255486523333e-191
3.655235e-01 2.41174163701839566e-185 3.95612529379231557e-185 -4.22736509135719535e-185
3.736462e-01 7.41555675833930006e-180 1.57549191009825125e-179 -1.05445341591821484e-179
3.817690e-01 1.21199557539604635e-175 6.43904418172255904e-175 3.45165550979986604e-175
3.898917e-01 5.65810217652637932e-170 -3.60598283543589001e-170 -3.93782698912159825e-170
3.980144e-01 5.03836135913567131e-165 -5.01621029864738612e-165 -6.55739124295336358e-165
4.061372e-01 1.33935089421459895e-160 -1.63738776765034974e-160 -2.12485145292336045e-160
4.142599e-01 1.46831310583450566e-156 -2.16328957294012751e-156 -2.76617006898773292e-156
4.223827e-01 7.30828377830307583e-153 -1.39197857132830108e-152 -1.74003052033729697e-152
4.305054e-01 1.55503240392592522e-149 -4.84833595724513652e-149 -5.83285599852761519e-149
4.386282e-01 2.61638436686233479e-147 -9.90965970134514400e-146 -1.10896365359750509e-145
4.467509e-01 -4.99505119800589345e-143 -1.29139668786129704e-142 -1.25338904268477889e-142
4.548736e-01 -1.02753344751884534e-139 -1.19007965548664591e-139 -8.98603369951614264e-140
4.629964e-01 -1.04143214053660609e-136 -8.54146376533683254e-137 -4.99745361892623099e-137
4.711191e-01 -6.70197403294462244e-134 -4.73769328965483925e-134 -3.46478770642910917e-134
4.792419e-01 -3.29221245439037649e-131 -1.70734312977452668e-131 -3.30126936081378210e-131
4.873646e-01 -1.47955528973042599e-128 -2.11695427364061750e-129 -2.86548354362471271e-128
4.954874e-01 -6.16757655505413964e-126 9.76635900627356781e-127 -1.85577014823415365e-125
5.036101e-01 -2.06238917713082423e-123 3.87720909038136630e-124 -8.52725837342638784e-123
5.117329e-01 -4.88129373324172986e-121 -2.75886704315325255e-122 -2.73820075910871046e-120
5.198556e-01 -7.42339556696670157e-119 -5.09164282849390080e-119 -6.08134270742910290e-118
5.279783e-01 -5.73065971595559459e-117 -1.57285881619787022e-116 -9.15195054366109418e-116
5.361011e-01 1.80291655465708969e-115 -2.60710894941222288e-114 -8.82620052833733603e-114
5.442238e-01 1.02158565003093594e-112 -2.60655700333220933e-112 -4.45906832550246097e-112
5.523466e-01 1.27811404124833417e-110 -1.51880187779803251e-110 4.22922425273019231e-111
5.604693e-01 9.03790309065759164e-109 -3.69559261813717893e-109 2.35717221758942460e-108
5.685921e-01 3.91492266129798900e-107 1.15950731673003906e-107 1.67646531983544793e-106
5.767148e-01 9.59206054647777877e-106 1.14879369128177299e-105 5.76425236213821169e-105
5.848375e-01 7.51168162083320518e-105 3.13951213196998553e-104 8.18618313695104668e-104
5.929603e-01 -2.15482141859052659e-103 1.39952409449530209e-103 -6.48745608713307074e-103
6.010830e-01 -4.68631492596587188e-102 -8.50836442264923042e-102 -3.08884991749921321e-101
6.092058e-01 2.32452797841811692e-101 -8.41547694117704283e-101 -1.22131113270343231e-101
6.173285e-01  1.03697739441833039e-99  1.69369646699956293e-99  6.24099977211985776e-99
6.254513e-01 -4.34419363342786156e-99  1.28690401059564609e-98 -4.30245930743917416e-99
6.335740e-01 -1.45093755601126470e-97 -3.01235187725834171e-97 -8.90975758188224610e-97
6.416968e-01  1.15071467054909880e-96 -1.44206601969521880e-97  4.62352926419940422e-96
6.498195e-01  9.86192945566912071e-96  3.38913117366109494e-95  6.77769822008639549e-95
6.579422e-01 -1.69736948246765054e-94 -2.19460438807365521e-94 -8.54732532544505218e-94
6.660650e-01  3.47877539255284962e-94 -1.10319260779311554e-93  6.62932667070110920e-94
6.741877e-01  9.38624679645016134e-93  2.35039790513975974e-92  5.22495235430011984e-92
6.823105e-01 -8.96804720813530231e-92 -1.16671244672288640e-91 -4.21542641359140363e-91
6.904332e-01  1.75399025149720407e-91 -2.88251356373683506e-91  5.15836849696729654e-91
6.985560e-01  2.69333832710758905e-90  7.19411905672470950e-90  1.40618722285459679e-89
7.066787e-01 -2.56821755983763215e-89 -4.17324502313761379e-89 -1.16472296433391802e-88
7.148014e-01  8.74849211198540985e-89  6.52130641320072770e-89  3.42364546273997746e-88
7.229242e-01  1.41628935901405402e-88  6.74732194159782863e-88  9.02825080715027257e-88
7.310469e-01 -2.88805224556776084e-87 -5.53388792456546971e-87 -1.29359082999149789e-86
7.391697e-01  1.31864436643161950e-86  1.78410951098550471e-86  5.23966314606838757e-86
7.472924e-01 -1.70054504797352159e-86  1.49728292317731660e-87 -4.08715996784196516e-86
7.554152e-01 -1.24940569926135806e-85 -2.73677702649597441e-85 -6.15405246465706441e-85
7.635379e-01  7.93240058095538925e-85  1.17768465103082708e-84  3.25927527782516377e-84
7.716606e-01 -1.66486612891531815e-84 -1.37409530356522904e-84 -5.43201602116698290e-84
7.797834e-01 -3.11536332660331691e-84 -8.68638032877545712e-84 -1.81953442997103264e-83
7.879061e-01  3.07729613178233975e-83  4.79021033974732939e-83  1.29026741256210843e-82
7.960289e-01 -7.62572072947600576e-83 -7.68112794445186524e-83 -2.59654057831401449e-82
8.041516e-01 -6.15282393214319178e-83 -2.44541494662507524e-82 -4.62773184687152143e-82
8.122744e-01  1.01213008848734079e-81  1.69638400970055601e-81  4.24245183459875604e-81
8.203971e-01 -2.93043683895701744e-81 -3.70002829415527170e-81 -9.85479888235526128e-81
8.285199e-01  5.09360547275458878e-82 -2.80085891906403111e-81 -6.95613007612328961e-81
8.366426e-01  2.52950749135765604e-80  4.42375353481152528e-80  1.14068267649612361e-79
8.447653e-01 -9.54904895232500760e-80 -1.44821426795314446e-79 -3.35960282261155491e-79
8.528881e-01  1.46987925376317386e-79  2.28578054858062063e-79  2.71420556338320880e-79
8.610108e-01  1.26309786623757186e-79  4.98342964915703161e-80  1.41434886798496705e-78
8.691336e-01 -1.35948199880717555e-78 -1.79502614245630054e-78 -6.70929936887125096e-78
8.772563e-01  5.23779523183265278e-78  1.07213099158324144e-77  1.87522698630972097e-77
8.853791e-01 -2.06656994633837356e-77 -5.35537353838993263e-77 -5.38809516646356852e-77
8.935018e-01  7.57882801995315618e-77  1.88856399757168323e-76  1.40944871848507900e-76
9.016245e-01 -1.30657815875002999e-76 -2.36914272127738417e-76  4.39558855368995053e-77
9.097473e-01 -6.79141600495417850e-76 -1.93806728855694567e-75 -3.11188227498561011e-75
9.178700e-01  6.56417055314333942e-75  1.51211550499141072e-74  1.75119218990826295e-74
9.259928e-01 -2.38619052605010235e-74 -4.94920471658140371e-74 -4.78642588584471379e-74
9.341155e-01 -2.72607841233626043e-76 -1.05260967739779806e-75  2.53521122309652322e-74
9.422383e-01  4.53368420476825815e-73  8.42589587555291916e-73  3.68843678249018939e-73
9.503610e-01 -1.50133678953616645e-72 -3.13134770462499371e-72 -3.20208379558197505e-72
9.584838e-01 -9.03652856651304606e-72 -9.22111266225855412e-72  2.76253831778539601e-71
9.666065e-01  8.31500880762808449e-71  1.08060532991491958e-70 -1.32897860869168252e-70
9.747292e-01  1.27062451945980695e-70  1.33727283309429752e-70 -3.84831401635475983e-70
9.828520e-01 -4.66285712748171375e-69 -5.72347931906352693e-69  9.04230589364699555e-69
9.909747e-01  1.51291588694728309e-68  1.75581055065392941e-68 -3.22777248014057782e-68
9.990975e-01  1.49529405547859301e-67  1.94728250454733815e-67 -2.45980477105832699e-67
1.007220e+00 -1.32502911947020844e-66 -1.63248061043456181e-66  2.50612664140702803e-66
1.015343e+00 -1.09189289393384219e-66 -1.86648673937523368e-66  1.39194223012865042e-67
1.023466e+00  5.99389023140673740e-65  7.61786886262894410e-65 -1.04959874964423806e-64
1.031588e+00 -1.70174726690302206e-64 -1.97403643101859662e-64  3.71159293493274056e-64
1.039711e+00 -1.81321620794304239e-63 -2.37024135171244781e-63  2.92285589289844067e-63
1.047834e+00  1.22351698864055862e-62  1.50530056281608083e-62 -2.35067702343264981e-62
1.055957e+00  3.29585158360081699e-62  4.57500502995747587e-62 -4.19797887088131060e-62
1.064079e+00 -5.38167550412704934e-61 -6.76660440373524574e-61  9.78247013854988837e-61
1.072202e+00  1.51843537749154360e-61  3.97608305550511224e-62 -9.31895784700322367e-61
1.080325e+00  1.84725810719537760e-59  2.35820738161655956e-59 -3.20924745188215443e-59
1.088448e+00 -4.37810294145030987e-59 -5.07637127998312897e-59  9.93231726543766800e-59
1.096570e+00 -5.31694042774482143e-58 -6.88655305050462196e-58  8.78210274792144310e-58
1.104693e+00  2.34169996170129439e-57  2.84430992183089975e-57 -4.75655608967716703e-57
1.112816e+00  1.32324720869805645e-56  1.74294562212135234e-56 -2.04089200429743955e-56
1.120939e+00 -9.09655698590106392e-56 -1.12512028179638321e-55  1.75936264826870299e-55
1.129061e+00 -2.88908041489860053e-55 -3.89250822098374520e-55  3.99585944787165150e-55
1.137184e+00  3.00061597427142618e-54  3.74942590772742659e-54 -5.63229999421005490e-54
1.145307e+00  5.58514271728732646e-54  7.78380173224458287e-54 -6.29646620647231098e-54
1.153430e+00 -8.91013984534414318e-53 -1.12062544145763904e-52  1.63880846264235417e-52
1.161552e+00 -9.77051972941528560e-53 -1.43459408111354381e-52  6.83913887944646925e-53
1.169675e+00  2.45430436626744637e-51  3.09957904488608104e-51 -4.45360043515005810e-51
1.177798e+00  1.68363028411141665e-51  2.64437233479926855e-51 -1.46041115164939892e-52
1.185921e+00 -6.37697264773677658e-50 -8.07225931601879520e-50  1.14867145961592385e-49
1.194043e+00 -3.53693737050901212e-50 -5.74224295649769886e-50 -9.91998687445393704e-51
1.202166e+00  1.57530248151399335e-48  1.99558616608748271e-48 -2.83383973790489087e-48
1.210289e+00  1.05248741321021494e-48  1.63080313291980277e-48 -9.99682019750593796e-50
1.218412e+00 -3.70134375533639001e-47 -4.68575317161108522e-47  6.69077517312644537e-47
1.226534e+00 -3.72674388910284090e-47 -5.39237521404016270e-47  2.52989997567027925e-47
1.234657e+00  8.21737423538231165e-46  1.03820885079876810e-45 -1.50228437929412850e-45
1.242780e+00  1.28554261639069466e-45  1.77272936238965933e-45 -1.39254488321125803e-45
1.250903e+00 -1.69968529365434231e-44 -2.14003701932191906e-44  3.16587143989237390e-44
1.259025e+00 -4.01803051960671383e-44 -5.38162625863352323e-44  5.33660402095627145e-44
1.267148e+00  3.19663105385647287e-43  4.00283478592110803e-43 -6.12865659093689062e-43
1.275271e+00  1.12018508324499714e-42  1.47354857715712889e-42 -1.66129380824645590e-42
1.283394e+00 -5.22717680407105896e-42 -6.48407302455879627e-42  1.05107594451343860e-41
1.291516e+00 -2.77415886746082361e-41 -3.60566747086014086e-41  4.41427932439950794e-41
1.299639e+00  6.68005269136626018e-41  8.11116703894557473e-41 -1.48158273061083853e-40
1.307762e+00  6.06054102395937890e-40  7.80705002907427213e-40 -1.01649147809174169e-39
1.315884e+00 -4.02890470897743937e-40 -4.31956860592503008e-40  1.33892657245025026e-39
1.324007e+00 -1.14896471576500043e-38 -1.46866931307359264e-38  2.01983761401324086e-38
1.332130e+00 -1.02620386259895954e-38 -1.45320338764210027e-38  6.89183361385278685e-39
1.340253e+00  1.82281083487552801e-37  2.31034030914846251e-37 -3.37747153430490709e-37
1.348375e+00  4.75183819483895498e-37  6.27689529545845949e-37 -6.74320038369342971e-37
1.356498e+00 -2.20540800367655653e-36 -2.75679205011511566e-36  4.43779712609967522e-36
1.364621e+00 -1.16656456254899590e-35 -1.51326247688266734e-35  1.88745363942302097e-35
1.372744e+00  1.35171329696580362e-35  1.59575711765807035e-35 -3.57050623741191733e-35
1.380866e+00  2.07895822244760025e-34  2.66858153369899832e-34 -3.62590345268962943e-34
1.388989e+00  2.03811993153955422e-34  2.82059326722956483e-34 -1.69617216354996276e-34
1.397112e+00 -2.70002918327029384e-33 -3.42892263297088219e-33  5.08490087424030266e-33
1.405235e+00 -8.63436410655110592e-33 -1.13032509716792834e-32  1.31068239610805319e-32
1.413357e+00  2.03103994325685928e-32  2.51428221528783842e-32 -4.50215966343499445e-32
1.421480e+00  1.66324538151509443e-31  2.14678723264234526e-31 -2.83585270745027014e-31
1.429603e+00  9.39163488716090532e-32  1.35257779385384353e-31 -1.62140397290840222e-32
1.437726e+00 -2.03365519028519965e-30 -2.59600127109170848e-30  3.79904100349352778e-30
1.445848e+00 -6.02325909583079201e-30 -7.89028697383714806e-30  9.13664994773844181e-30
1.453971e+00  1.19613039292752651e-29  1.48359915912280663e-29 -2.74459492889338825e-29
1.462094e+00  1.05818157244030179e-28  1.36677519756886769e-28 -1.83263617452305196e-28
1.470217e+00  1.14243618668661392e-28  1.54806017179465840e-28 -1.13585079406396665e-28
1.478339e+00 -1.00186749787154937e-27 -1.27786076571713070e-27  1.95020727369178414e-27
1.486462e+00 -3.94227804146710309e-27 -5.13769153190456815e-27  6.37313833045153083e-27
1.494585e+00  1.42183119302167884e-27  1.55110829935588460e-27 -6.19655062519687405e-27
1.502708e+00  4.89371420104310200e-26  6.30470069677441274e-26 -8.95309302757186122e-26
1.510830e+00  1.15680490060199409e-25  1.52109377037228760e-25 -1.71143183322895609e-25
1.518953e+00 -2.21998865231243132e-25 -2.78610886095714606e-25  5.18140691730601686e-25
1.527076e+00 -1.85645919031642188e-24 -2.40629149870005710e-24  3.27311967618771735e-24
1.535199e+00 -2.85478229047183254e-24 -3.79137915755137780e-24  3.68850505258825570e-24
1.543321e+00  1.10346084891323243e-23  1.40794502000730204e-23 -2.33266910301786517e-23
1.551444e+00  6.03116777065415379e-23  7.85002831950144893e-23 -1.03938362393404424e-22
1.559567e+00  6.56399230850698801e-23  8.80193883521752160e-23 -7.01114795028405139e-23
1.567690e+00 -3.89407951633211365e-22 -5.00351614061409628e-22  7.99168616800287612e-22
1.575812e+00 -1.76646940731544676e-21 -2.30557819177068911e-21  3.01854458704884856e-21
1.583935e+00 -1.66955776283124748e-21 -2.24562472207910315e-21  1.60106494347390416e-21
1.592058e+00  1.08893417400278835e-20  1.40423357416120293e-20 -2.24468356665628385e-20
1.600181e+00  4.76363190586460444e-20  6.22782359472530791e-20 -8.20693245680178775e-20
1.608303e+00  5.17305575853595231e-20  6.91488112102921038e-20 -5.68645027695811817e-20
1.616426e+00 -2.40713808312608925e-19 -3.10783221504676687e-19  5.16266331972264615e-19
1.624549e+00 -1.16844692608112437e-18 -1.52898078049483084e-18  2.06558689103514525e-18
1.632671e+00 -1.71501558097240369e-18 -2.27520780387024628e-18  2.29338783239871314e-18
1.640794e+00  3.73626364233890014e-18  4.80852844950194605e-18 -8.98360204865773517e-18
1.648917e+00  2.48161739698416590e-17  3.24876785600663582e-17 -4.58542106249129928e-17
1.657040e+00  5.09530876183071028e-17  6.72975608999309918e-17 -7.85476251048269413e-17
1.665162e+00 -1.68939891516765299e-17 -2.05255144290287672e-17  8.23135462390279337e-17
1.673285e+00 -4.12303459190298950e-16 -5.39653032496431735e-16  8.18902567943223556e-16
1.681408e+00 -1.20940045347975184e-15 -1.59437999404199734e-15  2.06890944256150278e-15
1.689531e+00 -1.15779430969834416e-15 -1.54871320016021261e-15  1.20317433185021349e-15
1.697653e+00  4.07511506158648679e-15  5.31510371148827055e-15 -9.56422510159380876e-15
1.705776e+00  2.05110921386099906e-14  2.70219070570601539e-14 -3.87372468192338657e-14
1.713899e+00  4.19559005590108425e-14  5.55957422749220464e-14 -6.77370480835668110e-14
1.722022e+00  1.56939790055864767e-14  2.15516201552014748e-14  8.98831846687621452e-15
1.730144e+00 -1.89011838867787289e-13 -2.48530320774908387e-13  4.20503292821151810e-13
1.738267e+00 -7.06422981390976979e-13 -9.34753933150737130e-13  1.33242556999682480e-12
1.746390e+00 -1.30516274993620111e-12 -1.73519085304657919e-12  2.11618908234486580e-12
1.754513e+00 -6.32576264230033691e-13 -8.58840984936350559e-13  2.57145394128522308e-14
1.762635e+00  4.42749767079668266e-12  5.84285046477028499e-12 -1.05663742329012021e-11
1.770758e+00  1.75827673379205219e-11  2.33444390035789137e-11 -3.50427521597071615e-11
1.778881e+00  3.73759439326497225e-11  4.98004848365524139e-11 -6.66641925825840377e-11
1.787004e+00  4.51582123842512674e-11  6.04661146773506140e-11 -6.40172475785859902e-11
1.795126e+00 -9.37855764696367870e-12 -1.18151850462742527e-11  7.30629452991766402e-11
1.803249e+00 -2.12120610138470723e-10 -2.82258118770241146e-10  5.03410230774960507e-10
1.811372e+00 -6.59630285804963217e-10 -8.81294889853648001e-10  1.38715382999864178e-09
1.819495e+00 -1.39806081124568863e-09 -1.87275510905509834e-09  2.75908605384096004e-09
1.827617e+00 -2.34796393357773292e-09 -3.15153993474723953e-09  4.36374302509160757e-09
1.835740e+00 -3.24974340660357209e-09 -4.36619516243740103e-09  5.46177092158632377e-09
1.843863e+00 -3.55928028305426116e-09 -4.77116480003919489e-09  4.31566179853556701e-09
1.851986e+00 -1.81745279443348375e-09 -2.36932886803360956e-09 -3.89437728054691427e-09
1.860108e+00  6.97529884390268600e-09  9.62858560853950822e-09 -3.41847045376353131e-08
1.868231e+00  3.95238680246428831e-08  5.37937114556694363e-08 -1.31911101867159209e-07
1.876354e+00  1.45653462640018064e-07  1.97288780510137673e-07 -4.22986527929796860e-07
1.884477e+00  4.58992131371762241e-07  6.20039894807331955e-07 -1.22909461585420993e-06
1.892599e+00  1.30909009397543536e-06  1.76553083560929242e-06 -3.31703790035190578e-06
1.900722e+00  3.45685416891165020e-06  4.65744379150180329e-06 -8.41311069673067414e-06
1.908845e+00  8.56590145540458221e-06  1.15336584752243160e-05 -2.02168328146207336e-05
1.916968e+00  2.01022803620091466e-05  2.70567269424534068e-05 -4.63084534900025125e-05
1.925090e+00  4.49705188281441888e-05  6.05158392553071086e-05 -1.01572791707359023e-04
1.933213e+00  9.63462015291481486e-05  1.29641178120665462e-04 -2.14058390197695216e-04
1.941336e+00  1.98343005531010079e-04  2.66892699891105810e-04 -4.34530804558272302e-04
1.949458e+00  3.93321442978944457e-04  5.29316716248577211e-04 -8.51291969917472948e-04
1.957581e+00  7.52738862040930692e-04  1.01319347885769147e-03 -1.61198610272093889e-03
1.965704e+00  1.39234416453004627e-03  1.87457784421619618e-03 -2.95387828529597744e-03
1.973827e+00  2.49208695121359283e-03  3.35626198799732298e-03 -5.24318975890201381e-03
1.981949e+00  4.32017910713949904e-03  5.82044699445615540e-03 -9.02220675029837861e-03
1.990072e+00  7.25919977245636366e-03  9.78433788422100256e-03 -1.50598405528333239e-02
1.998195e+00  1.18299767337863588e-02  1.59529751795030941e-02 -2.43971362708973356e-02
2.006318e+00  1.87064272084232347e-02  2.52401726069846448e-02 -3.83743449734098643e-02
2.014440e+00  2.87121108577567709e-02  3.87651261014357110e-02 -5.86215817907370512e-02
2.022563e+00  4.27877662401675643e-02  5.78102023862390318e-02 -8.69923751852840071e-02
2.030686e+00  6.19196273214539378e-02  8.37260290932010376e-02 -1.25420573419586900e-01
2.038809e+00  8.70218996152511276e-02  1.17774714154624829e-01 -1.75688078023854360e-01
2.046931e+00  1.18774072995093419e-01  1.60911724458382588e-01 -2.39104925297777104e-01
2.055054e+00  1.57424567250736086e-01  2.13521425990656988e-01 -3.16123944084849173e-01
2.063177e+00  2.02585127848279312e-01  2.75138661793349948e-01 -4.05936917554330867e-01
2.071300e+00  2.53052662752146884e-01  3.44205359548083623e-01 -5.06122747751126090e-01
2.079422e+00  3.06703090500375586e-01  4.17922001840916379e-01 -6.12433586794923435e-01
2.087545e+00  3.60501356271322293e-01  4.92253607519541447e-01 -7.18804938650272618e-01
2.095668e+00  4.10660257691414288e-01  5.62134835203968009e-01 -8.17654943963922687e-01
2.103791e+00  4.52957710336792996e-01  6.21888307882779934e-01 -9.00495376102524836e-01
2.111913e+00  4.83190515188336001e-01  6.65828108605853064e-01 -9.58817322908296243e-01
2.120036e+00  4.97708872608339348e-01  6.88974976685168272e-01 -9.85149374999462868e-01
2.128159e+00  4.93948340281933518e-01  6.87772422937946049e-01 -9.74130975278091560e-01
2.136282e+00  4.70863176194800837e-01  6.60675233339630630e-01 -9.23414480056867215e-01
2.144404e+00  4.29172853658886966e-01  6.08491541204480346e-01 -8.34218201178774210e-01
2.152527e+00  3.71362780056378794e-01  5.34398053925571714e-01 -7.11402396443808094e-01
2.160650e+00  3.01425688000212522e-01  4.43608330585046673e-01 -5.63023194219244516e-01
2.168773e+00  2.24381487838678118e-01  3.42742559500420874e-01 -3.99418282644634359e-01
2.176895e+00  1.45657875199514730e-01  2.39007136439595314e-01 -2.31969786765430674e-01
2.185018e+00  7.04403293458162882e-02  1.39328256598449413e-01 -7.17518205883571764e-02
2.193141e+00  3.10182745598115966e-03  4.95868761224675936e-02  7.17122868625752335e-02
2.201264e+00 -5.31999892773752717e-02 -2.59269259943685423e-02  1.91388548283788651e-01
2.209386e+00 -9.67103292225307692e-02 -8.47747771313361737e-02  2.83241544994246086e-01
2.217509e+00 -1.27047486844731661e-01 -1.26341653466378184e-01  3.46279157229661849e-01
2.225632e+00 -1.44993984767339573e-01 -1.51567638466969357e-01  3.82185801884845855e-01
2.233755e+00 -1.52172340274058016e-01 -1.62523574367541168e-01  3.94663864325085378e-01
2.241877e+00 -1.50676519405200382e-01 -1.61924733556291833e-01  3.88636140677427189e-01
2.250000e+00 -1.42721238728406363e-01 -1.52665316732590789e-01  3.69459492493843522e-01
2.258123e+00 -1.30352083727810319e-01 -1.37431430796040310e-01  3.42268272803581186e-01
2.266245e+00 -1.15237371222146140e-01 -1.18421071433689920e-01  3.11517713557910469e-01
2.274368e+00 -9.85441879678413124e-02 -9.71750617919051318e-02  2.80746044044164755e-01
2.282491e+00 -8.08897697589821829e-02 -7.45078320053565168e-02  2.52530989252560567e-01
2.290614e+00 -6.23558360599658704e-02 -5.05220860055837009e-02  2.28588263539498765e-01
2.298736e+00 -4.25555568906595613e-02 -2.46940445732483083e-02  2.09948494585481343e-01
2.306859e+00 -2.07470075443256553e-02  3.97854318247370994e-03  1.97152471263292134e-01
2.314982e+00  4.01028418217260190e-03  3.67697901380857825e-02  1.90418291392741690e-01
2.323105e+00  3.26602833291637223e-02  7.49662370392747551e-02  1.89752954163019572e-01
2.331227e+00  6.59273908954833981e-02  1.19568316622906304e-01  1.95000821361419663e-01
2.339350e+00  1.04085391419855899e-01  1.70979246357987724e-01  2.05838801710401392e-01
2.347473e+00  1.46748651182044193e-01  2.28721774854326876e-01  2.21740777887223295e-01
2.355596e+00  1.92722962280074128e-01  2.91233061972379581e-01  2.41940248251545476e-01
2.363718e+00  2.39953761052485892e-01  3.55788756542562035e-01  2.65419661884591929e-01
2.371841e+00  2.85600588904976416e-01  4.18595787694095500e-01  2.90947542941791426e-01
2.379964e+00  3.26248627273641456e-01  4.75069441066778009e-01  3.17171374269047956e-01
2.388087e+00  3.58243788858951362e-01  5.20277710822127037e-01  3.42757805411142591e-01
2.396209e+00  3.78112449611375745e-01  5.49501723047398860e-01  3.66555671790722459e-01
2.404332e+00  3.83006782886418151e-01  5.58833707566933180e-01  3.87745645086517321e-01
2.412455e+00  3.71107304423624440e-01  5.45720987291581139e-01  4.05936687610597480e-01
2.420578e+00  3.41918544454616835e-01  5.09369729380968361e-01  4.21175967315944755e-01
2.428700e+00  2.96411008882887683e-01  4.50944892514160811e-01  4.33855275763621429e-01
2.436823e+00  2.36988606910860100e-01  3.73537396299744806e-01  4.44520365214094104e-01
2.444946e+00  1.67289204002392194e-01  2.81907613089840470e-01  4.53614830333922636e-01
2.453069e+00  9.18504585467091184e-02  1.82047181828005639e-01  4.61211005680580266e-01
2.461191e+00  1.56889643118349707e-02  8.06225855412209119e-02  4.66791125778558746e-01
2.469314e+00 -5.61537379104553869e-02 -1.56283951773674400e-02  4.69138932407336062e-01
2.477437e+00 -1.19048193417838968e-01 -1.00480635326181109e-01  4.66384260950291174e-01
2.485560e+00 -1.69156245897599172e-01 -1.68731399649688224e-01  4.56213636457676597e-01
2.493682e+00 -2.03722828451202098e-01 -2.16596066952907534e-01  4.36224436298526641e-01
2.501805e+00 -2.21261338842276029e-01 -2.41964005060315845e-01  4.04366501659651378e-01
2.509928e+00 -2.21622586546573436e-01 -2.44500536870137286e-01  3.59391086813601712e-01
2.518051e+00 -2.05945274466982298e-01 -2.25591395568114195e-01  3.01218859547354889e-01
2.526173e+00 -1.76494256915332048e-01 -1.88136995935577950e-01  2.31149139808602466e-01
2.534296e+00 -1.36402270620938765e-01 -1.36216460941697759e-01  1.51860268257222736e-01
2.542419e+00 -8.93410942391621443e-02 -7.46551698827354615e-02  6.71903115553133534e-02
2.550542e+00 -3.91574091365563259e-02 -8.54230420428939499e-03 -1.82703516703334803e-02
2.558664e+00  1.04855278133494361e-02  5.72469661318769987e-02 -9.97070936892816978e-02
2.566787e+00  5.64192456873885764e-02  1.18469545874576837e-01 -1.72640687003352084e-01
2.574910e+00  9.62001249264037572e-02  1.71826356500341171e-01 -2.33426684127056278e-01
2.583032e+00  1.28236757150545666e-01  2.15138771182650901e-01 -2.79618577310425553e-01
2.591155e+00  1.51809684646749404e-01  2.47382060474848342e-01 -3.10148827762250889e-01
2.599278e+00  1.66995124879211310e-01  2.68590458863236681e-01 -3.25318382080737045e-01
2.607401e+00  1.74517319680790872e-01  2.79666031707889562e-01 -3.26619805924657558e-01
2.615523e+00  1.75561223196371796e-01  2.82133216878075577e-01 -3.16444530358607867e-01
2.623646e+00  1.71577533117324155e-01  2.77881576731479119e-01 -2.97736719039929487e-01
2.631769e+00  1.64106466814304686e-01  2.68932059071421037e-01 -2.73654261790320652e-01
2.639892e+00  1.54637336046593660e-01  2.57249761068279126e-01 -2.47283942431933884e-01
2.648014e+00  1.44510524299189036e-01  2.44612330497351482e-01 -2.21437578831200271e-01
2.656137e+00  1.34859299434026220e-01  2.32530905598036908e-01 -1.98534144548019265e-01
2.664260e+00  1.26582608363952215e-01  2.22212054271378801e-01 -1.80554102023231799e-01
2.672383e+00  1.20337252345298379e-01  2.14545425060911010e-01 -1.69039543283544091e-01
2.680505e+00  1.16538423910462596e-01  2.10102517466165178e-01 -1.65108790085010532e-01
2.688628e+00  1.15360698309067061e-01  2.09136067840737044e-01 -1.69456915822001508e-01
2.696751e+00  1.16736127397361139e-01  2.11575589258677699e-01 -1.82323085031030035e-01
2.704874e+00  1.20350944218077488e-01  2.17021082476824695e-01 -2.03419682650029854e-01
2.712996e+00  1.25646483519781749e-01  2.24742421061506326e-01 -2.31834324614443504e-01
2.721119e+00  1.31832333810406432e-01  2.33695166595821707e-01 -2.65930876113270487e-01
2.729242e+00  1.37919794554902803e-01  2.42563689721842030e-01 -3.03286120127079895e-01
2.737365e+00  1.42781164804371336e-01  2.49839109226544703e-01 -3.40701567373985659e-01
2.745487e+00  1.45235534422327728e-01  2.53933099876107571e-01 -3.74323061822533332e-01
2.753610e+00  1.44155491145694342e-01  2.53320258653114028e-01 -3.99884217867755187e-01
2.761733e+00  1.38582927306263759e-01  2.46693362897251800e-01 -4.13065644749373906e-01
2.769856e+00  1.27837616322525965e-01  2.33109754358737736e-01 -4.09935082389801586e-01
2.777978e+00  1.11600927400342484e-01  2.12105245607483089e-01 -3.87410296215004224e-01
2.786101e+00  8.99597698830127412e-02  1.83755471166068218e-01 -3.43673160825421209e-01
2.794224e+00  6.34023870720987204e-02  1.48673225803931414e-01 -2.78464212760372698e-01
2.802347e+00  3.27666383642255393e-02  1.07942315625288637e-01 -1.93203134250951480e-01
2.810469e+00 -8.49226850182098784e-04  6.30009474447259937e-02 -9.09093312020164690e-02
2.818592e+00 -3.61960116864455880e-02  1.54974701082786145e-02  2.40681771283941560e-02
2.826715e+00 -7.19827190580163007e-02 -3.28543108156173144e-02  1.46468941791633861e-01
2.834838e+00 -1.06966678243916466e-01 -8.03952679118871139e-02  2.70620647811137149e-01
2.842960e+00 -1.40012286959229709e-01 -1.25599911184574614e-01  3.90943770123190981e-01
2.851083e+00 -1.70115248023767596e-01 -1.67109777787216918e-01  5.02391283837427594e-01
2.859206e+00 -1.96398805695718270e-01 -2.03729662926030619e-01  6.00772928365784220e-01
2.867329e+00 -2.18095869021613875e-01 -2.34404986377393931e-01  6.82940793366860421e-01
2.875451e+00 -2.34534003592079182e-01 -2.58202812640183410e-01  7.46841037784440664e-01
2.883574e+00 -2.45138168846557675e-01 -2.74316362007384407e-01  7.91458915782368821e-01
2.891697e+00 -2.49459239675893951e-01 -2.82103844053263941e-01  8.16696659965485128e-01
2.899819e+00 -2.47226508047554333e-01 -2.81159382034660621e-01  8.23224863250057837e-01
2.907942e+00 -2.38412119203518819e-01 -2.71400126000223396e-01  8.12339416347256704e-01
2.916065e+00 -2.23287660285140077e-01 -2.53143241243591610e-01  7.85841537721600036e-01
2.924188e+00 -2.02450392148594976e-01 -2.27142672631139714e-01  7.45942703044801703e-01
2.932310e+00 -1.76800321638180852e-01 -1.94560372034181223e-01  6.95183771964719810e-01
2.940433e+00 -1.47459295160456388e-01 -1.56859885030156743e-01  6.36351333545847941e-01
2.948556e+00 -1.15637658778730251e-01 -1.15629342696041720e-01  5.72375236304284662e-01
2.956679e+00 -8.24694062467597189e-02 -7.23615203424468612e-02  5.06198430673908684e-01
2.964801e+00 -4.88489892730564618e-02 -2.82351742875525009e-02  4.40621118475016227e-01
2.972924e+00 -1.53082462990812261e-02  1.60508320680361333e-02  3.78132477333236627e-01
2.981047e+00  1.80321944826345171e-02  6.03443371670098205e-02  3.20751680583559518e-01
2.989170e+00  5.14162668291365810e-02  1.04979327535403941e-01  2.69903222269931464e-01
2.997292e+00  8.53103829310249834e-02  1.50587178007291295e-01  2.26348728542160593e-01
3.005415e+00  1.20188675497870615e-01  1.97809617063251508e-01  1.90189015172208320e-01
3.013538e+00  1.56287982724731322e-01  2.46969859355954474e-01  1.60937939181519551e-01
3.021661e+00  1.93386141070010203e-01  2.97773574355771120e-01  1.37656294998485002e-01
3.029783e+00  2.30656474024352409e-01  3.49110796307507465e-01  1.19122657851349886e-01
3.037906e+00  2.66638402416013220e-01  3.99012828972846789e-01  1.04011350188256052e-01
3.046029e+00  2.99341412913508187e-01  4.44788013459869791e-01  9.10472975564066561e-02
3.054152e+00  3.26472152842441410e-01  4.83323483250354125e-01  7.91137894330635888e-02
3.062274e+00  3.45748283211588625e-01  5.11504896121363073e-01  6.73008901691008049e-02
3.070397e+00  3.55243714425499957e-01  5.26680391634378964e-01  5.48968620232790153e-02
3.078520e+00  3.53702089441864598e-01  5.27084247541864448e-01  4.13389676511534479e-02
3.086643e+00  3.40760417007089533e-01  5.12142053858403168e-01  2.61498902881793539e-02
3.094765e+00  3.17041347517861671e-01  4.82601101639576091e-01  8.88913496495535166e-03
3.102888e+00  2.84097095875675165e-01  4.40462295172534823e-01 -1.08558625436487328e-02
3.111011e+00  2.44215316396648174e-01  3.88726404341423359e-01 -3.34256923389813984e-02
3.119134e+00  2.00121835709182266e-01  3.31000537534429373e-01 -5.89944274717332309e-02
3.127256e+00  1.54632376519995257e-01  2.71034050802262227e-01 -8.74429656903528696e-02
3.135379e+00  1.10312318584236624e-01  2.12262724072351638e-01 -1.18230870535592961e-01
3.143502e+00  6.91994113354127277e-02  1.57434882989685915e-01 -1.50302749413323472e-01
3.151625e+00  3.26306392168100798e-02  1.08375124803807718e-01 -1.82062352993280191e-01
3.159747e+00  1.19436552253965062e-03  6.59146786257464867e-02 -2.11436874464041191e-01
3.167870e+00 -2.51933633462728471e-02  2.99877706206150077e-02 -2.36037564908103042e-01
3.175993e+00 -4.71096824690312999e-02 -1.33713237107279678e-04 -2.53404196501610335e-01
3.184116e+00 -6.53791297970632568e-02 -2.55150086123609073e-02 -2.61303900906451669e-01
3.192238e+00 -8.08050656541719897e-02 -4.72009205714851651e-02 -2.58042759025572388e-01
3.200361e+00 -9.39223825601030599e-02 -6.58847885135539768e-02 -2.42743336933795156e-01
3.208484e+00 -1.04809693781500082e-01 -8.16552220786208871e-02 -2.15543814822040103e-01
3.216606e+00 -1.12989246724580383e-01 -9.38588225226972134e-02 -1.77683644668470614e-01
3.224729e+00 -1.17431024951765647e-01 -1.01101534920315372e-01 -1.31454875581894559e-01
3.232852e+00 -1.16665463375847642e-01 -1.01395290036395538e-01 -8.00150134834373417e-02
3.240975e+00 -1.08997537344522236e-01 -9.24410325621368850e-02 -2.70743783841689324e-02
3.249097e+00 -9.28035059914453786e-02 -7.20238279923274965e-02  2.35131438229259568e-02
3.257220e+00 -6.68798273070964205e-02 -3.84798692875101336e-02  6.82132314064819861e-02
3.265343e+00 -3.08018012953912602e-02  8.82101435059498042e-03  1.04274405583179991e-01
3.273466e+00  1.47612592044240754e-02  6.90484397099297709e-02  1.30130535065506564e-01
3.281588e+00  6.78341099715668167e-02  1.39620435004407961e-01  1.45680025669845031e-01
3.289711e+00  1.25085114401006364e-01  2.16126926972784822e-01  1.52385586902870990e-01
3.297834e+00  1.81982064623190859e-01  2.92528909486451827e-01  1.53155333420547657e-01
3.305957e+00  2.33172314151228660e-01  3.61658888246494892e-01  1.51994135138247805e-01
3.314079e+00  2.73067002298938544e-01  4.15997055467310972e-01  1.53451502133896689e-01
3.322202e+00  2.96565615488271372e-01  4.48639087927638347e-01  1.61933190729489918e-01
3.330325e+00  2.99817890966162293e-01  4.54318263623005814e-01  1.80979359283427815e-01
3.338448e+00  2.80895863437704563e-01  4.30311191583957975e-01  2.12632514088596791e-01
3.346570e+00  2.40248461612435737e-01  3.77054746610969937e-01  2.57015498415986032e-01
3.354693e+00  1.80838291196630058e-01  2.98337084405618569e-01  3.12210127323026665e-01
3.362816e+00  1.07912077286324154e-01  2.00994021036734222e-01  3.74474351797755456e-01
3.370939e+00  2.84228840842448739e-02  9.41306186220908642e-02  4.38770416449001721e-01
3.379061e+00 -4.98107528604882083e-02 -1.20226981877380786e-02  4.99513225102568792e-01
3.387184e+00 -1.19071655590804446e-01 -1.07440268257613006e-01  5.51402506442888463e-01
3.395307e+00 -1.72674985488680738e-01 -1.83604229006628789e-01  5.90185988549686735e-01
3.403430e+00 -2.05710110522480033e-01 -2.34576298041434123e-01  6.13217912071109761e-01
3.411552e+00 -2.15479892229694658e-01 -2.57683376582220347e-01  6.19723428962498879e-01
3.419675e+00 -2.01585763653344935e-01 -2.53738514652420755e-01  6.10742935753820437e-01
3.427798e+00 -1.65676823103745624e-01 -2.26803723274971308e-01  5.88795345297152939e-01
3.435921e+00 -1.10943747170389490e-01 -1.83575102541458979e-01  5.57350291644733375e-01
3.444043e+00 -4.14806378603724685e-02 -1.32518778955344779e-01  5.20225459242746102e-01
3.452166e+00  3.83479609695990334e-02 -8.29012666355699868e-02  4.81023035226425866e-01
3.460289e+00  1.24413146782184680e-01 -4.38423374816660633e-02  4.42692709444480248e-01
3.468412e+00  2.13119272503052848e-01 -2.34822441316598352e-02  4.07267468125247334e-01
3.476534e+00  3.01466398336746044e-01 -2.83122071705642388e-02  3.75774931557673830e-01
3.484657e+00  3.86907876922606031e-01 -6.26810008507601574e-02  3.48292334113260049e-01
3.492780e+00  4.67079950927005272e-01 -1.28470213453252158e-01  3.24094504618826662e-01
3.500903e+00  5.39506610368832851e-01 -2.24928284793246808e-01  3.01842905466153055e-01
3.509025e+00  6.01384031351926862e-01 -3.48663681433884487e-01  2.79776309788168587e-01
3.517148e+00  6.49525354405812050e-01 -4.93810808983717542e-01  2.55883132803419122e-01
3.525271e+00  6.80504516879614219e-01 -6.52387886364081737e-01  2.28054141819079681e-01
3.533394e+00  6.90987528677933782e-01 -8.14856656186293327e-01  1.94226258950847636e-01
3.541516e+00  6.78192792767487229e-01 -9.70868228081308127e-01  1.52530672367394926e-01
3.549639e+00  6.40389426749271240e-01 -1.11014308445120835e+00  1.01452279045116167e-01
3.557762e+00  5.77330916581803466e-01 -1.22339688309173944e+00  3.99961067580418481e-02
3.565884e+00  4.90532450418657950e-01 -1.30319920603422856e+00 -3.21554977981796594e-02
3.574007e+00  3.83330170179689178e-01 -1.34464925259675128e+00 -1.14519178810966057e-01
3.582130e+00  2.60701464800437432e-01 -1.34577423721639433e+00 -2.05746167984580369e-01
3.590253e+00  1.28867650621378282e-01 -1.30759936465750415e+00 -3.03637367971841821e-01
3.598375e+00 -5.26487650391866541e-03 -1.23389301682727770e+00 -4.05246841886650166e-01
3.606498e+00 -1.34747529914621966e-01 -1.13064425352590892e+00 -5.07068447990134286e-01
3.614621e+00 -2.53232781129101192e-01 -1.00536946685675654e+00 -6.05286584355524626e-01
3.622744e+00 -3.55541278149195950e-01 -8.66362520174254191e-01 -6.96061658572243558e-01
3.630866e+00 -4.38092720098149091e-01 -7.21995471525510468e-01 -7.75816072102695764e-01
3.638989e+00 -4.99161169937510696e-01 -5.80148903824924789e-01 -8.41487958547947668e-01
3.647112e+00 -5.38936873395421734e-01 -4.47810734461043580e-01 -8.90726902690897826e-01
3.655235e+00 -5.59396491634280735e-01 -3.30841170542425678e-01 -9.22016405989395382e-01
3.663357e+00 -5.64001330331622475e-01 -2.33869432226439189e-01 -9.34719287380634034e-01
3.671480e+00 -5.57258740841968692e-01 -1.60271809436048185e-01 -9.29051918518365105e-01
3.679603e+00 -5.44195163811149185e-01 -1.12182417958452921e-01 -9.05999425719164142e-01
3.687726e+00 -5.29799130924704875e-01 -9.05044351104821593e-02 -8.67186377831418942e-01
3.695848e+00 -5.18496923283394473e-01 -9.49135128383055970e-02 -8.14717117082624509e-01
3.703971e+00 -5.13720385562866477e-01 -1.23867800408806239e-01 -7.50998768668274308e-01
3.712094e+00 -5.17614461744842380e-01 -1.74652945652711333e-01 -6.78559960280715746e-01
3.720217e+00 -5.30912073745238300e-01 -2.43491284543649683e-01 -5.99880186771377444e-01
3.728339e+00 -5.52978933749456170e-01 -3.25732375106034533e-01 -5.17247759867688783e-01
3.736462e+00 -5.82005430442236293e-01 -4.16121543103394442e-01 -4.32666143893199961e-01
3.744585e+00 -6.15302110583745510e-01 -5.09121305212392183e-01 -3.47826392621005842e-01
3.752708e+00 -6.49643869045256284e-01 -5.99244791740147664e-01 -2.64155351472964262e-01
3.760830e+00 -6.81608006877756800e-01 -6.81355820239636922e-01 -1.82935269068036310e-01
3.768953e+00 -7.07862266603960455e-01 -7.50898517355998329e-01 -1.05472977682372626e-01
3.777076e+00 -7.25377586880629588e-01 -8.04037691088747231e-01 -3.32803707590347830e-02
3.785199e+00 -7.31561629455516171e-01 -8.37713773063868961e-01  3.17822553197227367e-02
3.793321e+00 -7.24327704909449421e-01 -8.49636203943881618e-01  8.74481023212668324e-02
3.801444e+00 -7.02125183587158253e-01 -8.38250809476019709e-01  1.31106635391437548e-01
3.809567e+00 -6.63959584207789777e-01 -8.02716951089462394e-01  1.59999861487476580e-01
3.817690e+00 -6.09423654953980765e-01 -7.42919463859611384e-01  1.71536060269710799e-01
3.825812e+00 -5.38747647441198962e-01 -6.59522198275214078e-01  1.63677045243513897e-01
3.833935e+00 -4.52861901303797221e-01 -5.54049885027894651e-01  1.35334694412792722e-01
3.842058e+00 -3.53452357601950540e-01 -4.28968841676007073e-01  8.67046928925310767e-02
3.850181e+00 -2.42983272605900469e-01 -2.87729188540248038e-01  1.94722394787684681e-02
3.858303e+00 -1.24662868961675222e-01 -1.34733720064058982e-01 -6.31555083044697124e-02
3.866426e+00 -2.33633647670828358e-03  2.47894864150731246e-02 -1.56606655929459798e-01
3.874549e+00  1.19696087517734084e-01  1.85015588671186559e-01 -2.55276478242504823e-01
3.882671e+00  2.36923952723287368e-01  3.39838083401009350e-01 -3.52991539777014696e-01
3.890794e+00  3.44910760074699563e-01  4.83239981765813287e-01 -4.43545131352875932e-01
3.898917e+00  4.39587523063083463e-01  6.09681423064497574e-01 -5.21236465713741159e-01
3.907040e+00  5.17525434812864060e-01  7.14462983242655114e-01 -5.81350950796434507e-01
3.915162e+00  5.76161923314037039e-01  7.94029598973345574e-01 -6.20532462869348045e-01
3.923285e+00  6.13961609385175633e-01  8.46189528758892529e-01 -6.37016586108513527e-01
3.931408e+00  6.30501077580449931e-01  8.70232747047836042e-01 -6.30711941654338970e-01
3.939531e+00  6.26472242064333273e-01  8.66941221331489542e-01 -6.03131920790182074e-01
3.947653e+00  6.03603199329251328e-01  8.38489172838925545e-01 -5.57190283296719158e-01
3.955776e+00  5.64498984669893344e-01  7.88236146746971844e-01 -4.96882044095614206e-01
3.963899e+00  5.12409460087946855e-01  7.20422035415432593e-01 -4.26877782146424578e-01
3.972022e+00  4.50939094919794170e-01  6.39783137150209624e-01 -3.52066632778953892e-01
3.980144e+00  3.83723601964291672e-01  5.51121955211200110e-01 -2.77090973649739503e-01
3.988267e+00  3.14109213883274951e-01  4.58878102108962793e-01 -2.05922427737025904e-01
3.996390e+00  2.44878155013275034e-01  3.66758464052889921e-01 -1.41531003092605662e-01
4.004513e+00  1.78064486898695085e-01  2.77486131109699330e-01 -8.56934389367210725e-02
4.012635e+00  1.14895095801480621e-01  1.92715505029369127e-01 -3.89710368153071904e-02
4.020758e+00  5.58709135958899705e-02  1.13135000391643745e-01 -8.62174600259871704e-04
4.028881e+00  9.76595994284340432e-04  3.87428650996482701e-02  2.98956068077595484e-02
4.037004e+00 -5.00212549803455420e-02 -3.07562553805942503e-02  5.49279783648688666e-02
4.045126e+00 -9.72494007612036138e-02 -9.55165709223296383e-02  7.58048581106323810e-02
4.053249e+00 -1.40448630043911810e-01 -1.55174512813149451e-01  9.36798067697462294e-02
4.061372e+00 -1.78805304870145398e-01 -2.08618783756505083e-01  1.09055866731266896e-01
4.069495e+00 -2.10937439699528717e-01 -2.53966898530531282e-01  1.21719202014526670e-01
4.077617e+00 -2.35046092591277345e-01 -2.88764200872391297e-01  1.30846175444124940e-01
4.085740e+00 -2.49206550931777709e-01 -3.10372515141813132e-01  1.35253337263450124e-01
4.093863e+00 -2.51742613866215381e-01 -3.16473233137496590e-01  1.33731787306337974e-01
4.101986e+00 -2.41608473865753404e-01 -3.05583633377482289e-01  1.25393741043695717e-01
4.110108e+00 -2.18700423077438838e-01 -2.77481370156781204e-01  1.09962093681485365e-01
4.118231e+00 -1.84034939171000611e-01 -2.33450714627466860e-01  8.79511269962556241e-02
4.126354e+00 -1.39756841693856659e-01 -1.76300366936501196e-01  6.07125537952186989e-02
4.134477e+00 -8.89746329879928521e-02 -1.10147785733396550e-01  3.03486225890653508e-02
4.142599e+00 -3.54523506705298960e-02 -4.00088393452561128e-02 -4.83504004283825028e-04
4.150722e+00  1.67883809729308109e-02  2.87349412027854134e-02 -2.88384499193453797e-02
4.158845e+00  6.38902449224936358e-02  9.09021746945013892e-02 -5.17791339762770850e-02
4.166968e+00  1.02541535297511269e-01  1.42022443967561557e-01 -6.66658939505896248e-02
4.175090e+00  1.30265470011696999e-01  1.78721435855556582e-01 -7.14091824044004037e-02
4.183213e+00  1.45587152756204541e-01  1.98937933570182107e-01 -6.46654913112052893e-02
4.191336e+00  1.48071759370971140e-01  2.01962376895166273e-01 -4.59633147214568230e-02
4.199458e+00  1.38249420002166945e-01  1.88316223156249213e-01 -1.57513466551906303e-02
4.207581e+00  1.17458264755115824e-01  1.59513102058570916e-01  2.46340338981723452e-02
4.215704e+00  8.76449953519733149e-02  1.17754052868862286e-01  7.30790109245996050e-02
4.223827e+00  5.11617462215896851e-02  6.56097679386740962e-02  1.26869524923986343e-01
4.231949e+00  1.05901098013643554e-02  5.73462602597638819e-03  1.82915657256848552e-01
4.240072e+00 -3.13896188354815669e-02 -5.93564383043434507e-02  2.37995502990597796e-01
4.248195e+00 -7.20807104184041508e-02 -1.27432939651326876e-01  2.88986731482014647e-01
4.256318e+00 -1.08814251327433623e-01 -1.96615033277198981e-01  3.33056074972136407e-01
4.264440e+00 -1.38975919235647005e-01 -2.65371427600154308e-01  3.67785844778562299e-01
4.272563e+00 -1.60040404998047059e-01 -3.32466354830417088e-01  3.91230784561737377e-01
4.280686e+00 -1.69636853184147340e-01 -3.96875409970730508e-01  4.01914753786278500e-01
4.288809e+00 -1.65660936699841554e-01 -4.57689157844263006e-01  3.98790565326221591e-01
4.296931e+00 -1.46436839841877720e-01 -5.14020501599620760e-01  3.81193839519814615e-01
4.305054e+00 -1.10917835131576242e-01 -5.64928276915414584e-01  3.48820662209453680e-01
4.313177e+00 -5.89001903658605622e-02 -6.09366349215894387e-01  3.01749176384547513e-01
4.321300e+00  8.78521988985690207e-03 -6.46164975886032722e-01  2.40509410599314299e-01
4.329422e+00  9.01435518636789085e-02 -6.74049041439422791e-01  1.66187795121161941e-01
4.337545e+00  1.81985688682766988e-01 -6.91695257941560948e-01  8.05376659763858416e-02
4.345668e+00  2.80023114404938822e-01 -6.97826801929796403e-01 -1.39413574969469798e-02
4.353791e+00  3.79097246165449542e-01 -6.91338797033400065e-01 -1.13991606880383262e-01
4.361913e+00  4.73532203364534388e-01 -6.71441935423242708e-01 -2.15679973736865482e-01
4.370036e+00  5.57579742365839959e-01 -6.37805538430201824e-01 -3.14584975950465695e-01
4.378159e+00  6.25908558172605045e-01 -5.90677211307886640e-01 -4.06078427457061075e-01
4.386282e+00  6.74080456033036346e-01 -5.30955708661225878e-01 -4.85672979315023345e-01
4.394404e+00  6.98954930224398141e-01 -4.60197868564281742e-01 -5.49392884965785977e-01
4.402527e+00  6.98971757397521376e-01 -3.80549562418606269e-01 -5.94119054292414406e-01
4.410650e+00  6.74276954783663229e-01 -2.94603271417556711e-01 -6.17861750021829192e-01
4.418773e+00  6.26678144152760463e-01 -2.05198673523504183e-01 -6.19924346003650428e-01
4.426895e+00  5.59437511673003818e-01 -1.15194379696129182e-01 -6.00937216062187640e-01
4.435018e+00  4.76930635910029155e-01 -2.72457095745833912e-02 -5.62759062836885371e-01
4.443141e+00  3.84214577685444647e-01  5.63768435623122621e-02 -5.08260687321230975e-01
4.451264e+00  2.86556989260454198e-01  1.33901398894541279e-01 -4.41020620837487609e-01
4.459386e+00  1.88979078474553808e-01  2.04087125842776718e-01 -3.64971308189061427e-01
4.467509e+00  9.58596746484820378e-02  2.66178040640404734e-01 -2.84037806029815321e-01
4.475632e+00  1.06368257560167864e-02  3.19796192238545773e-01 -2.01808434193532338e-01
4.483755e+00 -6.43708096247470191e-02  3.64802988043417986e-01 -1.21269518341097157e-01
4.491877e+00 -1.28016015886018714e-01  4.01161121017146738e-01 -4.46258859756068355e-02
4.500000e+00 -1.80256668066717807e-01  4.28825742123041920e-01  2.67830203210432834e-02
4.508123e+00 -2.21991714670347062e-01  4.47683649933567629e-01  9.24728910899866585e-02
4.516245e+00 -2.54829114051255634e-01  4.57546329572532995e-01  1.52721130293166085e-01
4.524368e+00 -2.80819552576509424e-01  4.58190256447725541e-01  2.08408046469310410e-01
4.532491e+00 -3.02188974464665139e-01  4.49429112576654577e-01  2.60814305901210519e-01
4.540614e+00 -3.21097576156118947e-01  4.31199208594812089e-01  3.11397474802473317e-01
4.548736e+00 -3.39444201443826310e-01  4.03641434389174325e-01  3.61569525091999300e-01
4.556859e+00 -3.58724897316296254e-01  3.67168830846659244e-01  4.12494772540859977e-01
4.564982e+00 -3.79944896575627300e-01  3.22515806110761583e-01  4.64924417040009585e-01
4.573105e+00 -4.03576384256677245e-01  2.70770518668668747e-01  5.19079995271211514e-01
4.581227e+00 -4.29551255702237067e-01  2.13394249825359095e-01  5.74593776840953141e-01
4.589350e+00 -4.57278815921117965e-01  1.52230258136174273e-01  6.30509498467602736e-01
4.597473e+00 -4.85682072426885159e-01  8.95005838659342495e-02  6.85341938830978492e-01
4.605596e+00 -5.13251252449762108e-01  2.77844294331130517e-02  7.37188925992481536e-01
4.613718e+00 -5.38117517076878937e-01 -3.00317980470296807e-02  7.83884856320757994e-01
4.621841e+00 -5.58151973197598461e-01 -8.08432726884277392e-02  8.23181226457665671e-01
4.629964e+00 -5.71094187577443013e-01 -1.21461745722389158e-01  8.52937539796831512e-01
4.638087e+00 -5.74710608724245731e-01 -1.48797699683737406e-01  8.71305542385380938e-01
4.646209e+00 -5.66977537129571552e-01 -1.60082117186939904e-01  8.76891066457887280e-01
4.654332e+00 -5.46276960645496135e-01 -1.53111529819545789e-01  8.68880511055396765e-01
4.662455e+00 -5.11588152252349215e-01 -1.26492699116674295e-01  8.47122648782885901e-01
4.670578e+00 -4.62654582458539576e-01 -7.98588448237177173e-02  8.12160424591819474e-01
4.678700e+00 -4.00105111786666467e-01 -1.40285878999811594e-02  7.65211221969220312e-01
4.686823e+00 -3.25510773575812817e-01  6.89180837919187439e-02  7.08097469616838726e-01
4.694946e+00 -2.41363495326322314e-01  1.65665803718625659e-01  6.43132461248946519e-01
4.703069e+00 -1.50970324191657540e-01  2.71801136185944370e-01  5.72969035101483004e-01
4.711191e+00 -5.82654258969469430e-02  3.82059001228240491e-01  5.00421480632823323e-01
4.719314e+00  3.24485242653469314e-02  4.90663589441882098e-01  4.28273718943420978e-01
4.727437e+00  1.16808935628985200e-01  5.91737164627984091e-01  3.59089173455258592e-01
4.735560e+00  1.90723726749642497e-01  6.79740056676889082e-01  2.95039248893100237e-01
4.743682e+00  2.50690547234482697e-01  7.49898433728498737e-01  2.37767251711435035e-01
4.751805e+00  2.94070600875059429e-01  7.98574483459745021e-01  1.88302286845159511e-01
4.759928e+00  3.19286121064228212e-01  8.23537386036471086e-01  1.47032885181155953e-01
4.768051e+00  3.25918285361254667e-01  8.24103155453147829e-01  1.13743138924499942e-01
4.776173e+00  3.14693891609903798e-01  8.01126325122290761e-01  8.77058561297185124e-02
4.784296e+00  2.87362997660430497e-01  7.56844789568214549e-01  6.78191136179167042e-02
4.792419e+00  2.46483910278621210e-01  6.94598256779953349e-01  5.27662296033114472e-02
4.800542e+00  1.95144114413048547e-01  6.18457634210017426e-01  4.11760418919055529e-02
4.808664e+00  1.36653874855427737e-01  5.32814319705680495e-01  3.17613290864548897e-02
4.816787e+00  7.42518511479951376e-02  4.41982610558832090e-01  2.34182648466910517e-02
4.824910e+00  1.08586075699647969e-02  3.49864355461091403e-01  1.52780354145340240e-02
4.833032e+00 -5.10950955027881723e-02  2.59713146413191542e-01  6.71149232189661299e-03
4.841155e+00 -1.09751346090977420e-01  1.74017822378735587e-01 -2.70312939930102396e-03
4.849278e+00 -1.63820332009909947e-01  9.45049519842898200e-02 -1.32328145345947303e-02
4.857401e+00 -2.12502601234850069e-01  2.22408687665156327e-02 -2.50435040435747561e-02
4.865523e+00 -2.55363827669741361e-01 -4.22008883258799955e-02 -3.82377410660566311e-02
4.873646e+00 -2.92193228828080409e-01 -9.85487310527609489e-02 -5.28650096068037714e-02
4.881769e+00 -3.22876524003458676e-01 -1.46660597134736559e-01 -6.89021724939957309e-02
4.889892e+00 -3.47308396518517415e-01 -1.86403902421038242e-01 -8.62106396980841516e-02
4.898014e+00 -3.65359124613547082e-01 -2.17608042300514198e-01 -1.04484580282276335e-01
4.906137e+00 -3.76897461526462807e-01 -2.40092724710898681e-01 -1.23208835984402743e-01
4.914260e+00 -3.81859450781176279e-01 -2.53758734669128017e-01 -1.41645139729029673e-01
4.922383e+00 -3.80343030238473823e-01 -2.58714423652753711e-01 -1.58860682830348987e-01
4.930505e+00 -3.72702815294922551e-01 -2.55403711451374804e-01 -1.73804876422648358e-01
4.938628e+00 -3.59619260154458831e-01 -2.44700920806611044e-01 -1.85429959147451306e-01
4.946751e+00 -3.42121327385239371e-01 -2.27944182175610577e-01 -1.92840986624766730e-01
4.954874e+00 -3.21550719984737055e-01 -2.06890979017739590e-01 -1.95452781061697334e-01
4.962996e+00 -2.99466803983485463e-01 -1.83594214710430248e-01 -1.93127303989055976e-01
4.971119e+00 -2.77502420916356907e-01 -1.60212093739886208e-01 -1.86265594241989768e-01
4.979242e+00 -2.57189838670695170e-01 -1.38777400368017362e-01 -1.75833923483003918e-01
4.987365e+00 -2.39781609896964565e-01 -1.20959380745350897e-01 -1.63313278593360756e-01
4.995487e+00 -2.26092351132791441e-01 -1.07853354820523967e-01 -1.50573050868235137e-01
5.003610e+00 -2.16384503314769827e-01 -9.98294724866867073e-02 -1.39681823882310235e-01
5.011733e+00 -2.10314788663395619e-01 -9.64637086939330174e-02 -1.32678288534282235e-01
5.019856e+00 -2.06949626570598261e-01 -9.65629174961725595e-02 -1.31331821900740331e-01
5.027978e+00 -2.04848681399122434e-01 -9.82834198559291855e-02 -1.36924089173234981e-01
5.036101e+00 -2.02207354132375228e-01 -9.93309388948998145e-02 -1.50079988087069127e-01
5.044224e+00 -1.97042445496924873e-01 -9.72200901257400107e-02 -1.70669057820754894e-01
5.052347e+00 -1.87401028516424539e-01 -8.95649593957077439e-02 -1.97788532009129880e-01
5.060469e+00 -1.71570958187280936e-01 -7.43689581319523230e-02 -2.29828331519773721e-01
5.068592e+00 -1.48272245559495808e-01 -5.02821586341231364e-02 -2.64608271893853053e-01
5.076715e+00 -1.16811325775032934e-01 -1.67974527589581403e-02 -2.99570049900457269e-01
5.084838e+00 -7.71845248800877848e-02  2.56372400245434978e-02 -3.32002019446371477e-01
5.092960e+00 -3.01222180294930912e-02  7.56053575960570906e-02 -3.59273526975790791e-01
5.101083e+00  2.29292607171404823e-02  1.30811534527385032e-01 -3.79057192876740556e-01
5.109206e+00  7.98854286377094908e-02  1.88269061767289775e-01 -3.89521133591232693e-01
5.117329e+00  1.38153705569605073e-01  2.44568421155220705e-01 -3.89477727285932496e-01
5.125451e+00  1.94804143474658770e-01  2.96200677159349501e-01 -3.78480273816115764e-01
5.133574e+00  2.46766324397107495e-01  3.39902025185387147e-01 -3.56863224729196904e-01
5.141697e+00  2.91036283874084978e-01  3.72981620521866786e-01 -3.25725347947862509e-01
5.149819e+00  3.24877077741467291e-01  3.93594854157787666e-01 -2.86858325354541088e-01
5.157942e+00  3.45997739716744634e-01  4.00928995850044656e-01 -2.42626095287153037e-01
5.166065e+00  3.52697743913688577e-01  3.95277480364547906e-01 -1.95802963591521356e-01
5.174188e+00  3.43967462207142582e-01  3.77992236569105911e-01 -1.49381180169020716e-01
5.182310e+00  3.19539178673984570e-01  3.51318799785205860e-01 -1.06361168385361138e-01
5.190433e+00  2.79887608954854983e-01  3.18134391865445620e-01 -6.95395755489134071e-02
5.198556e+00  2.26183140809117694e-01  2.81622330680397659e-01 -4.13113608165457738e-02
5.206679e+00  1.60204728475711516e-01  2.44924830207786853e-01 -2.35018565380145338e-02
5.214801e+00  8.42221543648850185e-02  2.10818867769519969e-01 -1.72428892950959242e-02
5.222924e+00  8.58943686108027305e-04  1.81455696433788588e-01 -2.29036279411604787e-02
5.231047e+00 -8.70525290214841235e-02  1.58194317919892774e-01 -4.00820985040144934e-02
5.239170e+00 -1.76613181355166710e-01  1.41544498280135739e-01 -6.76577527347553415e-02
5.247292e+00 -2.64987990283899688e-01  1.31218252848872979e-01 -1.03899728206560099e-01
5.255415e+00 -3.49519255289205744e-01  1.26273056807850032e-01 -1.46620171508256153e-01
5.263538e+00 -4.27818821600581378e-01  1.25318034252363597e-01 -1.93357833082307223e-01
5.271661e+00 -4.97838014377103955e-01  1.26747945800937900e-01 -2.41574557470861984e-01
5.279783e+00 -5.57915732895937211e-01  1.28969678222708578e-01 -2.88846560787161977e-01
5.287906e+00 -6.06806161833544300e-01  1.30591612383894273e-01 -3.33033559834548576e-01
5.296029e+00 -6.43687951524939739e-01  1.30556090044796375e-01 -3.72411723386466387e-01
5.304152e+00 -6.68156710999927128e-01  1.28206926672260718e-01 -4.05760684947717387e-01
5.312274e+00 -6.80202520370681407e-01  1.23295110614455375e-01 -4.32399965546343801e-01
5.320397e+00 -6.80174158284479247e-01  1.15934481021325031e-01 -4.52175497164085838e-01
5.328520e+00 -6.68732015353983189e-01  1.06524085805793173e-01 -4.65401892288678842e-01
5.336643e+00 -6.46792242399305661e-01  9.56548559016696248e-02 -4.72770114793551188e-01
5.344765e+00 -6.15465435224963886e-01  8.40158446944482273e-02 -4.75232849276313374e-01
5.352888e+00 -5.75993850639905602e-01  7.23108200543902541e-02 -4.73880912920270569e-01
5.361011e+00 -5.29691503959328958e-01  6.11909212318976631e-02 -4.69823503567356415e-01
5.369134e+00 -4.77891279630055898e-01  5.12046953041563890e-02 -4.64083144077181431e-01
5.377256e+00 -4.21902280787402606e-01  4.27639451176884677e-02 -4.57513255543693154e-01
5.385379e+00 -3.62979112181749275e-01  3.61227114780765246e-02 -4.50742867203963671e-01
5.393502e+00 -3.02302873173184716e-01  3.13671031384494328e-02 -4.44149564181620327e-01
5.401625e+00 -2.40971706447947326e-01  2.84149451118476531e-02 -4.37858828526664412e-01
5.409747e+00 -1.79997228963315076e-01  2.70255752375478178e-02 -4.31765747153478763e-01
5.417870e+00 -1.20302435598492796e-01  2.68209130018653014e-02 -4.25573772518225257e-01
5.425993e+00 -6.27169286610232690e-02  2.73187509316783067e-02 -4.18844787822134912e-01
5.434116e+00 -7.96658333648457562e-03  2.79780171655516878e-02 -4.11054972410059449e-01
5.442238e+00  4.33432240784746223e-02  2.82537873089775404e-02 -4.01651637657296612e-01
5.450361e+00  9.07493414299013479e-02  2.76575657156301231e-02 -3.90107062088195400e-01
5.458484e+00  1.33953852839005155e-01  2.58163807676064228e-02 -3.75966205637134676e-01
5.466606e+00  1.72843194595565214e-01  2.25230685028374421e-02 -3.58885922952766112e-01
5.474729e+00  2.07497701592509964e-01  1.77701175999355476e-02 -3.38663914891792206e-01
5.482852e+00  2.38186598227694002e-01  1.17607497657926455e-02 -3.15256218995403181e-01
5.490975e+00  2.65345225184657696e-01  4.89339835202226917e-03 -2.88782633972096359e-01
5.499097e+00  2.89533860245218877e-01 -2.28090726206608366e-03 -2.59520169152502866e-01
5.507220e+00  3.11380400570027638e-01 -9.12502835606497642e-03 -2.27885423033351825e-01
5.515343e+00  3.31511926432845383e-01 -1.49993222444435286e-02 -1.94407672160414019e-01
5.523466e+00  3.50482303135240814e-01 -1.93528125399374390e-02 -1.59695274679930915e-01
5.531588e+00  3.68704155186284799e-01 -2.18107366216448890e-02 -1.24398607950791856e-01
5.539711e+00  3.86393584211573771e-01 -2.22470873087960708e-02 -8.91730233634765723e-02
5.547834e+00  4.03534894806115041e-01 -2.08320757941062654e-02 -5.46451248576335299e-02
5.555957e+00  4.19870493897140040e-01 -1.80471168475464828e-02 -2.13850531322123394e-02
5.564079e+00  4.34918315110942755e-01 -1.46636468597508007e-02  1.01135302407872191e-02
5.572202e+00  4.48015947252167646e-01 -1.16863613268343852e-02  3.94452491362424357e-02
5.580325e+00  4.58387507456664511e-01 -1.02657589343872809e-02  6.62972668577193197e-02
5.588448e+00  4.65226575201098447e-01 -1.15886652315181776e-02  9.04475811049239159e-02
5.596570e+00  4.67786521219895057e-01 -1.67582099979350918e-02  1.11759493954397340e-01
5.604693e+00  4.65468567983860326e-01 -2.66762014162344047e-02  1.30174454476987139e-01
5.612816e+00  4.57898033255803194e-01 -4.19407936173942161e-02  1.45705076421957624e-01
5.620939e+00  4.44980427809468115e-01 -6.27707852999199456e-02  1.58429393795161799e-01
5.629061e+00  4.26931258922866486e-01 -8.89650028997189396e-02  1.68486517264371999e-01
5.637184e+00  4.04276271086618899e-01 -1.19901358039854480e-01  1.76073005858815107e-01
5.645307e+00  3.77822087071712720e-01 -1.54575790648053546e-01  1.81438664563469548e-01
5.653430e+00  3.48600406829377873e-01 -1.91676945784996056e-01  1.84880254457674781e-01
5.661552e+00  3.17791700165394708e-01 -2.29688610333806414e-01  1.86731809896321432e-01
5.669675e+00  2.86636374135406602e-01 -2.67009108517341054e-01  1.87350856933012344e-01
5.677798e+00  2.56342488467072083e-01 -3.02075343446373379e-01  1.87100697048444509e-01
5.685921e+00  2.27999134751483590e-01 -3.33479122100491243e-01  1.86329883447943323e-01
5.694043e+00  2.02503621565591235e-01 -3.60064767124413099e-01  1.85350877842452383e-01
5.702166e+00  1.80508775095688467e-01 -3.80999571889124589e-01  1.84420455323122928e-01
5.710289e+00  1.62394228502669158e-01 -3.95812022627875404e-01  1.83724593942711817e-01
5.718412e+00  1.48262851047838790e-01 -4.04396434665451554e-01  1.83370285276432815e-01
5.726534e+00  1.37960798037936205e-01 -4.06986253023480349e-01  1.83385954860587175e-01
5.734657e+00  1.31117357570532306e-01 -4.04101325555730140e-01  1.83731085968667968e-01
5.742780e+00  1.27199074957522806e-01 -3.96476649481527332e-01  1.84314356419233799e-01
5.750903e+00  1.25571698882194327e-01 -3.84981239873141867e-01  1.85018322086607623e-01
5.759025e+00  1.25563353414465395e-01 -3.70535842226664691e-01  1.85727614231834842e-01
5.767148e+00  1.26522929368557302e-01 -3.54037321446033171e-01  1.86356936205205048e-01
5.775271e+00  1.27868853361559592e-01 -3.36295926735627415e-01  1.86874970697794990e-01
5.783394e+00  1.29124926496688663e-01 -3.17989542366706457e-01  1.87320690412312418e-01
5.791516e+00  1.29941603898337560e-01 -2.99636792886965264e-01  1.87809467449452788e-01
5.799639e+00  1.30102704450324319e-01 -2.81588758204506628e-01  1.88527683664139245e-01
5.807762e+00  1.29518930625811657e-01 -2.64037289909666573e-01  1.89716077198060384e-01
5.815884e+00  1.28210630606709591e-01 -2.47036643919939319e-01  1.91643605380829030e-01
5.824007e+00  1.26282897346047335e-01 -2.30534405902175693e-01  1.94574941866183182e-01
5.832130e+00  1.23896371440851943e-01 -2.14407456532672430e-01  1.98735664445073207e-01
5.840253e+00  1.21237035148641967e-01 -1.98498919541521296e-01  2.04279596087444476e-01
5.848375e+00  1.18487918651416793e-01 -1.82652543837549863e-01  2.11262578911493720e-01
5.856498e+00  1.15805065585140116e-01 -1.66741675811621498e-01  2.19626212945925575e-01
5.864621e+00  1.13299403289496031e-01 -1.50690781276633629e-01  2.29193878356998587e-01
5.872744e+00  1.11025409033629952e-01 -1.34488309867346389e-01  2.39679844660142194e-01
5.880866e+00  1.08976724589340324e-01 -1.18190516254403577e-01  2.50710657490475830e-01
5.888989e+00  1.07088208305582952e-01 -1.01916635504558373e-01  2.61856496755641377e-01
5.897112e+00  1.05243377093483817e-01 -8.58365306787335497e-02  2.72669014219763639e-01
5.905235e+00  1.03285821187560661e-01 -7.01525595875718416e-02  2.82721435287444756e-01
5.913357e+00  1.01033002346811965e-01 -5.50779032620479433e-02  2.91646535210739855e-01
5.921480e+00  9.82908856879813470e-02 -4.08139099727656343e-02  2.99168478920623815e-01
5.929603e+00  9.48680970661401612e-02 -2.75290852745461063e-02  3.05125368748444148e-01
5.937726e+00  9.05887034340271124e-02 -1.53421664474854193e-02  3.09480532298674393e-01
5.945848e+00  8.53032153873470173e-02 -4.31125400155287029e-03  3.12321921215749254e-01
5.953971e+00  7.88979158857665841e-02  5.56973366728146391e-03  3.13850289464455756e-01
5.962094e+00  7.13030187651200464e-02  1.43668912026667199e-02  3.14357910523875239e-01
5.970217e+00  6.25003530538471991e-02  2.21949880703460230e-02  3.14200364037566626e-01
5.978339e+00  5.25311839385323234e-02  2.92003795573267909e-02  3.13764329162055933e-01
5.986462e+00  4.15044020543114817e-02  3.55402727990625500e-02  3.13434380968080517e-01
5.994585e+00  2.96046914527199750e-02  4.13608591938682546e-02  3.13561558357006664e-01
6.002708e+00  1.70995452512924424e-02  4.67768961853265580e-02  3.14436040615004964e-01
6.010830e+00  4.34331264162492962e-03  5.18550606613092588e-02  3.16265720306054265e-01
6.018953e+00 -8.22397297549446252e-03  5.66028570525275651e-02  3.19161861571865324e-01
6.027076e+00 -2.00852471433515707e-02  6.09641402564768883e-02  3.23132430268966542e-01
6.035199e+00 -3.06643005027636591e-02  6.48215219168760542e-02  3.28083103521469632e-01
6.043321e+00 -3.93536179476226128e-02  6.80051806372830997e-02  3.33825431827967756e-01
6.051444e+00 -4.55514568300921796e-02  7.03069827293372335e-02  3.40091156108369708e-01
6.059567e+00 -4.87058370248827852e-02  7.14983976525729592e-02  3.46551295806321380e-01
6.067690e+00 -4.83616121308840866e-02  7.13504831481586999e-02  3.52838346563922878e-01
6.075812e+00 -4.42056961492925046e-02  6.96542086063419719e-02  3.58569781344935168e-01
6.083935e+00 -3.61050801200003407e-02  6.62395469133977843e-02  3.63371052495095603e-01
6.092058e+00 -2.41326281556806486e-02  6.09920465697202999e-02  3.66896443301091446e-01
6.100181e+00 -8.57679094768128668e-03  5.38659439138050311e-02  3.68846399147289561e-01
6.108303e+00  1.00668310506767753e-02  4.48932382700386254e-02  3.68980350157282866e-01
6.116426e+00  3.11219735580078490e-02  3.41884862748377677e-02  3.67124478606878468e-01
6.124549e+00  5.37739401704203576e-02  2.19493425612624429e-02  3.63174339505856925e-01
6.132671e+00  7.71233881185044157e-02  8.45306517782780723e-03  3.57092668560684112e-01
6.140794e+00  1.00246188626052765e-01 -5.95068323996444503e-03  3.48903074238439803e-01
6.148917e+00  1.22253370296765279e-01 -2.08503554526320960e-02  3.38680585842674409e-01
6.157040e+00  1.42345452036170189e-01 -3.57859570952983735e-02  3.26540202448569794e-01
6.165162e+00  1.59856476721585428e-01 -5.02649761952599708e-02  3.12624652546549198e-01
6.173285e+00  1.74284557760081171e-01 -6.37803283832543699e-02  2.97092534355329507e-01
6.181408e+00  1.85307480134693753e-01 -7.58297480227117515e-02  2.80107870757681787e-01
6.189531e+00  1.92783585126860391e-01 -8.59359265599419636e-02  2.61831892864972604e-01
6.197653e+00  1.96739589564656481e-01 -9.36665604895831616e-02  2.42417579502026526e-01
6.205776e+00  1.97348002532186234e-01 -9.86533578790995958e-02  2.22007150944221687e-01
6.213899e+00  1.94897353361234510e-01 -1.00608999814625691e-01  2.00732374413443604e-01
6.222022e+00  1.89758564158511944e-01 -9.93410871482420937e-02  1.78717219190257709e-01
6.230144e+00  1.82350574468844617e-01 -9.47622309050138445e-02  1.56082135572985198e-01
6.238267e+00  1.73107868518198871e-01 -8.68956519613342665e-02  1.32949058913888835e-01
6.246390e+00  1.62451979494287163e-01 -7.58759106679999518e-02  1.09446184113698303e-01
6.254513e+00  1.50768440262426695e-01 -6.19446535165309314e-02  8.57116275736866523e-02
6.262635e+00  1.38390072322704172e-01 -4.54415118103882951e-02  6.18952853940657605e-02
6.270758e+00  1.25586980842170154e-01 -2.67905003952397178e-02  3.81584847958324827e-02
6.278881e+00  1.12563158773519731e-01 -6.48244352023351258e-03  1.46713687882318693e-02
6.287004e+00  9.94591923940669753e-02  1.49458841704090458e-02 -8.39170398216820303e-03
6.295126e+00  8.63601984228581088e-02  3.69350486090927396e-02 -3.08581787765553235e-02
6.303249e+00  7.33078122702380125e-02  5.89276437156672356e-02 -5.25639985058798803e-02
6.311372e+00  6.03148029606211597e-02  8.03931447382039976e-02 -7.33601779473877086e-02
6.319495e+00  4.73807347878322446e-02  1.00851515966575225e-01 -9.31185523395305775e-02
6.327617e+00  3.45070510529771959e-02  1.19894037670386894e-01 -1.11736193839353057e-01
6.335740e+00  2.17100398137167576e-02  1.37199804364501549e-01 -1.29138250776681812e-01
6.343863e+00  9.03036480462558917e-03  1.52546493990833726e-01 -1.45279227897034346e-01
6.351986e+00 -3.46180043164577914e-03  1.65814342983769125e-01 -1.60142936153972654e-01
6.360108e+00 -1.56665360648664403e-02  1.76982779730327611e-01 -1.73741457505353553e-01
6.368231e+00 -2.74588106286159928e-02  1.86119827808907817e-01 -1.86113476469392858e-01
6.376354e+00 -3.86974179179144021e-02  1.93365118091511468e-01 -1.97322240416004296e-01
6.384477e+00 -4.92371502873198766e-02  1.98908048953332972e-01 -2.07453265925247238e-01
6.392599e+00 -5.89427528182751154e-02  2.02963202184812980e-01 -2.16611760363579015e-01
6.400722e+00 -6.77029727834771167e-02  2.05745467320614522e-01 -2.24919622747010939e-01
6.408845e+00 -7.54429838758372134e-02  2.07447387112186632e-01 -2.32511858354780582e-01
6.416968e+00 -8.21336384328982677e-02  2.08220989936968859e-01 -2.39532296525760746e-01
6.425090e+00 -8.77963692556871511e-02  2.08165845555160017e-01 -2.46128622250950974e-01
6.433213e+00 -9.25030813386724937e-02  2.07324338647424666e-01 -2.52446881503385068e-01
6.441336e+00 -9.63709749194482240e-02  2.05684303373155963e-01 -2.58625754798010588e-01
6.449458e+00 -9.95528442480082265e-02  2.03188319959305641e-01 -2.64790978013675404e-01
6.457581e+00 -1.02223919709525393e-01  1.99748254527856828e-01 -2.71050304892973715e-01
6.465704e+00 -1.04566694490166354e-01  1.95263116346749144e-01 -2.77489353369586966e-01
6.473827e+00 -1.06755356192664921e-01  1.89638064720389299e-01 -2.84168577932867705e-01
6.481949e+00 -1.08941416617678324e-01  1.82802428693413593e-01 -2.91121492424556427e-01
6.490072e+00 -1.11241918483887203e-01  1.74724874116967965e-01 -2.98354161161013876e-01
6.498195e+00 -1.13731240568961930e-01  1.65424302214253777e-01 -3.05845900484377875e-01
6.506318e+00 -1.16437083455288831e-01  1.54975613647509780e-01 -3.13551091784017855e-01
6.514440e+00 -1.19340761488955324e-01  1.43510044094288747e-01 -3.21401990818003580e-01
6.522563e+00 -1.22381508681757678e-01  1.31210306458796000e-01 -3.29312410179532888e-01
6.530686e+00 -1.25464167152760958e-01  1.18301216013483160e-01 -3.37182135380490799e-01
6.538809e+00 -1.28469388638378729e-01  1.05036803363713557e-01 -3.44901898982468813e-01
6.546931e+00 -1.31265347686194939e-01  9.16851291411599767e-02 -3.52358681623388070e-01
6.555054e+00 -1.33719930431288103e-01  7.85121096502215676e-02 -3.59441047359765176e-01
6.563177e+00 -1.35712408951222885e-01  6.57656567618424559e-02 -3.66044173874825796e-01
6.571300e+00 -1.37143720702285005e-01  5.36613415710957137e-02 -3.72074223553109984e-01
6.579422e+00 -1.37944629769416460e-01  4.23706221496587196e-02 -3.77451730595507462e-01
6.587545e+00 -1.38081238288628977e-01  3.20124437031819725e-02 -3.82113755393323651e-01
6.595668e+00 -1.37557532035130520e-01  2.26487384335004871e-02 -3.86014671068627357e-01
6.603791e+00 -1.36414875184974221e-01  1.42840382995458540e-02 -3.89125577944353096e-01
6.611913e+00 -1.34728605103607235e-01  6.86908636468232421e-03 -3.91432467896802083e-01
6.620036e+00 -1.32602103677902150e-01  3.08016344197862689e-04 -3.92933366657882865e-01
6.628159e+00 -1.30158918804423346e-01 -5.53160673689062545e-03 -3.93634758673363006e-01
6.636282e+00 -1.27533658927113352e-01 -1.08068027787988994e-02 -3.93547641919603175e-01
6.644404e+00 -1.24862467175261935e-01 -1.56862918716258598e-02 -3.92683572552567917e-01
6.652527e+00 -1.22273887178065380e-01 -2.03377753191241462e-02 -3.91051048787610489e-01
6.660650e+00 -1.19880857797878326e-01 -2.49163728228344004e-02 -3.88652552809106655e-01
6.668773e+00 -1.17774428782649029e-01 -2.95550409585421323e-02 -3.85482515984503005e-01
6.676895e+00 -1.16019593211863475e-01 -3.43575671483423231e-02 -3.81526394259984969e-01
6.685018e+00 -1.14653410723861066e-01 -3.93944661718272568e-02 -3.76760939054983979e-01
6.693141e+00 -1.13685374837990780e-01 -4.47018334831790834e-02 -3.71155629224548922e-01
6.701264e+00 -1.13099782359282933e-01 -5.02829591240235921e-02 -3.64675103877249551e-01
6.709386e+00 -1.12859709885386725e-01 -5.61122994235039724e-02 -3.57282325599745820e-01
6.717509e+00 -1.12912100944353791e-01 -6.21412536823525846e-02 -3.48942131761323771e-01
6.725632e+00 -1.13193420589522240e-01 -6.83051038165096436e-02 -3.39624811627926682e-01
6.733755e+00 -1.13635341411057494e-01 -7.45304446473595006e-02 -3.29309380836852350e-01
6.741877e+00 -1.14169981087311342e-01 -8.07424557792041919e-02 -3.17986302634573004e-01
6.750000e+00 -1.14734308862870685e-01 -8.68714350572047794e-02 -3.05659504567652673e-01
6.758123e+00 -1.15273466172257727e-01 -9.28581190260627520e-02 -2.92347630598470354e-01
6.766245e+00 -1.15742891254705535e-01 -9.86574473735002538e-02 -2.78084529748952203e-01
6.774368e+00 -1.16109281858742239e-01 -1.04240575525885656e-01 -2.62919006827051160e-01
6.782491e+00 -1.16350555676880962e-01 -1.09595091304416137e-01 -2.46913855871804311e-01
6.790614e+00 -1.16455059001378841e-01 -1.14723536193188605e-01 -2.30144181376905149e-01
6.798736e+00 -1.16420319446012624e-01 -1.19640458341931294e-01 -2.12695012776970255e-01
6.806859e+00 -1.16251634693381359e-01 -1.24368324464145238e-01 -1.94658256347443603e-01
6.814982e+00 -1.15960740581395980e-01 -1.28932686161065124e-01 -1.76129109708736464e-01
6.823105e+00 -1.15564720430463300e-01 -1.33357030878991395e-01 -1.57202172382970462e-01
6.831227e+00 -1.15085219756976609e-01 -1.37657749591543699e-01 -1.37967594205985478e-01
6.839350e+00 -1.14547933586472861e-01 -1.41839626141476077e-01 -1.18507678112817677e-01
6.847473e+00 -1.13982252837320525e-01 -1.45892202773203722e-01 -9.88943621550498475e-02
6.855596e+00 -1.13420903389831712e-01 -1.49787308926519480e-01 -7.91879301387874712e-02
6.863718e+00 -1.12899392787014635e-01 -1.53477961087967574e-01 -5.94371480858781054e-02
6.871841e+00 -1.12455095579764255e-01 -1.56898754595990952e-01 -3.96808218519641917e-02
6.879964e+00 -1.12125855345679856e-01 -1.59967777324948601e-01 -1.99505575058808310e-02
6.888087e+00 -1.11948052487116534e-01 -1.62589982773150454e-01 -2.74322992159883839e-04
6.896209e+00 -1.11954172290941581e-01 -1.64661867625669978e-01  1.93197045719297050e-02
6.904332e+00 -1.12169995905657349e-01 -1.66077207778471347e-01  3.87995455451415963e-02
6.912455e+00 -1.12611616887203558e-01 -1.66733520748694297e-01  5.81265529154257193e-02
6.920578e+00 -1.13282548257113952e-01 -1.66538847513248545e-01  7.72536154202832642e-02
6.928700e+00 -1.14171221022586644e-01 -1.65418390392466363e-01  9.61245923064451974e-02
6.936823e+00 -1.15249178093219162e-01 -1.63320513748435203e-01  1.14674961714150578e-01
6.944946e+00 -1.16470234549740703e-01 -1.60221620115487268e-01  1.32833510007355549e-01
6.953069e+00 -1.17770807009486278e-01 -1.56129463449183131e-01  1.50524783789867916e-01
6.961191e+00 -1.19071514735035119e-01 -1.51084555488444350e-01  1.67671977207552891e-01
6.969314e+00 -1.20280030494971213e-01 -1.45159456453350988e-01  1.84199930201860734e-01
6.977437e+00 -1.21295023233450414e-01 -1.38455908251232107e-01  2.00037957614991574e-01
6.985560e+00 -1.22010904709557250e-01 -1.31099952744258008e-01  2.15122299427935981e-01
6.993682e+00 -1.22322986724976768e-01 -1.23235359672680733e-01  2.29398062411764442e-01
7.001805e+00 -1.22132592432515841e-01 -1.15015846739118924e-01  2.42820599077285981e-01
7.009928e+00 -1.21351660220649443e-01 -1.06596689271261702e-01  2.55356332488219873e-01
7.018051e+00 -1.19906439293617079e-01 -9.81263746720299895e-02  2.66983080844941545e-01
7.026173e+00 -1.17739997153417167e-01 -8.97389488935150248e-02  2.77689960547381820e-01
7.034296e+00 -1.14813424142174450e-01 -8.15476283080190240e-02  2.87476949714012497e-01
7.042419e+00 -1.11105803624553356e-01 -7.36401209232715043e-02  2.96354180010495682e-01
7.050542e+00 -1.06613185723513804e-01 -6.60759337717315015e-02  3.04341000919837124e-01
7.058664e+00 -1.01346923797636920e-01 -5.88857596260923752e-02  3.11464834847852923e-01
7.066787e+00 -9.53317809917175740e-02 -5.20728580156934184e-02  3.17759821465286418e-01
7.074910e+00 -8.86041798052201596e-02 -4.56161926976306129e-02  3.23265244765132631e-01
7.083032e+00 -8.12108575879751521e-02 -3.94749731306257151e-02  3.28023752652354506e-01
7.091155e+00 -7.32080281578102593e-02 -3.35941752651316289e-02  3.32079414104101911e-01
7.099278e+00 -6.46609717016326524e-02 -2.79105850711571964e-02  3.35475704519185458e-01
7.107401e+00 -5.56438243954867698e-02 -2.23589108155197135e-02  3.38253555825896501e-01
7.115523e+00 -4.62392506663157760e-02 -1.68775389679192908e-02  3.40449641782964330e-01
7.123646e+00 -3.65376742961824527e-02 -1.14135564832606017e-02  3.42095075954809758e-01
7.131769e+00 -2.66358213290790458e-02 -5.92672549777937489e-03  3.43214670755096651e-01
7.139892e+00 -1.66344698298219983e-02 -3.92173996137377501e-04  3.43826842326552418e-01
7.148014e+00 -6.63547375836793466e-03  5.19834351969249500e-03  3.43944156769486420e-01
7.156137e+00  3.26171047261507568e-03  1.08366595427669792e-02  3.43574411529452284e-01
7.164260e+00  1.29636505790026793e-02  1.64998152296206638e-02  3.42722051354001744e-01
7.172383e+00  2.23863264876379871e-02  2.21529122618016536e-02  3.41389654686907740e-01
7.180505e+00  3.14579156466064103e-02  2.77529134754682140e-02  3.39579211028451233e-01
7.188628e+00  4.01207020532118805e-02  3.32530262145188243e-02  3.37292948762324074e-01
7.196751e+00  4.83319643738439886e-02  3.86072459671019594e-02  3.34533563339424411e-01
7.204874e+00  5.60638363400990380e-02  4.37746187162285638e-02  3.31303824749617948e-01
7.212996e+00  6.33022536721615930e-02  4.87228049782379713e-02  3.27605685367447164e-01
7.221119e+00  7.00451874428941190e-02  5.34305973306292495e-02  3.23439131893535015e-01
7.229242e+00  7.63004058742385166e-02  5.78891517706133646e-02  3.18801099788667164e-01
7.237365e+00  8.20830085767591255e-02  6.21018330184598330e-02  3.13684776774618868e-01
7.245487e+00  8.74129500289842487e-02  6.60827307909124528e-02  3.08079556772373919e-01
7.253610e+00  9.23127253003597215e-02  6.98540581795472348e-02  3.01971776435017991e-01
7.261733e+00  9.68053427832682306e-02  7.34427731833845049e-02  2.95346200943539916e-01
7.269856e+00  1.00912665430511528e-01  7.68768515286980952e-02  2.88188062459244498e-01
7.277978e+00  1.04654167593293976e-01  8.01816690738273441e-02  2.80485331089879275e-01
7.286101e+00  1.08046128158148277e-01  8.33769190677291078e-02  2.72230843056250449e-01
7.294224e+00  1.11101259947822981e-01  8.64743987938985936e-02  2.63423937992018464e-01
7.302347e+00  1.13828757468635910e-01  8.94768681304191765e-02  2.54071360947756508e-01
7.310469e+00  1.16234726953735490e-01  9.23780320077441236e-02  2.44187338233579992e-01
7.318592e+00  1.18322943225083924e-01  9.51635546182435232e-02  2.33792900871560183e-01
7.326715e+00  1.20095859066387117e-01  9.78128983902298021e-02  2.22914665903573395e-01
7.334838e+00  1.21555776639788365e-01  1.00301709848216250e-01  2.11583364367876281e-01
7.342960e+00  1.22706077978160424e-01  1.02604450797494334e-01  1.99832411242027747e-01
7.351083e+00  1.23552404361464016e-01  1.04696990733772755e-01  1.87696751541094303e-01
7.359206e+00  1.24103674319022958e-01  1.06558922828308353e-01  1.75212110342780975e-01
7.367329e+00  1.24372837129793107e-01  1.08175425907089617e-01  1.62414655517768708e-01
7.375451e+00  1.24377272664139574e-01  1.09538555104065419e-01  1.49340981610049023e-01
7.383574e+00  1.24138771063173878e-01  1.10647897641516682e-01  1.36028262463668476e-01
7.391697e+00  1.23683059057622793e-01  1.11510576926215035e-01  1.22514407174894396e-01
7.399819e+00  1.23038882444273870e-01  1.12140629908280026e-01  1.08838084766676640e-01
7.407942e+00  1.22236702713196033e-01  1.12557822502704671e-01  9.50385417281847666e-02
7.416065e+00  1.21307115166081517e-01  1.12786008171784621e-01  8.11552015384512521e-02
7.424188e+00  1.20279137969236283e-01  1.12851173379316674e-01  6.72270895169191224e-02
7.432310e+00  1.19178545579486719e-01  1.12779343281223313e-01  5.32921617989109281e-02
7.440433e+00  1.18026417953970786e-01  1.12594533986227291e-01  3.93866315389995517e-02
7.448556e+00  1.16838047838032560e-01  1.12316929766943810e-01  2.55443807025363540e-02
7.456679e+00  1.15622296818101447e-01  1.11961434106537028e-01  1.17965297710572580e-02
7.464801e+00  1.14381426152006221e-01  1.11536695961471116e-01 -1.82878123051118634e-03
7.472924e+00  1.13111365166413569e-01  1.11044656145114204e-01 -1.53063666212533752e-02
7.481047e+00  1.11802333629824432e-01  1.10480605074570012e-01 -2.86137124556351853e-02
7.489170e+00  1.10439714017422336e-01  1.09833701020871505e-01 -4.17304510774068466e-02
7.497292e+00  1.09005075148562725e-01  1.09087870863929667e-01 -5.46376329869938324e-02
7.505415e+00  1.07477273860682912e-01  1.08223002714280495e-01 -6.73168636884370480e-02
7.513538e+00  1.05833594845976972e-01  1.07216337960992461e-01 -7.97493982883526742e-02
7.521661e+00  1.04050916343466207e-01  1.06043972946856330e-01 -9.19153011335289150e-02
7.529783e+00  1.02106899819713576e-01  1.04682381873304045e-01 -1.03792775395395456e-01
7.537906e+00  9.99811922053650826e-02  1.03109871436416853e-01 -1.15357748342487160e-01
7.546029e+00  9.76566047600744419e-02  1.01307876927417606e-01 -1.26583765367571904e-01
7.554152e+00  9.51202026732641120e-02  9.92620133769508417e-02 -1.37442204586485511e-01
7.562274e+00  9.23642154492218537e-02  9.69628079929726605e-02 -1.47902782965702584e-01
7.570397e+00  8.93866704251890382e-02  9.44060645254133496e-02 -1.57934294515509360e-01
7.578520e+00  8.61916655735013443e-02  9.15928456310555750e-02 -1.67505505549658040e-01
7.586643e+00  8.27892308956631323e-02  8.85291006837207878e-02 -1.76586130036967548e-01
7.594765e+00  7.91947731808715222e-02  8.52250060076402555e-02 -1.85147816477056387e-01
7.602888e+00  7.54281479020322693e-02  8.16941144040059242e-02 -1.93165091308133641e-01
7.611011e+00  7.15124457103728239e-02  7.79524250877510622e-02 -2.00616215250018687e-01
7.619134e+00  6.74726121661928802e-02  7.40174809773716802e-02 -2.07483913710475976e-01
7.627256e+00  6.33340343564228608e-02  6.99075790133456137e-02 -2.13755941652815223e-01
7.635379e+00  5.91212267508670133e-02  6.56411458611009524e-02 -2.19425440746221417e-01
7.643502e+00  5.48567327564260937e-02  6.12362934361653927e-02 -2.24491046187769827e-01
7.651625e+00  5.05603305846617779e-02  5.67105343703199274e-02 -2.28956707683978855e-01
7.659747e+00  4.62485957842208376e-02  5.20806137817813458e-02 -2.32831207956427755e-01
7.667870e+00  4.19348322894805767e-02  4.73624047016254560e-02 -2.36127391801377429e-01
7.675993e+00  3.76293435892478267e-02  4.25708212060468480e-02 -2.38861154283979721e-01
7.684116e+00  3.33399802593333308e-02  3.77197233424755723e-02 -2.41050272397133447e-01
7.692238e+00  2.90728739527309106e-02  3.28218154914634019e-02 -2.42713193354367612e-01
7.700361e+00  2.48332542213392064e-02  2.78885667383128519e-02 -2.43867906510013360e-01
7.708484e+00  2.06262446879515240e-02  2.29302001469761964e-02 -2.44531020003067256e-01
7.716606e+00  1.64575482121062759e-02  1.79558015510958326e-02 -2.44717137976594862e-01
7.724729e+00  1.23339535775001501e-02  1.29735846128852337e-02 -2.44438592713532049e-01
7.732852e+00  8.26362436565003348e-03  7.99131881470646274e-03 -2.43705534109305594e-01
7.740975e+00  4.25615961148081545e-03  3.01688725192064298e-03 -2.42526326501853906e-01
7.749097e+00  3.22441699245749544e-04 -1.94109841995978661e-03 -2.40908160716848840e-01
7.757220e+00 -3.52569310589489820e-03 -6.87272727436577524e-03 -2.38857764680241141e-01
7.765343e+00 -7.27591315569497271e-03 -1.17663732381554781e-02 -2.36382093446659974e-01
7.773466e+00 -1.09159241063468450e-02 -1.66085293305733711e-02 -2.33488900021168733e-01
7.781588e+00 -1.44340200031015664e-02 -2.13839484834003647e-02 -2.30187126686897170e-01
7.789711e+00 -1.78196008580861938e-02 -2.60760925265853399e-02 -2.26487102217154457e-01
7.797834e+00 -2.10636124193702354e-02 -3.06678314732345102e-02 -2.22400572696778903e-01
7.805957e+00 -2.41588738655103691e-02 -3.51422840143397336e-02 -2.17940623647472104e-01
7.814079e+00 -2.71002710400037837e-02 -3.94836588115558204e-02 -2.13121561338774579e-01
7.822202e+00 -2.98848061172286850e-02 -4.36779523045390319e-02 -2.07958809759429292e-01
7.830325e+00 -3.25115080236009560e-02 -4.77133833553844353e-02 -2.02468852873447236e-01
7.838448e+00 -3.49812202199043659e-02 -5.15804929611880167e-02 -1.96669219055852440e-01
7.846570e+00 -3.72962931373143763e-02 -5.52718990447720465e-02 -1.90578474942529108e-01
7.854693e+00 -3.94602172544127744e-02 -5.87817599534654137e-02 -1.84216178240814654e-01
7.862816e+00 -4.14772384671224237e-02 -6.21050533555199263e-02 -1.77602739834363810e-01
7.870939e+00 -4.33519992747373392e-02 -6.52368101890221236e-02 -1.70759163628070643e-01
7.879061e+00 -4.50892472108213385e-02 -6.81714513799626526e-02 -1.63706660687885586e-01
7.887184e+00 -4.66936451607729841e-02 -7.09023577053150139e-02 -1.56466164809844932e-01
7.895307e+00 -4.81697055352492617e-02 -7.34217637825711339e-02 -1.49057802606144540e-01
7.903430e+00 -4.95218518144947134e-02 -7.57210129099554208e-02 -1.41500384859793882e-01
7.911552e+00 -5.07545886814445915e-02 -7.77911499097220099e-02 -1.33810983745222517e-01
7.919675e+00 -5.18727387314253593e-02 -7.96237736613623209e-02 -1.26004646134185189e-01
7.927798e+00 -5.28816836223442444e-02 -8.12120278608952223e-02 -1.18094272357622085e-01
7.935921e+00 -5.37875360346367765e-02 -8.25515845032288448e-02 -1.10090666758578981e-01
7.944043e+00 -5.45971710453431389e-02 -8.36414736908107914e-02 -1.02002746285948867e-01
7.952166e+00 -5.53180635234871571e-02 -8.44846354066183386e-02 -9.38378813565625414e-02
7.960289e+00 -5.59579103577175496e-02 -8.50881097771636341e-02 -8.56023394325149678e-02
7.968412e+00 -5.65240580764844736e-02 -8.54628354108852573e-02 -7.73018024461501613e-02
7.976534e+00 -5.70227998947968398e-02 -8.56230818770614271e-02 -6.89419317066819748e-02
7.984657e+00 -5.74586415197510525e-02 -8.55855924368956605e-02 -6.05289563984722084e-02
7.992780e+00 -5.78336535084913242e-02 -8.53685482554344260e-02 -5.20702610693222143e-02
8.000903e+00 -5.81470249879583456e-02 -8.49904805761859949e-02 -4.35749422931513072e-02
8.009025e+00 -5.83949090103803095e-02 -8.44692517894247707e-02 -3.50542978401313099e-02
8.017148e+00 -5.85706078639046945e-02 -8.38212026836256535e-02 -2.65222066084222913e-02
8.025271e+00 -5.86650954276178097e-02 -8.30605275073416777e-02 -1.79953560645423893e-02
8.033394e+00 -5.86678234536388704e-02 -8.21988989652314012e-02 -9.49327840360685883e-03
8.041516e+00 -5.85677186356473173e-02 -8.12453297879752040e-02 -1.03816935006260415e-03
8.049639e+00 -5.83542534345841968e-02 -8.02062316435079026e-02  7.34551673484313931e-03
8.057762e+00 -5.80184684606940629e-02 -7.90856186861343402e-02  1.56316785293653428e-02
8.065884e+00 -5.75538369782973014e-02 -7.78854019773436296e-02  2.37933454203343477e-02
8.074007e+00 -5.69568886641754757e-02 -7.66057296894293582e-02  3.18035591324909855e-02
8.082130e+00 -5.62275439862935031e-02 -7.52453420135114209e-02  3.96362832412477731e-02
8.090253e+00 -5.53691465421348936e-02 -7.38019245717348310e-02  4.72672603885415377e-02
8.098375e+00 -5.43882136242811662e-02 -7.22724564485118376e-02  5.46747426514016394e-02
8.106498e+00 -5.32939514301336500e-02 -7.06535564397982735e-02  6.18400351839341958e-02
8.114621e+00 -5.20975984378479265e-02 -6.89418327875349624e-02  6.87478156392400536e-02
8.122744e+00 -5.08116683314683709e-02 -6.71342380636660435e-02  7.53862179981091285e-02
8.130866e+00 -4.94491636943294871e-02 -6.52284236223229508e-02  8.17466944941766527e-02
8.138989e+00 -4.80228250019019212e-02 -6.32230790403291720e-02  8.78236903942774122e-02
8.147112e+00 -4.65444679443610954e-02 -6.11182332535320921e-02  9.36141811632970750e-02
8.155235e+00 -4.50244479581117657e-02 -5.89154880332188602e-02  9.91171277063894324e-02
8.163357e+00 -4.34712759225102038e-02 -5.66181531563168181e-02  1.04332903188460349e-01
8.171480e+00 -4.18913942478261123e-02 -5.42312572892699810e-02  1.09262737201628227e-01
8.179603e+00 -4.02891087380738630e-02 -5.17614195282414952e-02  1.13908212123803004e-01
8.187726e+00 -3.86666596622982153e-02 -4.92165830910926277e-02  1.18270834221072610e-01
8.195848e+00 -3.70244062311252606e-02 -4.66056325890891396e-02  1.22351691246004368e-01
8.203971e+00 -3.53610925993598640e-02 -4.39379357517082278e-02  1.26151200761303955e-01
8.212094e+00 -3.36741612924536388e-02 -4.12228652022110786e-02  1.29668948174798321e-01
8.220217e+00 -3.19600823543594662e-02 -3.84693622874601182e-02  1.32903609420504776e-01
8.228339e+00 -3.02146733705729066e-02 -3.56856004916299568e-02  1.35852950663148064e-01
8.236462e+00 -2.84333956285618104e-02 -3.28787901048265760e-02  1.38513895804489667e-01
8.244585e+00 -2.66116234103181692e-02 -3.00551412039058337e-02  1.40882650849924990e-01
8.252708e+00 -2.47448946132468074e-02 -2.72199737701048702e-02  1.42954873448762787e-01
8.260830e+00 -2.28291588173934988e-02 -2.43779378581918532e-02  1.44725877947750853e-01
8.268953e+00 -2.08610413060655621e-02 -2.15332887937335453e-02  1.46190870381412041e-01
8.277076e+00 -1.88381375444967337e-02 -1.86901566891119891e-02  1.47345212197434544e-01
8.285199e+00 -1.67593425100907474e-02 -1.58527573154038232e-02  1.48184715432758102e-01
8.293321e+00 -1.46252044497961389e-02 -1.30255099548858989e-02  1.48705973730726637e-01
8.301444e+00 -1.24382760882522734e-02 -1.02130522356750301e-02  1.48906729761833667e-01
8.309567e+00 -1.02034219074334381e-02 -7.42016617220139438e-03  1.48786269418637207e-01
8.317690e+00 -7.92803129690588040e-03 -4.65164792789428232e-03  1.48345819139629381e-01
8.325812e+00 -5.62208676189763015e-03 -1.91216218520537558e-03  1.47588907834321215e-01
8.333935e+00 -3.29804567831224697e-03  7.93880255816674005e-04  1.46521642431486077e-01
8.342058e+00 -9.70512992986023249e-04  3.46239370607567343e-03  1.45152841284214879e-01
8.350181e+00  1.34429201419064494e-03  6.08962507314633923e-03  1.43493976887429570e-01
8.358303e+00  3.62924341833888555e-03  8.67210074785073996e-03  1.41558898663856708e-01
8.366426e+00  5.86713290947503234e-03  1.12065280347174306e-02  1.39363335247183279e-01
8.374549e+00  8.04153334680884034e-03  1.36896723721589130e-02  1.36924209929647045e-01
8.382671e+00  1.01376161176607287e-02  1.61182319553226754e-02  1.34258836354289396e-01
8.390794e+00  1.21428413428344914e-02  1.84887274184943086e-02  1.31384086114261611e-01
8.398917e+00  1.40474560942061080e-02  2.07974178857208078e-02  1.28315630249546592e-01
8.407040e+00  1.58447606932749160e-02  2.30402483355246213e-02  1.25067350795642712e-01
8.415162e+00  1.75311325151519502e-02  2.52128287798690405e-02  1.21650996488644955e-01
8.423285e+00  1.91058250364577187e-02  2.73104436598111400e-02  1.18076121410845183e-01
8.431408e+00  2.05705824094851580e-02  2.93280895149313041e-02  1.14350303719557761e-01
8.439531e+00  2.19291241667093628e-02  3.12605397450579081e-02  1.10479601380623946e-01
8.447653e+00  2.31865601210214309e-02  3.31024363072714642e-02  1.06469168970375297e-01
8.455776e+00  2.43487927324778919e-02  3.48484082707461382e-02  1.02323939276846437e-01
8.463899e+00  2.54219553302037840e-02  3.64932156186599937e-02  9.80492694179993657e-02
8.472022e+00  2.64119227738024986e-02  3.80319139073564683e-02  9.36514631858342411e-02
8.480144e+00  2.73239189159390598e-02  3.94600320279895125e-02  8.91381056959000273e-02
8.488267e+00  2.81622338635778152e-02  4.07737518894897219e-02  8.45181791566815832e-02
8.496390e+00  2.89300543286204435e-02  4.19700761901649760e-02  7.98019648139974280e-02
8.504513e+00  2.96294028000911001e-02  4.30469696285084233e-02  7.50007692663157560e-02
8.512635e+00  3.02611755858109427e-02  4.40034603876406152e-02  7.01265378328596728e-02
8.520758e+00  3.08252653218940541e-02  4.48396921760531586e-02  6.51914309050116852e-02
8.528881e+00  3.13207502172399149e-02  4.55569218685232605e-02  6.02074397753305651e-02
8.537004e+00  3.17461303798528341e-02  4.61574630488031934e-02  5.51861057020029203e-02
8.545126e+00  3.20995909957799974e-02  4.66445804013540244e-02  5.01383824829863059e-02
8.553249e+00  3.23792724824424408e-02  4.70223428685312486e-02  4.50746537253115670e-02
8.561372e+00  3.25835288365607587e-02  4.72954443715977724e-02  4.00048861426259769e-02
8.569495e+00  3.27111572619887270e-02  4.74690001357417485e-02  3.49388741456196847e-02
8.577617e+00  3.27615845612993714e-02  4.75483252928130679e-02  2.98865138533910314e-02
8.585740e+00  3.27349984739644800e-02  4.75387016765237078e-02  2.48580399551319164e-02
8.593863e+00  3.26324155175871447e-02  4.74451396351194196e-02  1.98641665834096599e-02
8.601986e+00  3.24556816055037861e-02  4.72721448333796868e-02  1.49160915366035231e-02
8.610108e+00  3.22074078453669435e-02  4.70235050484242509e-02  1.00253488359377703e-02
8.618231e+00  3.18908508626018355e-02  4.67021173972848869e-02  5.20352279001301543e-03
8.626354e+00  3.15097539408306093e-02  4.63098800852864353e-02  4.61861611489925903e-04
8.634477e+00  3.10681710918030290e-02  4.58476726043620456e-02 -4.18915397092124459e-03
8.642599e+00  3.05702991378254442e-02  4.53154430370493189e-02 -8.74022398737849329e-03
8.650722e+00  3.00203415108614008e-02  4.47124104267065461e-02 -1.31835644715105702e-02
8.658845e+00  2.94224214771858887e-02  4.40373751028686339e-02 -1.75131178416469933e-02
8.666968e+00  2.87805527291627762e-02  4.32891129056722362e-02 -2.17246110953968861e-02
8.675090e+00  2.80986631980470088e-02  4.24668137172966031e-02 -2.58154565544926398e-02
8.683213e+00  2.73806557057344122e-02  4.15705136739417322e-02 -2.97845112127560346e-02
8.691336e+00  2.66304794435993954e-02  4.06014662525863018e-02 -3.36317278842741194e-02
8.699458e+00  2.58521815511058156e-02  3.95624013834314364e-02 -3.73577416093737805e-02
8.707581e+00  2.50499093727455137e-02  3.84576336365120147e-02 -4.09634376998875491e-02
8.715704e+00  2.42278413832711370e-02  3.72929986481606371e-02 -4.44495443326631129e-02
8.723827e+00  2.33900375016022066e-02  3.60756185462059731e-02 -4.78162837649155487e-02
8.731949e+00  2.25402156614771358e-02  3.48135190249308502e-02 -5.10631039705009698e-02
8.740072e+00  2.16814782526640187e-02  3.35151397398340337e-02 -5.41884998328132708e-02
8.748195e+00  2.08160264111514476e-02  3.21887931361368521e-02 -5.71899223532623610e-02
8.756318e+00  1.99449094991362257e-02  3.08421328813830095e-02 -6.00637667081397736e-02
8.764440e+00  1.90678593702927404e-02  2.94816910159050975e-02 -6.28054262563926408e-02
8.772563e+00  1.81832529198093645e-02  2.81125332029331688e-02 -6.54094001043769163e-02
8.780686e+00  1.72882321261292916e-02  2.67380656132777429e-02 -6.78694452408500487e-02
8.788809e+00  1.63789900304072249e-02  2.53600073916407584e-02 -7.01787683446450372e-02
8.796931e+00  1.54512068227878382e-02  2.39785220988746571e-02 -7.23302554472959602e-02
8.805054e+00  1.45005960957404582e-02  2.25924828903393375e-02 -7.43167383876647131e-02
8.813177e+00  1.35235013937077056e-02  2.11998320714998113e-02 -7.61312943577525797e-02
8.821300e+00  1.25174711429927154e-02  1.97979878130487078e-02 -7.77675690039602019e-02
8.829422e+00  1.14817383365104810e-02  1.83842498210203195e-02 -7.92201061539596629e-02
8.837545e+00  1.04175405542401133e-02  1.69561612754770552e-02 -8.04846603482872874e-02
8.845668e+00  9.32823485772510917e-03  1.55117951822483936e-02 -8.15584639894766789e-02
8.853791e+00  8.21918815041209477e-03  1.40499474657115112e-02 -8.24404208746322281e-02
8.861913e+00  7.09745272052871370e-03  1.25702342830906946e-02 -8.31312028944685560e-02
8.870036e+00  5.97126420193192127e-03  1.10731049252665928e-02 -8.36332361503291238e-02
8.878159e+00  4.84942099004420299e-03  9.55979248881547519e-03 -8.39505752534552147e-02
8.886282e+00  3.74061729144357534e-03  8.03223088932272788e-03 -8.40886780355250135e-02
8.894404e+00  2.65280474267834323e-03  6.49296789279446215e-03 -8.40541046529970914e-02
8.902527e+00  1.59264985360707718e-03  4.94509960994527452e-03 -8.38541730191521284e-02
8.910650e+00  5.65138349477579006e-04  3.39224310889791551e-03 -8.34966057492466246e-02
8.918773e+00 -4.26644028810150287e-04  1.83855185313612328e-03 -8.29892019535724418e-02
8.926895e+00 -1.38154807493756681e-03  2.88765401277944322e-04 -8.23395604144704640e-02
8.935018e+00 -2.30023043952504386e-03 -1.25172751405621362e-03 -8.15548705108124633e-02
8.943141e+00 -3.18488772131224731e-03 -2.77684229114936705e-03 -8.06417759841236703e-02
8.951264e+00 -4.03889697813609224e-03 -4.27980128237557839e-03 -7.96063058942005214e-02
8.959386e+00 -4.86640684741297767e-03 -5.75321604239477889e-03 -7.84538583430657022e-02
8.967509e+00 -5.67191975557587279e-03 -7.18926906434086063e-03 -7.71892176463058605e-02
8.975632e+00 -6.45989747913087130e-03 -8.57999969115578673e-03 -7.58165855996035254e-02
8.983755e+00 -7.23441220938137418e-03 -9.91768035575397132e-03 -7.43396117134285245e-02
8.991877e+00 -7.99885583737112126e-03 -1.11952510199893850e-02 -7.27614148146690093e-02
9.000000e+00 -8.75571298387359080e-03 -1.24067651617931346e-02 -7.10845982036335117e-02
