# Author: SW4
# Scenario: test
# Date: UTC  12/14/2017:0:10:42.000
# Bandwith (Hz): 1.234000e+00
# Station: sta1
# Target location (WGS84 longitude, latitude) (deg): -1.222573e+02 3.785351e+01
# Actual location (WGS84 longitude, latitude) (deg): -1.222573e+02 3.785351e+01
# Distance from target to actual location (m): 0.000000e+00
# nColumns: 4
# Column 1: Time (s)
# Column 2: X displacement (m)
# Column 3: Y displacement (m)
# Column 4: Z displacement (m)
0.000000e+00  0.00000000000000000e+00  0.00000000000000000e+00  0.00000000000000000e+00
3.565062e-03  0.00000000000000000e+00  0.00000000000000000e+00  0.00000000000000000e+00
7.130125e-03  0.00000000000000000e+00  0.00000000000000000e+00  0.00000000000000000e+00
1.069519e-02  0.00000000000000000e+00  0.00000000000000000e+00  0.00000000000000000e+00
1.426025e-02  0.00000000000000000e+00  0.00000000000000000e+00  0.00000000000000000e+00
1.782531e-02  0.00000000000000000e+00  0.00000000000000000e+00  0.00000000000000000e+00
2.139037e-02  0.00000000000000000e+00  0.00000000000000000e+00  0.00000000000000000e+00
2.495544e-02  0.00000000000000000e+00  0.00000000000000000e+00  0.00000000000000000e+00
2.852050e-02  0.00000000000000000e+00  0.00000000000000000e+00  0.00000000000000000e+00
3.208556e-02  0.00000000000000000e+00  0.00000000000000000e+00  0.00000000000000000e+00
3.565062e-02  0.00000000000000000e+00  0.00000000000000000e+00  0.00000000000000000e+00
3.921569e-02  0.00000000000000000e+00  0.00000000000000000e+00  0.00000000000000000e+00
4.278075e-02  0.00000000000000000e+00  0.00000000000000000e+00  0.00000000000000000e+00
4.634581e-02  0.00000000000000000e+00  0.00000000000000000e+00  0.00000000000000000e+00
4.991087e-02  0.00000000000000000e+00  0.00000000000000000e+00  0.00000000000000000e+00
5.347594e-02  0.00000000000000000e+00  0.00000000000000000e+00  0.00000000000000000e+00
5.704100e-02  0.00000000000000000e+00  0.00000000000000000e+00  0.00000000000000000e+00
6.060606e-02  0.00000000000000000e+00  0.00000000000000000e+00  0.00000000000000000e+00
6.417112e-02  0.00000000000000000e+00  0.00000000000000000e+00  0.00000000000000000e+00
6.773619e-02  1.58791234614306215e-81 -1.58130381223224788e-81  1.21275672099476208e-80
7.130125e-02  2.69164935648565473e-76 -2.67900315135938324e-76  2.17127393295629875e-75
7.486631e-02  1.89499886349876236e-72 -1.88468174537763046e-72  1.64807934299296464e-71
7.843137e-02  1.62767148097796494e-69 -1.61666479386445297e-69  1.51151106748643217e-68
8.199643e-02  2.11513398535688943e-67 -2.09462951229488416e-67  1.91902826734376676e-66
8.556150e-02 -3.05713791295336295e-66  3.06241389952980063e-66 -4.39422904031208154e-65
8.912656e-02 -1.51100793820714191e-64  1.48341886586815738e-64 -4.78571607617150020e-64
9.269162e-02  7.64837297794682112e-63 -7.55166573641667172e-63  4.11425735924045551e-62
9.625668e-02 -2.04393290926386636e-61  2.02201423574403874e-61 -1.13349507312181741e-60
9.982175e-02  4.23033980853242638e-60 -4.18857439336586530e-60  2.17932043780820535e-59
1.033868e-01 -7.38505582558659479e-59  7.31199952585212977e-59 -3.31597357738289191e-58
1.069519e-01  1.06823659902955408e-57 -1.05669162237508254e-57  3.96317872104735647e-57
1.105169e-01 -1.17290935921491513e-56  1.15756942781256641e-56 -3.22059010893344911e-56
1.140820e-01  7.51723329348187445e-56 -7.36363792208739694e-56  4.92418152192299801e-56
1.176471e-01  2.30395867928706891e-55 -2.39201371451661295e-55  3.47302768997132977e-54
1.212121e-01 -1.27925827732824801e-53  1.27656483724388333e-53 -6.38675756360797070e-53
1.247772e-01  1.64095033502777914e-52 -1.62863556944799696e-52  6.08032482640171690e-52
1.283422e-01 -1.03057254822773165e-51  1.01712777321581740e-51 -2.75708630570071005e-51
1.319073e-01  1.03069584308678544e-53  5.39260977798493129e-53 -9.15767256235580513e-51
1.354724e-01  6.03793098828400139e-50 -6.02078905529939528e-50  2.38606195459617503e-49
1.390374e-01 -4.98028714074313206e-49  4.93314749460933928e-49 -1.52154968564339202e-48
1.426025e-01  8.56352092380756034e-49 -8.29535981656757290e-49  7.26663068381823650e-49
1.461676e-01  1.47999739213565915e-47 -1.47825345205529592e-47  5.47986518054643868e-47
1.497326e-01 -1.14981335995304490e-46  1.13900733656782052e-46 -3.42480847693244227e-46
1.532977e-01  8.55977148863560350e-47 -8.06512391230379404e-47 -1.62110065794263484e-47
1.568627e-01  3.08059673387326027e-45 -3.07047219487385262e-45  1.04546024814745139e-44
1.604278e-01 -1.45951359821226273e-44  1.44154383497612816e-44 -4.31840425446129925e-44
1.639929e-01 -2.48137209438558389e-44  2.52279912470516552e-44 -1.21975614912705509e-43
1.675579e-01  4.13097504716726348e-43 -4.10186475188613664e-43  1.51721995941089909e-42
1.711230e-01 -7.49647560181326057e-43  7.30538167409359017e-43 -1.04880641897088493e-42
1.746881e-01 -5.62865753502528033e-42  5.62288741472398099e-42 -3.51120530701416055e-41
1.782531e-01  3.23067558649106672e-41 -3.18540542408968852e-41  7.35502931834386623e-41
1.818182e-01 -1.32818889620383604e-41  1.21636288126598985e-41  8.08522155634354194e-40
1.853832e-01 -7.28817209072011589e-40  7.20259025151669600e-40 -1.58667801334445462e-39
1.889483e-01  3.30399145772796742e-39 -3.26107879002417730e-39 -2.31276349394154391e-38
1.925134e-01  1.49643533558475773e-38 -1.47826685514966680e-38  7.26991082210116528e-39
1.960784e-01 -1.24073244219727679e-37  1.22952453668169360e-37  7.23407621506755555e-37
1.996435e-01 -4.21918193817286443e-37  4.16583024791561962e-37  1.22002509100832774e-36
2.032086e-01  3.22118036955666745e-36 -3.19948029471218579e-36 -1.98777948520189258e-35
2.067736e-01  1.51002869770726734e-35 -1.49266886490676385e-35 -7.65244518844676536e-35
2.103387e-01 -5.57137556292956102e-35  5.55388960210113515e-35  3.96837653926921337e-34
2.139037e-01 -4.83508219014899806e-34  4.78730377586442088e-34  2.90553878463977440e-33
2.174688e-01  1.52382281609586393e-34 -1.60581551769967567e-34 -3.12717461116445591e-33
2.210339e-01  1.13920096204766035e-32 -1.13002714123144011e-32 -7.64503731973864114e-32
2.245989e-01  2.87377547987410493e-32 -2.82855156879268937e-32 -1.29734823406270821e-31
2.281640e-01 -1.56127514565757431e-31  1.55437787216468049e-31  1.26990730966620939e-30
2.317291e-01 -1.06636464333698102e-30  1.05467266397089235e-30  6.26689526607300645e-30
2.352941e-01 -3.41733165185704918e-31  3.18865204063222762e-31 -5.79931836006983566e-30
2.388592e-01  1.88389318560212980e-29 -1.86865633295659742e-29 -1.33131251526293793e-28
2.424242e-01  6.90813681860868180e-29 -6.81516826985853933e-29 -3.20607887567152904e-28
2.459893e-01 -8.73640000937037472e-29  8.78190794701238649e-29  1.19194283073626944e-27
2.495544e-01 -1.43675383903165446e-27  1.42251379072912473e-27  9.10874780698777184e-27
2.531194e-01 -3.69073314949539919e-27  3.63299937291500542e-27  1.25060398721082331e-26
2.566845e-01  8.46542597837503175e-27 -8.44925484075233161e-27 -9.10439431987614609e-26
2.602496e-01  8.39528892862539327e-26 -8.30235315321395918e-26 -4.93153355638963250e-25
2.638146e-01  1.88850379530976576e-25 -1.85664756612542084e-25 -5.05288275516829156e-25
2.673797e-01 -4.25212119414477656e-25  4.24078257993074958e-25  4.59478634927202787e-24
2.709447e-01 -3.99748217836366124e-24  3.95043014370791825e-24  2.27188814543429330e-23
2.745098e-01 -9.63300504710901661e-24  9.47031683665100049e-24  2.69414868501806952e-23
2.780749e-01  1.15005219208627873e-23 -1.15301921860522491e-23 -1.63005048590386694e-22
2.816399e-01  1.53371131778191485e-22 -1.51528761124475946e-22 -8.88877622605593779e-22
2.852050e-01  4.49137089592794929e-22 -4.41766195251897193e-22 -1.51024723662088118e-21
2.887701e-01  5.76483187136315784e-23 -5.00713305260601421e-23  3.55223300479049415e-21
2.923351e-01 -4.38908920511445760e-21  4.33860334005413298e-21  2.78164413072716977e-20
2.959002e-01 -1.70684581891727342e-20  1.67964639544344993e-20  6.81690433798055388e-20
2.994652e-01 -2.21842915790581325e-20  2.16511430097643183e-20 -4.16379563197202352e-21
3.030303e-01  7.41624466638579805e-20 -7.35617219380711921e-20 -6.14643507478587941e-19
3.065954e-01  4.74914418282967162e-19 -4.67631266997126473e-19 -2.21162140662257677e-18
3.101604e-01  1.13452840589747553e-18 -1.11224864101691654e-18 -3.04196808109419221e-18
3.137255e-01  2.76218825584768653e-19 -2.55304095106334936e-19  6.40143470422622124e-18
3.172906e-01 -8.08055114296931171e-18  7.97160951264545495e-18  4.65405872543041614e-17
3.208556e-01 -3.19854733999720301e-17  3.14043093972298199e-17  1.21701977419081902e-16
3.244207e-01 -5.70762974595973263e-17  5.57531400398026503e-17  1.08340644590641694e-16
3.279857e-01  2.27118435360151849e-17 -2.32319109368526148e-17 -4.49758361073232280e-16
3.315508e-01  4.82298794925935317e-16 -4.74498171191459966e-16 -2.34429082633197421e-15
3.351159e-01  1.59442797987531573e-15 -1.56186116193239100e-15 -5.50165687370773630e-15
3.386809e-01  2.59404944808480479e-15 -2.52775003525199540e-15 -4.97299780255324432e-15
3.422460e-01 -7.76148109878258592e-16  8.02712623969260834e-16  1.57137883426569241e-14
3.458111e-01 -1.85965484297436667e-14  1.82682810053048002e-14  8.50443353744885588e-14
3.493761e-01 -6.12396986460789781e-14  5.98886479159849013e-14  2.10756563952660308e-13
3.529412e-01 -1.09417814348653477e-13  1.06527893149775336e-13  2.70494159168274084e-13
3.565062e-01 -4.54117667257500163e-14  4.28984289584201871e-14 -1.84289731061786484e-13
3.600713e-01  4.22882061595755114e-13 -4.15698809843260972e-13 -2.04823269562386074e-12
3.636364e-01  1.68636552752924917e-12 -1.64764470863566272e-12 -6.15767896262562834e-12
3.672014e-01  3.66673974318953731e-12 -3.56895931348233451e-12 -1.11648987750283648e-11
3.707665e-01  4.38989405408059738e-12 -4.24493929645372756e-12 -8.98199032480070154e-12
3.743316e-01 -2.05521931065439669e-12  2.08267447168510783e-12  2.07429584985809226e-11
3.778966e-01 -2.61415812391066708e-11  2.55658039082928570e-11  1.09735849280985191e-10
3.814617e-01 -7.72832857148191058e-11  7.52261675330873240e-11  2.77464987801111661e-10
3.850267e-01 -1.45425715695524346e-10  1.41033598306999476e-10  4.63272066028533269e-10
3.885918e-01 -1.67383993570867655e-10  1.61329317202524252e-10  4.07502243321858998e-10
3.921569e-01  9.20945073410983229e-12 -1.17338137245891414e-11 -4.69063827601773688e-10
3.957219e-01  6.24757350775905862e-10 -6.10238356483976667e-10 -3.03271803958505209e-09
3.992870e-01  1.90522397036420625e-09 -1.85017892235080435e-09 -7.98051592592806067e-09
4.028520e-01  3.80261545026777661e-09 -3.67981138114176058e-09 -1.46771355576717220e-08
4.064171e-01  5.59893361020890237e-09 -5.39826404412981474e-09 -1.92624102101933359e-08
4.099822e-01  5.54285391779466683e-09 -5.30978205090005282e-09 -1.26481084221824115e-08
4.135472e-01  8.43802637343170831e-10 -7.27306370549245037e-10  2.01110060228006603e-08
4.171123e-01 -1.16316738599607325e-08  1.13453610701326200e-08  9.70720646484381760e-08
4.206774e-01 -3.38775815168260825e-08  3.27801747833717531e-08  2.32000948773792004e-07
4.242424e-01 -6.49447018811943725e-08  6.25976384182074162e-08  4.23570098569473497e-07
4.278075e-01 -9.98532706365658145e-08  9.59498566113288931e-08  6.46204522571358711e-07
4.313725e-01 -1.30374623062303413e-07  1.24914368912409320e-07  8.50354268997107027e-07
4.349376e-01 -1.48090588179065055e-07  1.41467755772142203e-07  9.78361495792506899e-07
4.385027e-01 -1.48664645008270612e-07  1.41584555367605424e-07  9.94259666049109452e-07
4.420677e-01 -1.34918351613228448e-07  1.28135422552533565e-07  9.14227227260408263e-07
4.456328e-01 -1.16311262603970529e-07  1.10299677208365057e-07  8.16584414683613023e-07
4.491979e-01 -1.04364677861620087e-07  9.91067920430383150e-08  8.15171878798974306e-07
4.527629e-01 -1.06547530727707602e-07  1.01580239347936406e-07  1.00053605144255609e-06
4.563280e-01 -1.22924597063145795e-07  1.17618062031150723e-07  1.37994667787280279e-06
4.598930e-01 -1.48457337738850901e-07  1.42319243833266544e-07  1.85991499166594052e-06
4.634581e-01 -1.79519760486541798e-07  1.72276799801774905e-07  2.29659544420146314e-06
4.670232e-01 -2.19098990063551174e-07  2.10480182577424201e-07  2.59357263802452255e-06
4.705882e-01 -2.75263440137883599e-07  2.64690297915712697e-07  2.78265062233731846e-06
4.741533e-01 -3.52903421020263370e-07  3.39435687690062230e-07  3.02043192127128049e-06
4.777184e-01 -4.45628561324002512e-07  4.28339616248258494e-07  3.48720695670494621e-06
4.812834e-01 -5.36545020625817598e-07  5.15093662800500701e-07  4.25381084889891732e-06
4.848485e-01 -6.10125960989759409e-07  5.85000729293205863e-07  5.22259957169438068e-06
4.884135e-01 -6.66810381173346860e-07  6.38882321135139835e-07  6.20419838544094015e-06
4.919786e-01 -7.26985693783400094e-07  6.96581518418264984e-07  7.08299299764309505e-06
4.955437e-01 -8.18157276757205507e-07  7.84383987599728440e-07  7.93776881022122191e-06
4.991087e-01 -9.54119403715787814e-07  9.15091975910668985e-07  9.00450904100676696e-06
5.026738e-01 -1.12441750819732921e-06  1.07830008046560913e-06  1.04969428531491292e-05
5.062389e-01 -1.30554554348578014e-06  1.25151629704484906e-06  1.24340393423656960e-05
5.098039e-01 -1.48584809584174080e-06  1.42403704669232107e-06  1.46353495745928984e-05
5.133690e-01 -1.68144955875692992e-06  1.61178021648269378e-06  1.69050194022182133e-05
5.169340e-01 -1.92645911542074554e-06  1.84741752185524177e-06  1.92479106388371716e-05
5.204991e-01 -2.24440619452477193e-06  2.15297692569635427e-06  2.19151834925317356e-05
5.240642e-01 -2.62764241615795742e-06  2.52062460805307716e-06  2.52234198529293148e-05
5.276292e-01 -3.04638525999841146e-06  2.92190424087869976e-06  2.93073799611943733e-05
5.311943e-01 -3.48122704696795567e-06  3.33888820582632448e-06  3.40436589164857652e-05
5.347594e-01 -3.94845824389930569e-06  3.78778008618039043e-06  3.92301028767890939e-05
5.383244e-01 -4.49226083847694455e-06  4.31074096700193646e-06  4.48573043387897797e-05
5.418895e-01 -5.14972825537082056e-06  4.94241508679189977e-06  5.12079446174798104e-05
5.454545e-01 -5.92291637512533745e-06  5.68400241027799471e-06  5.86802057544653325e-05
5.490196e-01 -6.78685055921680580e-06  6.51178648808316102e-06  6.75056578730719213e-05
5.525847e-01 -7.72669183388060296e-06  7.41268101067854001e-06  7.76448145589793534e-05
5.561497e-01 -8.76673015619093476e-06  8.41098090716859503e-06  8.89705959436172728e-05
5.597148e-01 -9.96106640530563512e-06  9.55843356533881692e-06  1.01558160739706138e-04
5.632799e-01 -1.13550293761607740e-05  1.08973643306567614e-05  1.15788009421738749e-04
5.668449e-01 -1.29572899494087801e-05  1.24351359636815505e-05  1.32159488032979392e-04
5.704100e-01 -1.47520520630594795e-05  1.41569164680095138e-05  1.51011318023383040e-04
5.739750e-01 -1.67387336752793208e-05  1.60635293781055658e-05  1.72441570638964912e-04
5.775401e-01 -1.89574747234141280e-05  1.81945727790242047e-05  1.96508831574218037e-04
5.811052e-01 -2.14740593210107006e-05  2.06128465964651239e-05  2.23501316419856815e-04
5.846702e-01 -2.43413640502124065e-05  2.33676894922131358e-05  2.53994829330417065e-04
5.882353e-01 -2.75792591521748085e-05  2.64771562347852349e-05  2.88651442804189486e-04
5.918004e-01 -3.11941607965770081e-05  2.99478636814578576e-05  3.27986790017636271e-04
5.953654e-01 -3.52161683864752375e-05  3.38101982320969597e-05  3.72357837929266418e-04
5.989305e-01 -3.97135109537584202e-05  3.81307043716064948e-05  4.22176428290326454e-04
6.024955e-01 -4.47702861617542929e-05  4.29897778352223908e-05  4.78112683967740672e-04
6.060606e-01 -5.04541249370004307e-05  4.84512018970466757e-05  5.41078202070649776e-04
6.096257e-01 -5.68100930527407039e-05  5.45577110714258817e-05  6.12031404841335011e-04
6.131907e-01 -6.38862447901875145e-05  6.13562286108333346e-05  6.91838227637514374e-04
6.167558e-01 -7.17608868685477478e-05  6.89233169898970360e-05  7.81343561764766964e-04
6.203209e-01 -8.05416259822813100e-05  7.73629822050095139e-05  8.81564776519156096e-04
6.238859e-01 -9.03399419067756830e-05  8.67818579766054194e-05  9.93791245717182440e-04
6.274510e-01 -1.01252459823659223e-04  9.72720823706260126e-05  1.11949868717106248e-03
6.310160e-01 -1.13370322147145271e-04  1.08921374213490256e-04  1.26020560043508222e-03
6.345811e-01 -1.26804348674588823e-04  1.21837273440951515e-04  1.41745496661135721e-03
6.381462e-01 -1.41696353420964552e-04  1.36157091072927226e-04  1.59294446091504029e-03
6.417112e-01 -1.58205318069120488e-04  1.52033862293282255e-04  1.78865363847501642e-03
6.452763e-01 -1.76487603932977432e-04  1.69617622417031055e-04  2.00683341506456125e-03
6.488414e-01 -1.96696287007850430e-04  1.89055706319386888e-04  2.24989970236449607e-03
6.524064e-01 -2.19000233278638415e-04  2.10511509457568638e-04  2.52038825093152353e-03
6.559715e-01 -2.43599532013239096e-04  2.34178756439242902e-04  2.82104513771058978e-03
6.595365e-01 -2.70719385812028803e-04  2.60274831258118392e-04  3.15495664463571329e-03
6.631016e-01 -3.00591704837064916e-04  2.89023089089468076e-04  3.52557713471211712e-03
6.666667e-01 -3.33448529540649580e-04  3.20647338334096221e-04  3.93664648267028419e-03
6.702317e-01 -3.69536117232366834e-04  3.55385946919432785e-04  4.39213028426698078e-03
6.737968e-01 -4.09132665285588920e-04  3.93508453920716214e-04  4.89628903999161664e-03
6.773619e-01 -4.52548316559243274e-04  4.35314700965250647e-04  5.45382170457285511e-03
6.809269e-01 -5.00108229593737227e-04  4.81118432691211633e-04  6.06993608570990852e-03
6.844920e-01 -5.52140406060279486e-04  5.31236516682870351e-04  6.75028990242063781e-03
6.880570e-01 -6.08983994587153203e-04  5.85997804017684130e-04  7.50090862018684690e-03
6.916221e-01 -6.71008651889646169e-04  6.45761424692248287e-04  8.32821805284123320e-03
6.951872e-01 -7.38622160791933997e-04  7.10922933942914007e-04  9.23919133008119578e-03
6.987522e-01 -8.12257883459242109e-04  7.81901746203305628e-04  1.02414713730403506e-02
7.023173e-01 -8.92357893384959416e-04  8.59125881135155913e-04  1.13433610901094092e-02
7.058824e-01 -9.79372477154912208e-04  9.43032814571160205e-04  1.25537353800963744e-02
7.094474e-01 -1.07377675009694834e-03  1.03408544789826006e-03  1.38820243381948347e-02
7.130125e-01 -1.17608452715073472e-03  1.13278405359199734e-03  1.53383316997288688e-02
7.165775e-01 -1.28684253850996867e-03  1.23965978491370494e-03  1.69335918912283702e-02
7.201426e-01 -1.40661060403525083e-03  1.35525655548908788e-03  1.86796263556922582e-02
7.237077e-01 -1.53594899824179552e-03  1.48012068694942695e-03  2.05890829672538377e-02
7.272727e-01 -1.67542519243058636e-03  1.61480775954703530e-03  2.26753812943027329e-02
7.308378e-01 -1.82562933575357300e-03  1.75989593304653547e-03  2.49527771713767450e-02
7.344029e-01 -1.98717757859819119e-03  1.91598780576907198e-03  2.74365179003404243e-02
7.379679e-01 -2.16069641936406358e-03  2.08369631654117208e-03  3.01429545763107071e-02
7.415330e-01 -2.34680372428753767e-03  2.26362877168225082e-03  3.30895314879374874e-02
7.450980e-01 -2.54610704840054890e-03  2.45638587391157261e-03  3.62947176785765324e-02
7.486631e-01 -2.75922065631202355e-03  2.66257612484561198e-03  3.97780118615887399e-02
7.522282e-01 -2.98678022009503212e-03  2.88282798977534775e-03  4.35600638682746288e-02
7.557932e-01 -3.22943477458030983e-03  3.11778304749115625e-03  4.76628180313474203e-02
7.593583e-01 -3.48782014654556343e-03  3.36807327514229227e-03  5.21095570432374144e-02
7.629234e-01 -3.76253884452108864e-03  3.63430279769910800e-03  5.69248404599413532e-02
7.664884e-01 -4.05416231078910803e-03  3.91704798013321580e-03  6.21344558591997304e-02
7.700535e-01 -4.36324102249820416e-03  4.21686505214766312e-03  6.77654862312024181e-02
7.736185e-01 -4.69029304161605511e-03  4.53428056027706944e-03  7.38464571366551914e-02
7.771836e-01 -5.03576394742858650e-03  4.86975661417899698e-03  8.04074247775041495e-02
7.807487e-01 -5.39998661490877566e-03  5.22365346948648005e-03  8.74799278544583364e-02
7.843137e-01 -5.78317317638131316e-03  5.59621876299925408e-03  9.50968860315722087e-02
7.878788e-01 -6.18543454513130128e-03  5.98760319596935292e-03  1.03292594200459331e-01
7.914439e-01 -6.60678889876531276e-03  6.39787029874381435e-03  1.12102844448956837e-01
7.950089e-01 -7.04713470868075908e-03  6.82697512852623901e-03  1.21565040477566597e-01
7.985740e-01 -7.50621193107489128e-03  7.27472816126954486e-03  1.31718161217066754e-01
8.021390e-01 -7.98359478217883049e-03  7.74078382035517289e-03  1.42602605550488315e-01
8.057041e-01 -8.47872010624811483e-03  8.22466335899318772e-03  1.54260097897950393e-01
8.092692e-01 -8.99090332621127822e-03  8.72577260739840904e-03  1.66733760351395227e-01
8.128342e-01 -9.51929920045026419e-03  9.24337145570699320e-03  1.80068238397945835e-01
8.163993e-01 -1.00628269396361176e-02  9.77650505912186496e-03  1.94309678345088804e-01
8.199643e-01 -1.06201206038068607e-02  1.03239515201931174e-02  2.09505523306716679e-01
8.235294e-01 -1.11895288131976332e-02  1.08842161963673464e-02  2.25704319358012995e-01
8.270945e-01 -1.17691169893289049e-02  1.14555364212140538e-02  2.42955711084510695e-01
8.306595e-01 -1.23566155351426746e-02  1.20358401767037982e-02  2.61310554213646296e-01
8.342246e-01 -1.29493279657448470e-02  1.26226610377587149e-02  2.80820898693912246e-01
8.377897e-01 -1.35440737839287763e-02  1.32130760641072272e-02  3.01539736019221072e-01
8.413547e-01 -1.41372063774187762e-02  1.38037142081405273e-02  3.23520694439425216e-01
8.449198e-01 -1.47246541965749770e-02  1.43907973863373687e-02  3.46817928543739606e-01
8.484848e-01 -1.53019038684814989e-02  1.49701345493329085e-02  3.71486187910091026e-01
8.520499e-01 -1.58639206771272918e-02  1.55370505410229072e-02  3.97580793652668407e-01
8.556150e-01 -1.64050866784819817e-02  1.60863192826639356e-02  4.25157343870565030e-01
8.591800e-01 -1.69192136455650829e-02  1.66121662062210587e-02  4.54271304362356187e-01
8.627451e-01 -1.73995817978048820e-02  1.71083078248780059e-02  4.84977783496464643e-01
8.663102e-01 -1.78389073219244604e-02  1.75679345501523650e-02  5.17331540503483733e-01
8.698752e-01 -1.82292235418976163e-02  1.79836052900513368e-02  5.51386951292314631e-01
8.734403e-01 -1.85617704035904336e-02  1.83471337134980504e-02  5.87197686574034816e-01
8.770053e-01 -1.88269776670752960e-02  1.86495585630669786e-02  6.24816215847657896e-01
8.805704e-01 -1.90145052039036797e-02  1.88811815529413146e-02  6.64293469689409832e-01
8.841355e-01 -1.91132292289344988e-02  1.90315676945700812e-02  7.05678775042296702e-01
8.877005e-01 -1.91111396780424270e-02  1.90894559351023653e-02  7.49019802100734045e-01
8.912656e-01 -1.89952434751765736e-02  1.90426569167447719e-02  7.94362225250672349e-01
8.948307e-01 -1.87515752393915963e-02  1.88780459539422511e-02  8.41749161204785379e-01
8.983957e-01 -1.83652838790470674e-02  1.85816435427165125e-02  8.91220732549935946e-01
9.019608e-01 -1.78206638847626941e-02  1.81386619049907667e-02  9.42813932753442607e-01
9.055258e-01 -1.71010708277744283e-02  1.75334386411293564e-02  9.96562561126127067e-01
9.090909e-01 -1.61888136848091675e-02  1.67493272024275136e-02  1.05249689323229734e+00
9.126560e-01 -1.50651489186201196e-02  1.57686725693692818e-02  1.11064309503335457e+00
9.162210e-01 -1.37103654422723181e-02  1.45728874292022446e-02  1.17102272590563250e+00
9.197861e-01 -1.21038247210013689e-02  1.31425072413130731e-02  1.23365255824282638e+00
9.233512e-01 -1.02238772636206211e-02  1.14571275598522818e-02  1.29854452312758695e+00
9.269162e-01 -8.04774605387457986e-03  9.49528675519130741e-03  1.36570542732712052e+00
9.304813e-01 -5.55152432621558185e-03  7.23444090901604903e-03  1.43513639514460634e+00
9.340463e-01 -2.71029827488237542e-03  4.65106939963355875e-03  1.50683235991528885e+00
9.376114e-01  5.01748294456738175e-04  1.72078841911904460e-03  1.58078187174904583e+00
9.411765e-01  4.11135607985475653e-03 -1.58165062933481341e-03  1.65696708026443185e+00
9.447415e-01  8.14626790998074050e-03 -5.28243691920374150e-03  1.73536353669465826e+00
9.483066e-01  1.26352035333925378e-02 -9.40869787624311685e-03  1.81593972073367449e+00
9.518717e-01  1.76076981334122064e-02 -1.39883584376167339e-02  1.89865658278023197e+00
9.554367e-01  2.30939451871231584e-02 -1.90499778562864507e-02  1.98346739082918444e+00
9.590018e-01  2.91247750649933600e-02 -2.46227060129337975e-02  2.07031779159091878e+00
9.625668e-01  3.57317161854556337e-02 -3.07363388054109656e-02  2.15914574571046591e+00
9.661319e-01  4.29469676484278695e-02 -3.74213138403619305e-02  2.24988120347774201e+00
9.696970e-01  5.08032180839153719e-02 -4.47085566476923338e-02  2.34244576700165741e+00
9.732620e-01  5.93334367644346439e-02 -5.26292739917356214e-02  2.43675263316212698e+00
9.768271e-01  6.85707870050186324e-02 -6.12148485706155362e-02  2.53270677459676019e+00
9.803922e-01  7.85486358159503129e-02 -7.04968418187889023e-02  2.63020504822246881e+00
9.839572e-01  8.93004900396395240e-02 -8.05069535188203539e-02  2.72913607125238489e+00
9.875223e-01  1.00859768752176865e-01 -9.12768276202603202e-02  2.82938006078229876e+00
9.910873e-01  1.13259521187898171e-01 -1.02837780193058101e-01  2.93080892037081364e+00
9.946524e-01  1.26532256900736939e-01 -1.15220613018895551e-01  3.03328657254290679e+00
9.982175e-01  1.40709894935065055e-01 -1.28455550933840007e-01  3.13666926786373867e+00
1.001783e+00  1.55823671449641432e-01 -1.42572168170209790e-01  3.24080569796487472e+00
1.005348e+00  1.71903889073507371e-01 -1.57599174257061603e-01  3.34553705651798516e+00
1.008913e+00  1.88979587042778452e-01 -1.73564103773625716e-01  3.45069730442035283e+00
1.012478e+00  2.07078301856223279e-01 -1.90493067528191229e-01  3.55611366920399696e+00
1.016043e+00  2.26225956728032335e-01 -2.08410629358336874e-01  3.66160715810463255e+00
1.019608e+00  2.46446738111287089e-01 -2.27339697575827143e-01  3.76699291510991818e+00
1.023173e+00  2.67762823168400277e-01 -2.47301291243066129e-01  3.87208051729816960e+00
1.026738e+00  2.90194003176595550e-01 -2.68314192832141918e-01  3.97667442637371682e+00
1.030303e+00  3.13757368014656424e-01 -2.90394631552169602e-01  4.08057464306416673e+00
1.033868e+00  3.38467123458015606e-01 -3.13556086863739314e-01  4.18357739535543782e+00
1.037433e+00  3.64334431481028675e-01 -3.37809135984579290e-01  4.28547570879543827e+00
1.040998e+00  3.91367128754969873e-01 -3.63161207625622873e-01  4.38605991378329296e+00
1.044563e+00  4.19569330052218636e-01 -3.89616220720657214e-01  4.48511825702542488e+00
1.048128e+00  4.48941062227538157e-01 -4.17174226401762827e-01  4.58243766856298862e+00
1.051693e+00  4.79478024912945389e-01 -4.45831156818905450e-01  4.67780456513395215e+00
1.055258e+00  5.11171405752989472e-01 -4.75578641251939882e-01  4.77100556832910438e+00
1.058824e+00  5.44007607791505476e-01 -5.06403763913092497e-01  4.86182816245926208e+00
1.062389e+00  5.77967858425539327e-01 -5.38288713041339073e-01  4.95006140568005026e+00
1.065954e+00  6.13027815065073978e-01 -5.71210404937546601e-01  5.03549673556496113e+00
1.069519e+00  6.49157279375217611e-01 -6.05140190610544471e-01  5.11792879473085094e+00
1.073084e+00  6.86319991924134620e-01 -6.40043644459705741e-01  5.19715619634137482e+00
1.076649e+00  7.24473383103833246e-01 -6.75880335392640030e-01  5.27298223868645177e+00
1.080214e+00  7.63568220010634735e-01 -7.12603511107858467e-01  5.34521562921196569e+00
1.083779e+00  8.03548224782888454e-01 -7.50159740238214745e-01  5.41367123570562381e+00
1.087344e+00  8.44349777488527908e-01 -7.88488611439696285e-01  5.47817082509041064e+00
1.090909e+00  8.85901716536748540e-01 -8.27522522509819058e-01  5.53854375714658698e+00
1.094474e+00  9.28125141491785377e-01 -8.67186493337217756e-01  5.59462764176818528e+00
1.098039e+00  9.70933137267903201e-01 -9.07397923256954009e-01  5.64626897303453390e+00
1.101604e+00  1.01423044977725985e+00 -9.48066295184509356e-01  5.69332372488141480e+00
1.105169e+00  1.05791321275561900e+00 -9.89092903762990194e-01  5.73565789174238372e+00
1.108734e+00  1.10186877458430121e+00 -1.03037066695026480e+00  5.77314799063686479e+00
1.112299e+00  1.14597557074019929e+00 -1.07178399688739501e+00  5.80568154693386873e+00
1.115865e+00  1.19010295642247543e+00 -1.11320865633689081e+00  5.83315753990182095e+00
1.119430e+00  1.23411098695711408e+00 -1.15451156646310338e+00  5.85548675402078089e+00
1.122995e+00  1.27785022028542938e+00 -1.19555061181094757e+00  5.87259202898698085e+00
1.126560e+00  1.32116161513391250e+00 -1.23617451662078004e+00  5.88440847107278486e+00
1.130125e+00  1.36387651461680592e+00 -1.27622281151780892e+00  5.89088367411114255e+00
1.133690e+00  1.40581663741371021e+00 -1.31552583455137295e+00  5.89197790251924758e+00
1.137255e+00  1.44679402502233123e+00 -1.35390470215960845e+00  5.88766414211888112e+00
1.140820e+00  1.48661098215247067e+00 -1.39117125520217688e+00  5.87792800731514298e+00
1.144385e+00  1.52506009469780879e+00 -1.42712805308310475e+00  5.86276760494198612e+00
1.147950e+00  1.56192435978528321e+00 -1.46156847370954157e+00  5.84219343718912221e+00
1.151515e+00  1.59697737219104119e+00 -1.49427689249550810e+00  5.81622828767502664e+00
1.155080e+00  1.62998348751239130e+00 -1.52502885920197540e+00  5.78490696039293795e+00
1.158645e+00  1.66069795669451392e+00 -1.55359123674721911e+00  5.74827584426513738e+00
1.162210e+00  1.68886711378452348e+00 -1.57972236203610672e+00  5.70639242914337785e+00
1.165775e+00  1.71422869321983140e+00 -1.60317231871983479e+00  5.65932489273225414e+00
1.169340e+00  1.73651225599991110e+00 -1.62368333322391245e+00  5.60715170878149571e+00
1.172906e+00  1.75543963024455452e+00 -1.64099021048188187e+00  5.54996111830630223e+00
1.176471e+00  1.77072531407359568e+00 -1.65482073427393006e+00  5.48785041185957034e+00
1.180036e+00  1.78207690101692129e+00 -1.66489606440046933e+00  5.42092515907585515e+00
1.183601e+00  1.78919563286827610e+00 -1.67093123701479551e+00  5.34929853925163634e+00
1.187166e+00  1.79177710142043933e+00 -1.67263581764412494e+00  5.27309074255838617e+00
1.190731e+00  1.78951200729777948e+00 -1.66971463456494162e+00  5.19242826808082469e+00
1.194296e+00  1.78208688318617936e+00 -1.66186848716394442e+00  5.10744303786415443e+00
1.197861e+00  1.76918480674440892e+00 -1.64879482652688902e+00  5.01827145707794475e+00
1.201426e+00  1.75048622039401414e+00 -1.63018851682761556e+00  4.92505359882266536e+00
1.204991e+00  1.72566992260813135e+00 -1.60574276228395929e+00  4.82793251073908802e+00
1.208556e+00  1.69441415979373322e+00 -1.57515015133442970e+00  4.72705346933930404e+00
1.212121e+00  1.65639769957397465e+00 -1.53810369594909102e+00  4.62256307534490496e+00
1.215686e+00  1.61130086926924432e+00 -1.49429782663345190e+00  4.51460830019572867e+00
1.219251e+00  1.55880666925033329e+00 -1.44342943941180324e+00  4.40333567190235442e+00
1.222816e+00  1.49860205809867142e+00 -1.38519910487772435e+00  4.28889062497284268e+00
1.226381e+00  1.43037936787778119e+00 -1.31931242024891637e+00  4.17141685304967780e+00
1.229947e+00  1.35383771826495436e+00 -1.24548137685538141e+00  4.05105554040934024e+00
1.233512e+00  1.26868437299687908e+00 -1.16342566705046835e+00  3.92794455604061188e+00
1.237077e+00  1.17463612681832652e+00 -1.07287400066277283e+00  3.80221779412684402e+00
1.240642e+00  1.07142084034958485e+00 -9.73565554055483284e-01  3.67400470764546805e+00
1.244207e+00  9.58779114946379463e-01 -8.65251566132923422e-01  3.54342989351632198e+00
1.247772e+00  8.36465978871765214e-01 -7.47696964370051065e-01  3.41061259643183590e+00
1.251337e+00  7.04252494057907685e-01 -6.20681917549509965e-01  3.27566618587149749e+00
1.254902e+00  5.61927340486178095e-01 -4.84003351038000795e-01  3.13869777501839842e+00
1.258467e+00  4.09298503218717635e-01 -3.37476545648643322e-01  2.99980804490602315e+00
1.262032e+00  2.46195088177491583e-01 -1.80936864411383347e-01  2.85909115828290794e+00
1.265597e+00  7.24691530820693874e-02 -1.42415128481386457e-02  2.71663463002027905e+00
1.269162e+00 -1.12002563528804361e-01  1.62728786197703756e-01  2.57251917757157367e+00
1.272727e+00 -3.07316997724999041e-01  3.50068205725528270e-01  2.42681869292721997e+00
1.276292e+00 -5.13543083115161170e-01  5.47844212981964396e-01  2.27960040720869639e+00
1.279857e+00 -7.30719985336585443e-01  7.56095888736996846e-01  2.13092516364887663e+00
1.283422e+00 -9.58855333738366400e-01  9.74832231769583335e-01  1.98084767865873634e+00
1.286988e+00 -1.19792357871394994e+00  1.20403056748673154e+00  1.82941678862399204e+00
1.290553e+00 -1.44786449705198739e+00  1.44363509593918860e+00  1.67667578676398898e+00
1.294118e+00 -1.70858175058719741e+00  1.69355550407178512e+00  1.52266291496726147e+00
1.297683e+00 -1.97994142194863398e+00  1.95366556853045248e+00  1.36741195528959780e+00
1.301248e+00 -2.26177057715611873e+00  2.22380178064149048e+00  1.21095282553902250e+00
1.304813e+00 -2.55385597778786666e+00  2.50376209847158071e+00  1.05331216304779596e+00
1.308378e+00 -2.85594299808903962e+00  2.79330488464167459e+00  8.94513963085753705e-01
1.311943e+00 -3.16773468494130039e+00  3.09214798775256972e+00  7.34580318965474599e-01
1.315508e+00 -3.48889087803451226e+00  3.39996789653295517e+00  5.73532229607126354e-01
1.319073e+00 -3.81902740357341752e+00  3.71639896846585183e+00  4.11390408944245278e-01
1.322638e+00 -4.15771544335106924e+00  4.04103281323507879e+00  2.48176079392512433e-01
1.326203e+00 -4.50448115475719923e+00  4.37341790132338382e+00  8.39117822662550084e-02
1.329768e+00 -4.85880551498676372e+00  4.71305938865812202e+00 -8.13777726411887836e-02
1.333333e+00 -5.22012431192572723e+00  5.05941909844985815e+00 -2.47664839354167499e-01
1.336898e+00 -5.58782826128619092e+00  5.41191563578811419e+00 -4.14917782893972631e-01
1.340463e+00 -5.96126331790805786e+00  5.76992468038534856e+00 -5.83100249513127555e-01
1.344029e+00 -6.33973126108562468e+00  6.13277952372986501e+00 -7.52170353133922109e-01
1.347594e+00 -6.72249056038388382e+00  6.49977186906057991e+00 -9.22079885023602164e-01
1.351159e+00 -7.10875746117412177e+00  6.87015285559885935e+00 -1.09277356413788862e+00
1.354724e+00 -7.49770724430353130e+00  7.24313426576550601e+00 -1.26418832987881147e+00
1.358289e+00 -7.88847568636085494e+00  7.61788992282532718e+00 -1.43625266539600860e+00
1.361854e+00 -8.28016078752583162e+00  7.99355732778245898e+00 -1.60888595926040523e+00
1.365419e+00 -8.67182479813169849e+00  8.36923957235493354e+00 -1.78199794180109761e+00
1.368984e+00 -9.06249650778885574e+00  8.74400751398895437e+00 -1.95548821999978140e+00
1.372549e+00 -9.45117373843366515e+00  9.11690216465004966e+00 -2.12924588795905700e+00
1.376114e+00 -9.83682602525613170e+00  9.48693726329642395e+00 -2.30314917431475585e+00
1.379679e+00 -1.02183975237623557e+01  9.85310205059783684e+00 -2.47706513507089632e+00
1.383244e+00 -1.05948101841696847e+01  1.02143642874546270e+01 -2.65084945079014034e+00
1.386809e+00 -1.09649671828624307e+01  1.05696735270142739e+01 -2.82434636553776519e+00
1.390374e+00 -1.13277565523469459e+01  1.09179645956943840e+01 -2.99738873112884097e+00
1.393939e+00 -1.16820549588926301e+01  1.12581612231782309e+01 -3.16979809287615710e+00
1.397504e+00 -1.20267316300540070e+01  1.15891798038674150e+01 -3.34138481556652467e+00
1.401070e+00 -1.23606524698900131e+01  1.19099333233246689e+01 -3.51194832013959646e+00
1.404635e+00 -1.26826843739844559e+01  1.22193354786845152e+01 -3.68127748134062616e+00
1.408200e+00 -1.29916996959092454e+01  1.25163049617012252e+01 -3.84915114473223685e+00
1.411765e+00 -1.32865807907672888e+01  1.27997698270754228e+01 -4.01533868018884288e+00
1.415330e+00 -1.35662246012971206e+01  1.30686718944730806e+01 -4.17960055794695773e+00
1.418895e+00 -1.38295473107143962e+01  1.33219712005278392e+01 -4.34168902221638486e+00
1.422460e+00 -1.40754890909666841e+01  1.35586505412982135e+01 -4.50134892351867233e+00
1.426025e+00 -1.43030189151637952e+01  1.37777200907849213e+01 -4.65831866753172719e+00
1.429590e+00 -1.45111393485775455e+01  1.39782220117397706e+01 -4.81233118229749302e+00
1.433155e+00 -1.46988912514664456e+01  1.41592349785106109e+01 -4.96311487455893818e+00
1.436720e+00 -1.48653583985111393e+01  1.43198786063176744e+01 -5.11039464947367517e+00
1.440285e+00 -1.50096720553040974e+01  1.44593178336339658e+01 -5.25389306623307029e+00
1.443850e+00 -1.51310155043989560e+01  1.45767672657560130e+01 -5.39333159449020183e+00
1.447415e+00 -1.52286284385988218e+01  1.46714954045559107e+01 -5.52843186492042626e+00
1.450980e+00 -1.53018111317209904e+01  1.47428286672365232e+01 -5.65891686707204666e+00
1.454545e+00 -1.53499283696828446e+01  1.47901551656746015e+01 -5.78451215941872476e+00
1.458111e+00 -1.53724131882208255e+01  1.48129282915142237e+01 -5.90494717174554928e+00
1.461676e+00 -1.53687704370576608e+01  1.48106701370968707e+01 -6.01995657921664762e+00
1.465241e+00 -1.53385801057110331e+01  1.47829746981130654e+01 -6.12928164474929993e+00
1.468806e+00 -1.52815003109880934e+01  1.47295107590446470e+01 -6.23267146945892492e+00
1.472371e+00 -1.51972699080487370e+01  1.46500244154755812e+01 -6.32988419986292072e+00
1.475936e+00 -1.50857107705854432e+01  1.45443412714797251e+01 -6.42068827103043471e+00
1.479501e+00 -1.49467297869028002e+01  1.44123683597449919e+01 -6.50486368075657762e+00
1.483066e+00 -1.47803205370450517e+01  1.42540957578374368e+01 -6.58220320604742337e+00
1.486631e+00 -1.45865645569328937e+01  1.40695978142249931e+01 -6.65251349850624862e+00
1.490196e+00 -1.43656321363635264e+01  1.38590339306656620e+01 -6.71561609044892638e+00
1.493761e+00 -1.41177826896400482e+01  1.36226489322145206e+01 -6.77134838121425098e+00
1.497326e+00 -1.38433647671526288e+01  1.33607730868656631e+01 -6.81956460920690333e+00
1.500891e+00 -1.35428157098727180e+01  1.30738217793591893e+01 -6.86013674104650928e+00
1.504456e+00 -1.32166608743875305e+01  1.27622947760426122e+01 -6.89295522240978631e+00
1.508021e+00 -1.28655123703358445e+01  1.24267750279115923e+01 -6.91792961163068387e+00
1.511586e+00 -1.24900673380884299e+01  1.20679270339508911e+01 -6.93498915241359981e+00
1.515152e+00 -1.20911058458978147e+01  1.16864948334196601e+01 -6.94408329489835907e+00
1.518717e+00 -1.16694884427987429e+01  1.12832996608746310e+01 -6.94518211518723749e+00
1.522282e+00 -1.12261533265952842e+01  1.08592372324358220e+01 -6.93827659150659937e+00
1.525847e+00 -1.07621130757585224e+01  1.04152746212699476e+01 -6.92337875348834419e+00
1.529412e+00 -1.02784509633081225e+01  9.95244673645350098e+00 -6.90052174866178003e+00
1.532977e+00 -9.77631693315726125e+00  9.47185247166075328e+00 -6.86975983577279337e+00
1.536542e+00 -9.25692330103610672e+00  8.97465057830859259e+00 -6.83116827205290278e+00
1.540107e+00 -8.72154017289657624e+00  8.46205526459673685e+00 -6.78484306871923515e+00
1.543672e+00 -8.17149054452767665e+00  7.93533149779851144e+00 -6.73090062983876525e+00
1.547237e+00 -7.60814509284286711e+00  7.39579002063265545e+00 -6.66947730563043617e+00
1.550802e+00 -7.03291673206334966e+00  6.84478213998752505e+00 -6.60072886605134901e+00
1.554367e+00 -6.44725501118430433e+00  6.28369435170262580e+00 -6.52482987663890501e+00
1.557932e+00 -5.85264037493544897e+00  5.71394282790960606e+00 -6.44197297017749460e+00
1.561497e+00 -5.25057827036807012e+00  5.13696776270496969e+00 -6.35236803319219856e+00
1.565062e+00 -4.64259310357640764e+00  4.55422758357599999e+00 -6.25624132615037176e+00
1.568627e+00 -4.03022210479093168e+00  3.96719307334131033e+00 -6.15383453392346791e+00
1.572193e+00 -3.41500917914489044e+00  3.37734146681128244e+00 -6.04540373653875740e+00
1.575758e+00 -2.79849878599084079e+00  2.78615056914271220e+00 -5.93121831138843092e+00
1.579323e+00 -2.18222984764868144e+00  2.19509291160533415e+00 -5.81155979357551367e+00
1.582888e+00 -1.56772968863494122e+00  1.60562994938551462e+00 -5.68672070460581303e+00
1.586453e+00 -9.56508043772413163e-01  1.01920632420413471e+00 -5.55700333495113163e+00
1.590018e+00 -3.50051200486469427e-01  4.37244240316491950e-01 -5.42271847314626232e+00
1.593583e+00  2.50183673451931321e-01 -1.38861991571237353e-01 -5.28418410681563611e+00
1.597148e+00  8.42774001280157670e-01 -7.07751208003029486e-01 -5.14172413127580796e+00
1.600713e+00  1.42633706862042708e+00 -1.26810043572552300e+00 -4.99566706947443162e+00
1.604278e+00  1.99953507806752695e+00 -1.81862972145540058e+00 -4.84634477572290923e+00
1.607843e+00  2.56107994300108421e+00 -2.35810672623363571e+00 -4.69409111237133292e+00
1.611408e+00  3.10973777272034546e+00 -2.88535103942870741e+00 -4.53924063450417403e+00
1.614973e+00  3.64433302508993107e+00 -3.39923817023376795e+00 -4.38212732870592792e+00
1.618538e+00  4.16375232925686234e+00 -3.89870320398723980e+00 -4.22308340811092897e+00
1.622103e+00  4.66694798290342305e+00 -4.38274413567496524e+00 -4.06243812472732380e+00
1.625668e+00  5.15294110665259808e+00 -4.85042488444412978e+00 -3.90051657974768196e+00
1.629234e+00  5.62082441959339985e+00 -5.30087796105066733e+00 -3.73763856912043435e+00
1.632799e+00  6.06976460856233047e+00 -5.73330674631422532e+00 -3.57411751721865256e+00
1.636364e+00  6.49900429403136570e+00 -6.14698736565089998e+00 -3.41025950127960220e+00
1.639929e+00  6.90786361603667398e+00 -6.54127018483350042e+00 -3.24636231966360533e+00
1.643494e+00  7.29574145216443615e+00 -6.91558095785083271e+00 -3.08271457682585481e+00
1.647059e+00  7.66211625031170840e+00 -7.26942162210279008e+00 -2.91959482226894496e+00
1.650624e+00  8.00654644922882675e+00 -7.60237070529484171e+00 -2.75727080113723000e+00
1.654189e+00  8.32867048675363897e+00 -7.91408332535655035e+00 -2.59599881895913986e+00
1.657754e+00  8.62820643190020675e+00 -8.20429081307039887e+00 -2.43602316434445987e+00
1.661319e+00  8.90495128043131956e+00 -8.47280000882070361e+00 -2.27757555169930503e+00
1.664884e+00  9.15877991943997394e+00 -8.71949225381221993e+00 -2.12087461944502875e+00
1.668449e+00  9.38964373758694215e+00 -8.94432205335515285e+00 -1.96612554933633898e+00
1.672014e+00  9.59756887401793435e+00 -9.14731539251001635e+00 -1.81351981562535336e+00
1.675579e+00  9.78265414571680836e+00 -9.32856773179664422e+00 -1.66323500145325642e+00
1.679144e+00  9.94506871451389785e+00 -9.48824174388023955e+00 -1.51543462837635046e+00
1.682709e+00  1.00850495234679514e+01 -9.62656482984994177e+00 -1.37026802372615575e+00
1.686275e+00  1.02028984863288521e+01 -9.74382640634556374e+00 -1.22787029660840297e+00
1.689840e+00  1.02989794129387882e+01 -9.84037494556236148e+00 -1.08836244538151217e+00
1.693405e+00  1.03737147027946861e+01 -9.91661479265613721e+00 -9.51851538636829253e-01
1.696970e+00  1.04275818790894235e+01 -9.97300282504031799e+00 -8.18430901997715066e-01
1.700535e+00  1.04611100155279662e+01 -1.00100450038816131e+01 -6.88180315955633670e-01
1.704100e+00  1.04748760517310888e+01 -1.00282928182333233e+01 -5.61166290865670159e-01
1.707665e+00  1.04695009709537370e+01 -1.00283396015737338e+01 -4.37442456901927512e-01
1.711230e+00  1.04456458550539413e+01 -1.00108167361307565e+01 -3.17050027325560924e-01
1.714795e+00  1.04040078849568278e+01 -9.97638980642189921e+00 -2.00018263966492804e-01
1.718360e+00  1.03453163526184895e+01 -9.92575476042555316e+00 -8.63649285346744511e-02
1.721925e+00  1.02703286946100327e+01 -9.85963408807481834e+00  2.39032298507951407e-02
1.725490e+00  1.01798265176777925e+01 -9.77877299363259667e+00  1.30789904293456660e-01
1.729055e+00  1.00746116122380016e+01 -9.68393556148971157e+00  2.34308595208160247e-01
1.732620e+00  9.95550200687417330e+00 -9.57590096305733951e+00  3.34481972416939055e-01
1.736185e+00  9.82332813188084053e+00 -9.45545976415473710e+00  4.31341267821699292e-01
1.739750e+00  9.67892911306766734e+00 -9.32341035349833192e+00  5.24925672827080581e-01
1.743316e+00  9.52314916703314118e+00 -9.18055547251502801e+00  6.15281696067218720e-01
1.746881e+00  9.35683407747165496e+00 -9.02769883302948806e+00  7.02462475292259358e-01
1.750446e+00  9.18082778537527133e+00 -8.86564185022801077e+00  7.86527081722635191e-01
1.754011e+00  8.99596915443962608e+00 -8.69518053929161105e+00  8.67539855894458589e-01
1.757576e+00  8.80308893979426088e+00 -8.51710259821227389e+00  9.45569777184759541e-01
1.761141e+00  8.60300693488547097e+00 -8.33218465900231919e+00  1.02068983967146765e+00
1.764706e+00  8.39652926316083636e+00 -8.14118968387061948e+00  1.09297641304056770e+00
1.768271e+00  8.18444582461483527e+00 -7.94486451674261840e+00  1.16250859601283763e+00
1.771836e+00  7.96752794437837064e+00 -7.74393763021944626e+00  1.22936758994742923e+00
1.775401e+00  7.74652625411562479e+00 -7.53911709623767834e+00  1.29363611501479525e+00
1.778966e+00  7.52216878847023818e+00 -7.33108876809140497e+00  1.35539786809494589e+00
1.782531e+00  7.29515925799180476e+00 -7.12051463784068073e+00  1.41473700141454461e+00
1.786096e+00  7.06617548899954340e+00 -6.90803135089190246e+00  1.47173760228296313e+00
1.789661e+00  6.83586805939356434e+00 -6.69424889573143655e+00  1.52648317816378887e+00
1.793226e+00  6.60485915848805938e+00 -6.47974950016815576e+00  1.57905617595816317e+00
1.796791e+00  6.37374166125008834e+00 -6.26508674316725411e+00  1.62953756153172025e+00
1.800357e+00  6.14307837990207517e+00 -6.05078485998896731e+00  1.67800645237321078e+00
1.803922e+00  5.91340146934753896e+00 -5.83733821063620972e+00  1.72453976707181345e+00
1.807487e+00  5.68521199628470875e+00 -5.62521090022911796e+00  1.76921186725560564e+00
1.811052e+00  5.45897969278824569e+00 -5.41483655838716960e+00  1.81209421271334858e+00
1.814617e+00  5.23514289247374887e+00 -5.20661828107447722e+00  1.85325507615365348e+00
1.818182e+00  5.01410862076003383e+00 -5.00092872075622097e+00  1.89275933446426436e+00
1.821747e+00  4.79625281069421394e+00 -4.79811030520128146e+00  1.93066829910084592e+00
1.825312e+00  4.58192063796744353e+00 -4.59847558153560687e+00  1.96703953586014912e+00
1.828877e+00  4.37142698402399255e+00 -4.40230769898678087e+00  2.00192667335551189e+00
1.832442e+00  4.16505702807635991e+00 -4.20986103402332112e+00  2.03537925213090221e+00
1.836007e+00  3.96306695046290036e+00 -4.02136192855634089e+00  2.06744265555188944e+00
1.839572e+00  3.76568472382484964e+00 -3.83700949150339321e+00  2.09815809960049515e+00
1.843137e+00  3.57311097967500357e+00 -3.65697643530748762e+00  2.12756262056411671e+00
1.846702e+00  3.38551995031932984e+00 -3.48140996636917555e+00  2.15568903667027989e+00
1.850267e+00  3.20306048494862816e+00 -3.31043277316155748e+00  2.18256592648571335e+00
1.853832e+00  3.02585712698109344e+00 -3.14414412894200934e+00  2.20821767840761041e+00
1.857398e+00  2.85401123241359400e+00 -2.98262107237874519e+00  2.23266460601456362e+00
1.860963e+00  2.68760211481725353e+00 -2.82591960275712406e+00  2.25592306900059647e+00
1.864528e+00  2.52668821506991792e+00 -2.67407585132792258e+00  2.27800556016691358e+00
1.868093e+00  2.37130829923590492e+00 -2.52710723808691062e+00  2.29892079007482586e+00
1.871658e+00  2.22148268045678288e+00 -2.38501364721287956e+00  2.31867383119741488e+00
1.875223e+00  2.07721444848751791e+00 -2.24777864057008392e+00  2.33726633223522207e+00
1.878788e+00  1.93849068706625616e+00 -2.11537070246492176e+00  2.35469674430325604e+00
1.882353e+00  1.80528366928002204e+00 -1.98774449666978636e+00  2.37096050219492671e+00
1.885918e+00  1.67755203503814143e+00 -1.86484211651173126e+00  2.38605017643006612e+00
1.889483e+00  1.55524195863115078e+00 -1.74659430495182177e+00  2.39995566578932440e+00
1.893048e+00  1.43828830438151423e+00 -1.63292161691903281e+00  2.41266446736084106e+00
1.896613e+00  1.32661575550226662e+00 -1.52373551111938732e+00  2.42416198038335073e+00
1.900178e+00  1.22013989938810230e+00 -1.41893939578178485e+00  2.43443176951685425e+00
1.903743e+00  1.11876826340293434e+00 -1.31842967904166986e+00  2.44345576978390966e+00
1.907308e+00  1.02240130692959230e+00 -1.22209685329671380e+00  2.45121449083845766e+00
1.910873e+00  9.30933376460994388e-01 -1.12982658264858737e+00  2.45768728274715098e+00
1.914439e+00  8.44253622252415070e-01 -1.04150071894012930e+00  2.46285265614310411e+00
1.918004e+00  7.62246868579878112e-01 -9.56998191352438132e-01  2.46668859072612268e+00
1.921569e+00  6.84794431632355205e-01 -8.76195782933517520e-01  2.46917278559062314e+00
1.925134e+00  6.11774884980505473e-01 -7.98968862621304954e-01  2.47028287493943388e+00
1.928699e+00  5.43064774511846871e-01 -7.25192135789206715e-01  2.46999666814454955e+00
1.932264e+00  4.78539282109757547e-01 -6.54740420712901505e-01  2.46829243549269428e+00
1.935829e+00  4.18072836230104217e-01 -5.87489403349941708e-01  2.46514920102386448e+00
1.939394e+00  3.61539670830830884e-01 -5.23316308293588550e-01  2.46054699467181015e+00
1.942959e+00  3.08814337266053951e-01 -4.62100451204486617e-01  2.45446706372452184e+00
1.946524e+00  2.59772171653569139e-01 -4.03723683397127164e-01  2.44689208531705127e+00
1.950089e+00  2.14289715113744811e-01 -3.48070776685340422e-01  2.43780640656028647e+00
1.953654e+00  1.72245083050668241e-01 -2.95029806995081023e-01  2.42719629017661820e+00
1.957219e+00  1.33518284265876919e-01 -2.44492568233697083e-01  2.41505012476182568e+00
1.960784e+00  9.79914954159013252e-02 -1.96354992784367688e-01  2.40135859220036618e+00
1.964349e+00  6.55492956998548759e-02 -1.50517508742572859e-01  2.38611482542080955e+00
1.967914e+00  3.60788629058923435e-02 -1.06885270007527566e-01  2.36931458572065612e+00
1.971480e+00  9.47013110256202280e-03 -6.53682598153747657e-02  2.35095644750955302e+00
1.975045e+00 -1.43840871331139281e-02 -2.58813414052790347e-02  2.33104195358802357e+00
1.978610e+00 -3.55880107803782098e-02  1.16556559625913304e-02  2.30957572571153280e+00
1.982175e+00 -5.42428340806033610e-02  4.73177900541313784e-02  2.28656555241784831e+00
1.985740e+00 -7.04467079554550457e-02  8.11748578921432096e-02  2.26202248129939809e+00
1.989305e+00 -8.42947569763720927e-02  1.13291337944434398e-01  2.23596091390463636e+00
1.992870e+00 -9.58791192947125587e-02  1.43726461517875104e-01  2.20839867994876426e+00
1.996435e+00 -1.05288996387069317e-01  1.72534368127096271e-01  2.17935707988295180e+00
2.000000e+00 -1.12610713939806303e-01  1.99764258914490345e-01  2.14886090849901734e+00
2.003565e+00 -1.17927810085986254e-01  2.25460497230101919e-01  2.11693847175909688e+00
2.007130e+00 -1.21321162769345153e-01  2.49662678114953129e-01  2.08362158817431320e+00
2.010695e+00 -1.22869145179957492e-01  2.72405731800407891e-01  2.04894556032914554e+00
2.014260e+00 -1.22647782307991296e-01  2.93720107586761980e-01  2.01294912360060696e+00
2.017825e+00 -1.20730894102696260e-01  3.13632029184769567e-01  1.97567439513654941e+00
2.021390e+00 -1.17190240394502335e-01  3.32163773676392382e-01  1.93716682688116215e+00
2.024955e+00 -1.12095695000966222e-01  3.49333932935615155e-01  1.89747513400264078e+00
2.028520e+00 -1.05515454020846708e-01  3.65157652853410009e-01  1.85665117362494692e+00
2.032086e+00 -9.75162505725524903e-02  3.79646874455813133e-01  1.81474979293468208e+00
2.035651e+00 -8.81635450694237960e-02  3.92810601250203950e-01  1.77182869412108213e+00
2.039216e+00 -7.75216930598382065e-02  4.04655198907580116e-01  1.72794833075062293e+00
2.042781e+00 -6.56541233214834596e-02  4.15184718042923617e-01  1.68317179008529316e+00
2.046346e+00 -5.26235487185924972e-02  4.24401226479302174e-01  1.63756460738326659e+00
2.049911e+00 -3.84921915311836685e-02  4.32305137798653483e-01  1.59119452189919119e+00
2.053476e+00 -2.33219833202647463e-02  4.38895525027381883e-01  1.54413124592905504e+00
2.057041e+00 -7.17472561308409116e-03  4.44170418149229862e-01  1.49644629712524724e+00
2.060606e+00  9.88775878761399482e-03  4.48127101957033813e-01  1.44821285919677711e+00
2.064171e+00  2.78034479141284485e-02  4.50762438858341219e-01  1.39950558892063093e+00
2.067736e+00  4.65099214900113397e-02  4.52073221425294269e-01  1.35040033782817792e+00
2.071301e+00  6.59441841426199882e-02  4.52056523374334995e-01  1.30097384581585307e+00
2.074866e+00  8.60425401505678922e-02  4.50710005511574474e-01  1.25130348550670090e+00
2.078431e+00  1.06740497084476499e-01  4.48032169033006467e-01  1.20146706889681432e+00
2.081996e+00  1.27972651136079113e-01  4.44022601543335893e-01  1.15154265712263459e+00
2.085561e+00  1.49672542969998018e-01  4.38682269409858439e-01  1.10160832130812225e+00
2.089127e+00  1.71772526590927538e-01  4.32013852821315547e-01  1.05174186564846095e+00
2.092692e+00  1.94203696800311798e-01  4.24022053888318706e-01  1.00202055723170402e+00
2.096257e+00  2.16895866545174204e-01  4.14713812640545298e-01  9.52520877469678950e-01
2.099822e+00  2.39777540433325304e-01  4.04098448277358135e-01  9.03318273391422566e-01
2.103387e+00  2.62775852784348174e-01  3.92187817016186324e-01  8.54486901051691450e-01
2.106952e+00  2.85816502292648100e-01  3.78996553228734379e-01  8.06099392798600545e-01
2.110517e+00  3.08823741156191989e-01  3.64542351995011893e-01  7.58226675111231874e-01
2.114082e+00  3.31720430581414649e-01  3.48846175134647107e-01  7.10937805531606681e-01
2.117647e+00  3.54428113300950975e-01  3.31932312054790901e-01  6.64299761412006640e-01
2.121212e+00  3.76867054060180728e-01  3.13828359313867489e-01  6.18377160236597057e-01
2.124777e+00  3.98956261022078706e-01  2.94565257091789379e-01  5.73231977406773119e-01
2.128342e+00  4.20613546914831271e-01  2.74177449096328851e-01  5.28923350486696031e-01
2.131907e+00  4.41755660908199010e-01  2.52703083287694030e-01  4.85507485474523270e-01
2.135472e+00  4.62298456128048763e-01  2.30184100589038931e-01  4.43037590246273205e-01
2.139037e+00  4.82157036562854913e-01  2.06666143969097521e-01  4.01563750362972316e-01
2.142602e+00  5.01245876159315373e-01  1.82198374742996577e-01  3.61132735604294652e-01
2.146168e+00  5.19478958732498830e-01  1.56833350119828407e-01  3.21787797254740993e-01
2.149733e+00  5.36769979979355050e-01  1.30627032498198709e-01  2.83568520057070228e-01
2.153298e+00  5.53032594265947197e-01  1.03638855003672994e-01  2.46510746020985938e-01
2.156863e+00  5.68180654632654769e-01  7.59317007479241995e-02  2.10646547267480361e-01
2.160428e+00  5.82128425875843902e-01  4.75717200266502077e-02  1.76004215382836615e-01
2.163993e+00  5.94790804013317076e-01  1.86280384079116935e-02  1.42608238877423521e-01
2.167558e+00  6.06083582113585484e-01 -1.08275180238129841e-02  1.10479248880027345e-01
2.171123e+00  6.15923756970199410e-01 -4.07205931530866608e-02  7.96339383511587284e-02
2.174688e+00  6.24229834516660587e-01 -7.09743904743321968e-02  5.00849976313256576e-02
2.178253e+00  6.30922110010210035e-01 -1.01509791289346021e-01  2.18411197971632338e-02
2.181818e+00  6.35922945117148197e-01 -1.32245599001889452e-01 -5.09291455135033998e-03
2.185383e+00  6.39157077606224089e-01 -1.63098905224215801e-01 -3.07161266855665339e-02
2.188948e+00  6.40551965256720979e-01 -1.93985470572971996e-01 -5.50312698003078901e-02
2.192513e+00  6.40038129979199066e-01 -2.24820008374704366e-01 -7.80448093945002447e-02
2.196078e+00  6.37549475678848787e-01 -2.55516365839060289e-01 -9.97668995914740564e-02
2.199643e+00  6.33023591198979219e-01 -2.85987713035056212e-01 -1.20211301607928811e-01
2.203209e+00  6.26402068193463335e-01 -3.16146852084461971e-01 -1.39395249053885201e-01
2.206774e+00  6.17630841589131951e-01 -3.45906637703232434e-01 -1.57339305806141860e-01
2.210339e+00  6.06660528272754629e-01 -3.75180383761756608e-01 -1.74067239207682106e-01
2.213904e+00  5.93446738240353433e-01 -4.03882149987539574e-01 -1.89605884418538650e-01
2.217469e+00  5.77950361224813802e-01 -4.31926939731532789e-01 -2.03984974669405905e-01
2.221034e+00  5.60137853261089891e-01 -4.59230938866816762e-01 -2.17236959623067327e-01
2.224599e+00  5.39981535446509509e-01 -4.85711872724137794e-01 -2.29396859049051161e-01
2.228164e+00  5.17459887180642952e-01 -5.11289414392864794e-01 -2.40502153600521379e-01
2.231729e+00  4.92557805385724301e-01 -5.35885511829168659e-01 -2.50592647508965150e-01
2.235294e+00  4.65266823117559347e-01 -5.59424589781026049e-01 -2.59710241944028308e-01
2.238859e+00  4.35585310085997490e-01 -5.81833720916795749e-01 -2.67898646828211129e-01
2.242424e+00  4.03518679106979750e-01 -6.03042886567604186e-01 -2.75203134999529642e-01
2.245989e+00  3.69079592806158374e-01 -6.22985330725905007e-01 -2.81670406064743528e-01
2.249554e+00  3.32288137333128453e-01 -6.41597885679378588e-01 -2.87348505049510872e-01
2.253119e+00  2.93171937763094859e-01 -6.58821157009429115e-01 -2.92286669425410595e-01
2.256684e+00  2.51766226863452847e-01 -6.74599590741060240e-01 -2.96535046875985975e-01
2.260250e+00  2.08113903075284157e-01 -6.88881558457748122e-01 -3.00144365577271754e-01
2.263815e+00  1.62265595153831155e-01 -7.01619564145515295e-01 -3.03165692868939629e-01
2.267380e+00  1.14279709670701612e-01 -7.12770531710492428e-01 -3.05650324371539883e-01
2.270945e+00  6.42224220795682560e-02 -7.22296025191876301e-01 -3.07649708414198864e-01
2.274510e+00  1.21676014671215620e-02 -7.30162296303456193e-01 -3.09215280834789386e-01
2.278075e+00 -4.18033016334660029e-02 -7.36340205424341310e-01 -3.10398188440248080e-01
2.281640e+00 -9.76013727987971730e-02 -7.40805171197761125e-01 -3.11248995636036696e-01
2.285205e+00 -1.55130360371979692e-01 -7.43537259740754686e-01 -3.11817476969008633e-01
2.288770e+00 -2.14286842309765357e-01 -7.44521367913799526e-01 -3.12152507041267124e-01
2.292335e+00 -2.74960451422652075e-01 -7.43747340119910394e-01 -3.12301976795705261e-01
2.295900e+00 -3.37034144648774792e-01 -7.41209900333108740e-01 -3.12312667075107908e-01
2.299465e+00 -4.00384492485668153e-01 -7.36908441517562407e-01 -3.12230069799057375e-01
2.303030e+00 -4.64881985981709822e-01 -7.30846835721489341e-01 -3.12098191942481007e-01
2.306595e+00 -5.30391377641929451e-01 -7.23033389463128562e-01 -3.11959378347388294e-01
2.310160e+00 -5.96772064450453277e-01 -7.13480908288050997e-01 -3.11854170820903331e-01
2.313725e+00 -6.63878502036103657e-01 -7.02206711140987982e-01 -3.11821208205068867e-01
2.317291e+00 -7.31560638074678082e-01 -6.89232471744223862e-01 -3.11897160975751209e-01
2.320856e+00 -7.99664369194711511e-01 -6.74583922817513004e-01 -3.12116676095481271e-01
2.324421e+00 -8.68032031749213506e-01 -6.58290579929345809e-01 -3.12512298310147651e-01
2.327986e+00 -9.36502922318547371e-01 -6.40385604530452235e-01 -3.13114354023916241e-01
2.331551e+00 -1.00491383073990548e+00 -6.20905771084688696e-01 -3.13950824740136525e-01
2.335116e+00 -1.07309957765774655e+00 -5.99891390805924463e-01 -3.15047260320701239e-01
2.338681e+00 -1.14089356787794416e+00 -5.77386087730749731e-01 -3.16426760212428271e-01
2.342246e+00 -1.20812837226422665e+00 -5.53436471863105517e-01 -3.18109999577900482e-01
2.345811e+00 -1.27463633122811726e+00 -5.28091850677145591e-01 -3.20115244564951051e-01
2.349376e+00 -1.34025015814305659e+00 -5.01404066856528385e-01 -3.22458319795163040e-01
2.352941e+00 -1.40480353054419749e+00 -4.73427411180838753e-01 -3.25152546219015459e-01
2.356506e+00 -1.46813167800897548e+00 -4.44218485617847492e-01 -3.28208706468972822e-01
2.360071e+00 -1.53007198193691107e+00 -4.13835954588282651e-01 -3.31635077716028071e-01
2.363636e+00 -1.59046458774731447e+00 -3.82340244137140517e-01 -3.35437513648840224e-01
2.367201e+00 -1.64915301235796807e+00 -3.49793297527615954e-01 -3.39619517038845020e-01
2.370766e+00 -1.70598472773482168e+00 -3.16258430092284049e-01 -3.44182265600478154e-01
2.374332e+00 -1.76081171532869885e+00 -2.81800227092686872e-01 -3.49124613827645036e-01
2.377897e+00 -1.81349100257918927e+00 -2.46484399292014600e-01 -3.54443126105825679e-01
2.381462e+00 -1.86388519684428156e+00 -2.10377570256189722e-01 -3.60132167222937838e-01
2.385027e+00 -1.91186301891069443e+00 -1.73547046660074311e-01 -3.66184022190271075e-01
2.388592e+00 -1.95729981718150192e+00 -1.36060641654221853e-01 -3.72588999979068192e-01
2.392157e+00 -2.00007803545813534e+00 -9.79865706700117495e-02 -3.79335508075582362e-01
2.395722e+00 -2.04008762506966024e+00 -5.93933732321154859e-02 -3.86410121301835940e-01
2.399287e+00 -2.07722642168779092e+00 -2.03497981725205557e-02 -3.93797669116218829e-01
2.402852e+00 -2.11140051565375897e+00  1.90753600986514928e-02 -4.01481343135837332e-01
2.406417e+00 -2.14252461835424501e+00  5.88134195207384580e-02 -4.09442817086208055e-01
2.409982e+00 -2.17052239346200393e+00  9.87958978810968419e-02 -4.17662379068040046e-01
2.413547e+00 -2.19532672020512276e+00  1.38954533264792290e-01 -4.26119074095559325e-01
2.417112e+00 -2.21687988923823909e+00  1.79221317104972411e-01 -4.34790836574291351e-01
2.420677e+00 -2.23513376143381892e+00  2.19528608879978326e-01 -4.43654589240979724e-01
2.424242e+00 -2.25004991302939361e+00  2.59809299347579237e-01 -4.52686318272985555e-01
2.427807e+00 -2.26159975894367937e+00  2.99996908824673225e-01 -4.61861170926274489e-01
2.431373e+00 -2.26976462800162260e+00  3.40025557566715597e-01 -4.71153609608284007e-01
2.434938e+00 -2.27453577610791324e+00  3.79829887890667850e-01 -4.80537596793373822e-01
2.438503e+00 -2.27591434654358027e+00  4.19345087505331948e-01 -4.89986745189974759e-01
2.442068e+00 -2.27391129452468155e+00  4.58507060123239385e-01 -4.99474399226295607e-01
2.445633e+00 -2.26854728283915463e+00  4.97252614553197358e-01 -5.08973685602685855e-01
2.449198e+00 -2.25985254229218713e+00  5.35519501370856799e-01 -5.18457600512222117e-01
2.452763e+00 -2.24786668770418308e+00  5.73246283815559088e-01 -5.27899155591887381e-01
2.456328e+00 -2.23263848797711262e+00  6.10372220671629218e-01 -5.37271538360411749e-01
2.459893e+00 -2.21422559941235031e+00  6.46837342823949779e-01 -5.46548230491255560e-01
2.463458e+00 -2.19269427414093920e+00  6.82582702900508709e-01 -5.55703074794316354e-01
2.467023e+00 -2.16811904455613780e+00  7.17550586156646686e-01 -5.64710327298427517e-01
2.470588e+00 -2.14058237011901120e+00  7.51684506636709604e-01 -5.73544726468258825e-01
2.474153e+00 -2.11017423555756567e+00  7.84929045532402059e-01 -5.82181577433062092e-01
2.477718e+00 -2.07699171349486322e+00  8.17229767812016616e-01 -5.90596834374709667e-01
2.481283e+00 -2.04113852245830785e+00  8.48533380471205079e-01 -5.98767177499139769e-01
2.484848e+00 -2.00272459411149484e+00  8.78788045653139616e-01 -6.06670087397947477e-01
2.488414e+00 -1.96186562572254819e+00  9.07943603774171937e-01 -6.14283902663542047e-01
2.491979e+00 -1.91868258417193616e+00  9.35951566670233048e-01 -6.21587838571804663e-01
2.495544e+00 -1.87330116517284861e+00  9.62764993885084741e-01 -6.28561975220821356e-01
2.499109e+00 -1.82585125120474179e+00  9.88338492006788916e-01 -6.35187262352322257e-01
2.502674e+00 -1.77646640033179737e+00  1.01262844439897282e+00 -6.41445575397173728e-01
2.506239e+00 -1.72528334838205710e+00  1.03559333804461540e+00 -6.47319792106275882e-01
2.509804e+00 -1.67244148524180258e+00  1.05719396824588086e+00 -6.52793818122098024e-01
2.513369e+00 -1.61808230120868868e+00  1.07739345361778338e+00 -6.57852533419952423e-01
2.516934e+00 -1.56234884097360593e+00  1.09615720406052031e+00 -6.62481715803584725e-01
2.520499e+00 -1.50538519186931063e+00  1.11345302248191591e+00 -6.66668019714010573e-01
2.524064e+00 -1.44733598695632493e+00  1.12925136036534379e+00 -6.70399017657618335e-01
2.527629e+00 -1.38834589134850495e+00  1.14352557974515689e+00 -6.73663233099684233e-01
2.531194e+00 -1.32855908149701163e+00  1.15625208316817063e+00 -6.76450102814069476e-01
2.534759e+00 -1.26811876153644709e+00  1.16741033343689615e+00 -6.78749887958575382e-01
2.538324e+00 -1.20716673455412415e+00  1.17698290657683535e+00 -6.80553604115465061e-01
2.541889e+00 -1.14584299255171373e+00  1.18495567099281995e+00 -6.81853004198301971e-01
2.545455e+00 -1.08428528257494383e+00  1.19131802885243343e+00 -6.82640578586307889e-01
2.549020e+00 -1.02262866007482178e+00  1.19606307371122900e+00 -6.82909520647534740e-01
2.552585e+00 -9.61005083994683762e-01  1.19918760303646343e+00 -6.82653653179358111e-01
2.556150e+00 -8.99543084228007994e-01  1.20069207841614101e+00 -6.81867356267417235e-01
2.559715e+00 -8.38367472686880277e-01  1.20058067454363115e+00 -6.80545528994968008e-01
2.563280e+00 -7.77599049932137132e-01  1.19886144424461927e+00 -6.78683576188934379e-01
2.566845e+00 -7.17354300274933854e-01  1.19554647905418276e+00 -6.76277388540452717e-01
2.570410e+00 -6.57745113459412112e-01  1.19065193240678791e+00 -6.73323298931087333e-01
2.573975e+00 -5.98878565352982228e-01  1.18419791027729637e+00 -6.69818025714554954e-01
2.577540e+00 -5.40856746310365399e-01  1.17620836186595423e+00 -6.65758625294597395e-01
2.581105e+00 -4.83776600909826993e-01  1.16671107212667691e+00 -6.61142465291162051e-01
2.584670e+00 -4.27729764612872099e-01  1.15573770941226917e+00 -6.55967211460184663e-01
2.588235e+00 -3.72802421652878690e-01  1.14332379593436673e+00 -6.50230815936661655e-01
2.591800e+00 -3.19075216763340830e-01  1.12950854530028555e+00 -6.43931506233227036e-01
2.595365e+00 -2.66623221140777911e-01  1.11433464824014417e+00 -6.37067786399181601e-01
2.598930e+00 -2.15515916786549327e-01  1.09784811444231201e+00 -6.29638452609623811e-01
2.602496e+00 -1.65817165480389744e-01  1.08009817078814163e+00 -6.21642603176705499e-01
2.606061e+00 -1.17585170370723122e-01  1.06113711827699975e+00 -6.13079624421424052e-01
2.609626e+00 -7.08724746046272697e-02  1.04102008308783400e+00 -6.03949172882571217e-01
2.613191e+00 -2.57260284243235465e-02  1.01980470951386892e+00 -5.94251204795695709e-01
2.616756e+00  1.78126963850109739e-02  9.97550886974055695e-01 -5.83986070101472632e-01
2.620321e+00  5.97075984731885445e-02  9.74320530032097953e-01 -5.73154614421647501e-01
2.623886e+00  9.99278709281174876e-02  9.50177340009763616e-01 -5.61758214358525243e-01
2.627451e+00  1.38447925516207243e-01  9.25186482062258397e-01 -5.49798751710012024e-01
2.631016e+00  1.75247268900519698e-01  8.99414199054945129e-01 -5.37278620687280384e-01
2.634581e+00  2.10310327381390216e-01  8.72927443755123322e-01 -5.24200837812879072e-01
2.638146e+00  2.43626264686069627e-01  8.45793576559903504e-01 -5.10569203568341234e-01
2.641711e+00  2.75188826746786797e-01  8.18080092021870708e-01 -4.96388400755299608e-01
2.645276e+00  3.04996195050813157e-01  7.89854297509484660e-01 -4.81663998772420998e-01
2.648841e+00  3.33050808260325182e-01  7.61182911914808025e-01 -4.66402462662618755e-01
2.652406e+00  3.59359148801481454e-01  7.32131635342468945e-01 -4.50611268813751908e-01
2.655971e+00  3.83931533055427765e-01  7.02764778959763525e-01 -4.34299094700754118e-01
2.659537e+00  4.06781930851928986e-01  6.73144994620717307e-01 -4.17475950593916012e-01
2.663102e+00  4.27927790820965381e-01  6.43333048164949073e-01 -4.00153188254020409e-01
2.666667e+00  4.47389832996646697e-01  6.13387535687127450e-01 -3.82343472453909317e-01
2.670232e+00  4.65191811006454514e-01  5.83364506567100150e-01 -3.64060846788821224e-01
2.673797e+00  4.81360286250605118e-01  5.53317073674461257e-01 -3.45320912430980176e-01
2.677362e+00  4.95924440279196022e-01  5.23295131667707358e-01 -3.26141007927384985e-01
2.680927e+00  5.08915902406943732e-01  4.93345212337722050e-01 -3.06540279303608998e-01
2.684492e+00  5.20368555179598791e-01  4.63510377871418966e-01 -2.86539645941063237e-01
2.688057e+00  5.30318318014690759e-01  4.33830037629818421e-01 -2.66161760516567425e-01
2.691622e+00  5.38802944534486961e-01  4.04339693592139393e-01 -2.45431043664243842e-01
2.695187e+00  5.45861853213926551e-01  3.75070733991212824e-01 -2.24373787061320523e-01
2.698752e+00  5.51535967493414270e-01  3.46050368156426258e-01 -2.03018254532966680e-01
2.702317e+00  5.55867530932019349e-01  3.17301662885615343e-01 -1.81394714248627770e-01
2.705882e+00  5.58899900060353061e-01  2.88843562644126250e-01 -1.59535388409987378e-01
2.709447e+00  5.60677354093474745e-01  2.60690841204451018e-01 -1.37474365931925913e-01
2.713012e+00  5.61244950356405536e-01  2.32854054994182852e-01 -1.15247544143723415e-01
2.716578e+00  5.60648409726083319e-01  2.05339601527686294e-01 -9.28926252013713288e-02
2.720143e+00  5.58933989218354466e-01  1.78149898865162831e-01 -7.04491219397191393e-02
2.723708e+00  5.56148318127937413e-01  1.51283602969248310e-01 -4.79582997536632805e-02
2.727273e+00  5.52338218585066043e-01  1.24735779228290974e-01 -2.54630355713151048e-02
2.730838e+00  5.47550556235548491e-01  9.84980325972984322e-02 -3.00765592385498484e-03
2.734403e+00  5.41832146908754697e-01  7.25586755752429813e-02  1.93621749250966584e-02
2.737968e+00  5.35229696486051010e-01  4.69029991650052533e-02  4.15995255324630026e-02
2.741533e+00  5.27789719214159070e-01  2.15136314980973846e-02  6.36563069011883559e-02
2.745098e+00  5.19558401422622440e-01 -3.62909311887783977e-03  8.54834734122174034e-02
2.748663e+00  5.10581439969468254e-01 -2.85468151433466537e-02  1.07031272914084472e-01
2.752228e+00  5.00903924342390949e-01 -5.32628648904288002e-02  1.28249461548395061e-01
2.755793e+00  4.90570296590241872e-01 -7.78019395809959879e-02  1.49087459743766859e-01
2.759358e+00  4.79624342877021381e-01 -1.02189695554425614e-01  1.69494510350911398e-01
2.762923e+00  4.68109136137704329e-01 -1.26452292658962379e-01  1.89419904299664793e-01
2.766488e+00  4.56066909713938151e-01 -1.50615976939020874e-01  2.08813265916358182e-01
2.770053e+00  4.43538931424898197e-01 -1.74706739553452645e-01  2.27624834892485001e-01
2.773619e+00  4.30565455791853013e-01 -1.98749993349563947e-01  2.45805706493937959e-01
2.777184e+00  4.17185743266513087e-01 -2.22770179124615331e-01  2.63308053596602976e-01
2.780749e+00  4.03438058075696604e-01 -2.46790296204234677e-01  2.80085374006705023e-01
2.784314e+00  3.89359590438442926e-01 -2.70831454824007778e-01  2.96092769164642000e-01
2.787879e+00  3.74986353062807143e-01 -2.94912543657568305e-01  3.11287221863456032e-01
2.791444e+00  3.60353141462970372e-01 -3.19049989513041143e-01  3.25627848281000498e-01
2.795009e+00  3.45493569833466407e-01 -3.43257491887708488e-01  3.39076136430680519e-01
2.798574e+00  3.30440100277708815e-01 -3.67545659638810973e-01  3.51596198569923857e-01
2.802139e+00  3.15223997449854243e-01 -3.91921615301732529e-01  3.63155040498829518e-01
2.805704e+00  2.99875245451710848e-01 -4.16388704312773028e-01  3.73722818041955673e-01
2.809269e+00  2.84422520933451162e-01 -4.40946363916167428e-01  3.83273051459170511e-01
2.812834e+00  2.68893249410103952e-01 -4.65590059972772474e-01  3.91782803875154462e-01
2.816399e+00  2.53313668067474740e-01 -4.90311155020109524e-01  3.99232859994058886e-01
2.819964e+00  2.37708814237191202e-01 -5.15096679819462389e-01  4.05607928995166511e-01
2.823529e+00  2.22102460540803320e-01 -5.39929123061927418e-01  4.10896850457687368e-01
2.827094e+00  2.06517093440190369e-01 -5.64786372906233902e-01  4.15092755682466841e-01
2.830660e+00  1.90973983506548095e-01 -5.89641819561521507e-01  4.18193164297542108e-01
2.834225e+00  1.75493285260646281e-01 -6.14464496793025949e-01  4.20200049932341224e-01
2.837790e+00  1.60094072752423044e-01 -6.39219143332761197e-01  4.21119923741890778e-01
2.841355e+00  1.44794303520038081e-01 -6.63866194898751871e-01  4.20963936926695537e-01
2.844920e+00  1.29610798642541991e-01 -6.88361828957684163e-01  4.19747948305556562e-01
2.848485e+00  1.14559312121937013e-01 -7.12658157671813619e-01  4.17492512180349884e-01
2.852050e+00  9.96546583861733920e-02 -7.36703536012978666e-01  4.14222809876950926e-01
2.855615e+00  8.49108012511577137e-02 -7.60442868452458787e-01  4.09968591043018804e-01
2.859180e+00  7.03408591366950497e-02 -7.83817847191746631e-01  4.04764148892912345e-01
2.862745e+00  5.59570848195364637e-02 -8.06767170805048450e-01  3.98648275186227086e-01
2.866310e+00  4.17709093952459282e-02 -8.29226837949160633e-01  3.91664127287699282e-01
2.869875e+00  2.77930659978005944e-02 -8.51130542178596738e-01  3.83859015506638812e-01
2.873440e+00  1.40337214892246771e-02 -8.72410103063092079e-01  3.75284191895664254e-01
2.877005e+00  5.02546453057352684e-04 -8.92995864005622031e-01  3.65994695128700920e-01
2.880570e+00 -1.27912633492147376e-02 -9.12817062093408960e-01  3.56049205643719724e-01
2.884135e+00 -2.58389412244168712e-02 -9.31802227841643349e-01  3.45509815072791104e-01
2.887701e+00 -3.86320399503005257e-02 -9.49879639897103889e-01  3.34441683200675188e-01
2.891266e+00 -5.11622981796886686e-02 -9.66977793497841076e-01  3.22912665901147755e-01
2.894831e+00 -6.34215474772438503e-02 -9.83025833246750858e-01  3.10993013575878774e-01
2.898396e+00 -7.54016675933764091e-02 -9.97953960093360570e-01  2.98755137096020529e-01
2.901961e+00 -8.70945364958493895e-02 -1.01169386670370565e+00  2.86273338413929601e-01
2.905526e+00 -9.84919357735748457e-02 -1.02417922060477684e+00  2.73623426636453060e-01
2.909091e+00 -1.09585437923939072e-01 -1.03534614168289418e+00  2.60882258678374002e-01
2.912656e+00 -1.20366326460879233e-01 -1.04513360617734108e+00  2.48127313485004442e-01
2.916221e+00 -1.30825547647697604e-01 -1.05348378055241487e+00  2.35436349741140083e-01
2.919786e+00 -1.40953638223311223e-01 -1.06034236213086341e+00  2.22887087973194203e-01
2.923351e+00 -1.50740599988218482e-01 -1.06565898364867917e+00  2.10556833094372342e-01
2.926916e+00 -1.60175771936236083e-01 -1.06938764063013592e+00  1.98522032860436209e-01
2.930481e+00 -1.69247774190489891e-01 -1.07148704055743482e+00  1.86857841340880487e-01
2.934046e+00 -1.77944522215575662e-01 -1.07192083110859726e+00  1.75637734929482953e-01
2.937611e+00 -1.86253226029993557e-01 -1.07065777889171931e+00  1.64933155518294627e-01
2.941176e+00 -1.94160309150559401e-01 -1.06767200171844312e+00  1.54813136329237960e-01
2.944742e+00 -2.01651286947556019e-01 -1.06294326149575968e+00  1.45343918027844105e-01
2.948307e+00 -2.08710702276670906e-01 -1.05645721405202120e+00  1.36588599434100455e-01
2.951872e+00 -2.15322152988178195e-01 -1.04820552435597714e+00  1.28606830222238622e-01
2.955437e+00 -2.21468341773462196e-01 -1.03818587915948690e+00  1.21454499648041739e-01
2.959002e+00 -2.27131064817927386e-01 -1.02640201139612808e+00  1.15183392673047905e-01
2.962567e+00 -2.32291144895350021e-01 -1.01286378869631988e+00  1.09840857069718800e-01
2.966132e+00 -2.36928391106407676e-01 -9.97587292431497685e-01  1.05469549417615771e-01
2.969697e+00 -2.41021640551381616e-01 -9.80594786039808763e-01  1.02107261362663695e-01
2.973262e+00 -2.44548851041509058e-01 -9.61914575941860917e-01  9.97867543712857158e-02
2.976827e+00 -2.47487177964739180e-01 -9.41580866489179047e-01  9.85355502615799517e-02
2.980392e+00 -2.49813014868347061e-01 -9.19633673616418568e-01  9.83757124590076693e-02
2.983957e+00 -2.51502034661185037e-01 -8.96118740977183803e-01  9.93236944112150244e-02
2.987522e+00 -2.52529267236332844e-01 -8.71087358454563421e-01  1.01390276274137769e-01
2.991087e+00 -2.52869206639319999e-01 -8.44596073216092647e-01  1.04580536470580604e-01
2.994652e+00 -2.52495920145992758e-01 -8.16706387300581316e-01  1.08893806641674598e-01
2.998217e+00 -2.51383153347441490e-01 -7.87484516904260246e-01  1.14323624499034660e-01
3.001783e+00 -2.49504451177684966e-01 -7.57001174503360685e-01  1.20857736631197962e-01
3.005348e+00 -2.46833309572089987e-01 -7.25331276617310672e-01  1.28478169766190531e-01
3.008913e+00 -2.43343348123463449e-01 -6.92553551698412040e-01  1.37161339483824335e-01
3.012478e+00 -2.39008483941556354e-01 -6.58750128390309442e-01  1.46878165076303413e-01
3.016043e+00 -2.33803099198917730e-01 -6.24006187640521182e-01  1.57594196115006080e-01
3.019608e+00 -2.27702209979879916e-01 -5.88409661772736015e-01  1.69269772214841213e-01
3.023173e+00 -2.20681646639154461e-01 -5.52050889749816753e-01  1.81860217223518722e-01
3.026738e+00 -2.12718250564014139e-01 -5.15022182378574001e-01  1.95316053391788785e-01
3.030303e+00 -2.03790087934682118e-01 -4.77417354890097789e-01  2.09583235887296937e-01
3.033868e+00 -1.93876675907750040e-01 -4.39331317148098366e-01  2.24603424256141243e-01
3.037433e+00 -1.82959207468078228e-01 -4.00859735656226124e-01  2.40314291281246206e-01
3.040998e+00 -1.71020758409282519e-01 -3.62098692511155618e-01  2.56649841241715582e-01
3.044563e+00 -1.58046477114777595e-01 -3.23144272669101451e-01  2.73540716103053860e-01
3.048128e+00 -1.44023784690010870e-01 -2.84092102687161840e-01  2.90914508954721485e-01
3.051693e+00 -1.28942614392042521e-01 -2.45036930047799195e-01  3.08696121946160362e-01
3.055258e+00 -1.12795677992228421e-01 -2.06072294438460007e-01  3.26808167313261622e-01
3.058824e+00 -9.55787013492500198e-02 -1.67290246936995624e-01  3.45171361293802215e-01
3.062389e+00 -7.72905851429162849e-02 -1.28781031919124322e-01  3.63704873156036945e-01
3.065954e+00 -5.79335229604254140e-02 -9.06327052449705795e-02  3.82326660140946739e-01
3.069519e+00 -3.75131630769255653e-02 -5.29307500101478048e-02  4.00953856234673722e-01
3.073084e+00 -1.60388517964741122e-02 -1.57577674629081378e-02  4.19503229334412364e-01
3.076649e+00  6.47611441913559759e-03  2.08067475408061225e-02  4.37891634524958107e-01
3.080214e+00  3.00143372782372929e-02  5.66866068340066837e-02  4.56036382661601125e-01
3.083779e+00  5.45542748764729843e-02  9.18091599635335043e-02  4.73855535852644727e-01
3.087344e+00  8.00701974455644283e-02  1.26105547297869380e-01  4.91268227107420907e-01
3.090909e+00  1.06532046229578861e-01  1.59510923976423580e-01  5.08195070414713457e-01
3.094474e+00  1.33905249519908731e-01  1.91964624211569401e-01  5.24558610316881224e-01
3.098039e+00  1.62150639173870764e-01  2.23410282349787020e-01  5.40283698305071725e-01
3.101604e+00  1.91224514322803185e-01  2.53795941461725683e-01  5.55297755323110098e-01
3.105169e+00  2.21078734208329408e-01  2.83074155511041314e-01  5.69530998976800262e-01
3.108734e+00  2.51660708389534249e-01  3.11202069154463301e-01  5.82916735157000931e-01
3.112299e+00  2.82913315602256965e-01  3.38141466761566756e-01  5.95391713476176809e-01
3.115865e+00  3.14774909457968544e-01  3.63858799661184285e-01  6.06896450045508185e-01
3.119430e+00  3.47179489849952894e-01  3.88325198467644961e-01  6.17375444317719513e-01
3.122995e+00  3.80056937320549515e-01  4.11516460975919096e-01  6.26777322425817518e-01
3.126560e+00  4.13333163822034666e-01  4.33413004532379076e-01  6.35054995081951068e-01
3.130125e+00  4.46930181580892871e-01  4.53999791494990701e-01  6.42165864197072778e-01
3.133690e+00  4.80766232470312915e-01  4.73266249666751571e-01  6.48072026175496529e-01
3.137255e+00  5.14756071763027845e-01  4.91206194133303686e-01  6.52740405537156620e-01
3.140820e+00  5.48811335277689660e-01  5.07817730033630288e-01  6.56142814357034365e-01
3.144385e+00  5.82840854580741197e-01  5.23103113691484434e-01  6.58255988126155933e-01
3.147950e+00  6.16750892451150667e-01  5.37068578739010039e-01  6.59061639597365190e-01
3.151515e+00  6.50445399218565923e-01  5.49724159613314556e-01  6.58546524204032258e-01
3.155080e+00  6.83826380100664544e-01  5.61083533536527179e-01  6.56702480261787791e-01
3.158645e+00  7.16794345046591119e-01  5.71163864665090171e-01  6.53526414549005286e-01
3.162210e+00  7.49248743370290127e-01  5.79985614992788556e-01  6.49020231436976069e-01
3.165775e+00  7.81088340856079588e-01  5.87572310816000587e-01  6.43190730883457462e-01
3.169340e+00  8.12211593625458583e-01  5.93950294935103984e-01  6.36049512538051864e-01
3.172906e+00  8.42517092113595711e-01  5.99148504783815761e-01  6.27612904864257581e-01
3.176471e+00  8.71904076848630361e-01  6.03198281838305039e-01  6.17901893812898950e-01
3.180036e+00  9.00272955128826213e-01  6.06133177475893126e-01  6.06941998203910593e-01
3.183601e+00  9.27525755394892681e-01  6.07988722035458728e-01  5.94763071527044551e-01
3.187166e+00  9.53566533404624161e-01  6.08802164622016639e-01  5.81399077633870442e-01
3.190731e+00  9.78301806567202559e-01  6.08612220728551256e-01  5.66887907687672166e-01
3.194296e+00  1.00164106925072871e+00  6.07458847653572720e-01  5.51271240616882485e-01
3.197861e+00  1.02349735134211772e+00  6.05383030152728652e-01  5.34594373491143249e-01
3.201426e+00  1.04378772279561849e+00  6.02426554185370722e-01  5.16905963654487377e-01
3.204991e+00  1.06243369365088958e+00  5.98631780751797571e-01  4.98257721215237870e-01
3.208556e+00  1.07936156891913293e+00  5.94041450676412675e-01  4.78704146292288191e-01
3.212121e+00  1.09450286251444306e+00  5.88698517920647979e-01  4.58302342967313647e-01
3.215686e+00  1.10779479065317132e+00  5.82645966353261935e-01  4.37111837397191116e-01
3.219251e+00  1.11918074578564797e+00  5.75926583519488999e-01  4.15194315194551578e-01
3.222816e+00  1.12861064516142728e+00  5.68582735504293169e-01  3.92613288320143528e-01
3.226381e+00  1.13604116985828374e+00  5.60656213836323691e-01  3.69433781927720972e-01
3.229947e+00  1.14143601322718924e+00  5.52188154645997464e-01  3.45722099486623857e-01
3.233512e+00  1.14476621180005633e+00  5.43218943169671231e-01  3.21545629043431480e-01
3.237077e+00  1.14601049182475556e+00  5.33788037151159744e-01  2.96972613754308334e-01
3.240642e+00  1.14515550539351496e+00  5.23933762114014101e-01  2.72071860481577221e-01
3.244207e+00  1.14219592478366461e+00  5.13693197215262964e-01  2.46912427220550956e-01
3.247772e+00  1.13713449211485895e+00  5.03102182514663432e-01  2.21563342891976434e-01
3.251337e+00  1.12998212499862705e+00  4.92195338728653231e-01  1.96093380395019445e-01
3.254902e+00  1.12075805868547462e+00  4.81005982844659785e-01  1.70570869286136712e-01
3.258467e+00  1.10948991355981730e+00  4.69565966901568765e-01  1.45063513467675764e-01
3.262032e+00  1.09621362249360810e+00  4.57905580233191667e-01  1.19638172862600367e-01
3.265597e+00  1.08097327229695694e+00  4.46053590351259577e-01  9.43605939612868622e-02
3.269162e+00  1.06382096077868638e+00  4.34037339837584801e-01  6.92951325219066938e-02
3.272727e+00  1.04481669618701112e+00  4.21882770174986155e-01  4.45045445463756809e-02
3.276292e+00  1.02402826548772197e+00  4.09614359890434487e-01  2.00498702153837534e-02
3.279857e+00  1.00153098934330576e+00  3.97255083287556932e-01 -4.00965979252305461e-03
3.283422e+00  9.77407367535875315e-01  3.84826468952050582e-01 -2.76167883873481117e-02
3.286988e+00  9.51746695679823618e-01  3.72348718206439666e-01 -5.07164672307951134e-02
3.290553e+00  9.24644718025338541e-01  3.59840794677345643e-01 -7.32560655097500013e-02
3.294118e+00  8.96203296859445997e-01  3.47320462258632279e-01 -9.51854765842859302e-02
3.297683e+00  8.66530023637458680e-01  3.34804320815464518e-01 -1.16457160607815635e-01
3.301248e+00  8.35737729141681762e-01  3.22307877353496641e-01 -1.37026219033302893e-01
3.304813e+00  8.03943929205159669e-01  3.09845639169636311e-01 -1.56850530257583887e-01
3.308378e+00  7.71270279100326306e-01  2.97431207868911640e-01 -1.75890883323373604e-01
3.311943e+00  7.37842065304616157e-01  2.85077380684655324e-01 -1.94111049937171543e-01
3.315508e+00  7.03787692012385335e-01  2.72796263429924413e-01 -2.11477813283594912e-01
3.319073e+00  6.69238104347001150e-01  2.60599368938075504e-01 -2.27961008463789000e-01
3.322638e+00  6.34326146883182562e-01  2.48497681846004737e-01 -2.43533584179807527e-01
3.326203e+00  5.99185916546622899e-01  2.36501723124808633e-01 -2.58171647978832797e-01
3.329768e+00  5.63952162075204488e-01  2.24621664133420912e-01 -2.71854473836829036e-01
3.333333e+00  5.28759718096515452e-01  2.12867476117697879e-01 -2.84564491872093539e-01
3.336898e+00  4.93742917656369518e-01  2.01249038706471262e-01 -2.96287280369403438e-01
3.340463e+00  4.59034953261032552e-01  1.89776168995224315e-01 -3.07011553841346041e-01
3.344029e+00  4.24767219119823958e-01  1.78458631927542272e-01 -3.16729141848691609e-01
3.347594e+00  3.91068692940957696e-01  1.67306216262676943e-01 -3.25434973824270446e-01
3.351159e+00  3.58065379159531405e-01  1.56328869055346126e-01 -3.33127071447642753e-01
3.354724e+00  3.25879783079731700e-01  1.45536797145973312e-01 -3.39806510978316656e-01
3.358289e+00  2.94630374613866930e-01  1.34940480899505832e-01 -3.45477327762757136e-01
3.361854e+00  2.64431036469509662e-01  1.24550649648646566e-01 -3.50146404581349213e-01
3.365419e+00  2.35390531305513212e-01  1.14378298360833325e-01 -3.53823414857928009e-01
3.368984e+00  2.07612025901986380e-01  1.04434750787836178e-01 -3.56520815550777137e-01
3.372549e+00  1.81192679081387920e-01  9.47317068512055493e-02 -3.58253796761403454e-01
3.376114e+00  1.56223267148375838e-01  8.52812350854192519e-02 -3.59040132526717515e-01
3.379679e+00  1.32787816956130095e-01  7.60957328028802615e-02 -3.58900006138396399e-01
3.383244e+00  1.10963244980858800e-01  6.71878879642876514e-02 -3.57855921747364691e-01
3.386809e+00  9.08190333526153887e-02  5.85706437755793979e-02 -3.55932692563802722e-01
3.390374e+00  7.24169764507422847e-02  5.02571572530511809e-02 -3.53157378376317721e-01
3.393939e+00  5.58109982410978853e-02  4.22607622812839687e-02 -3.49559104396245879e-01
3.397504e+00  4.10470050683663865e-02  3.45949402351310720e-02 -3.45168853423004351e-01
3.401070e+00  2.81627427282826956e-02  2.72732639570438216e-02 -3.40019356187657940e-01
3.404635e+00  1.71876696969489422e-02  2.03092843705020287e-02 -3.34145060471507604e-01
3.408200e+00  8.14289137123962690e-03  1.37163938778252174e-02 -3.27582044848708731e-01
3.411765e+00  1.04118073095205827e-03  7.50773679012495428e-03 -3.20367822032385341e-01
3.415330e+00 -4.11294217646596561e-03  1.69617286438676043e-03 -3.12541131190505916e-01
3.418895e+00 -7.32312343462405719e-03 -3.70578690893726614e-03 -3.04141823030057656e-01
3.422460e+00 -8.60109590531205233e-03 -8.68613094710040876e-03 -2.95210797212981824e-01
3.426025e+00 -7.96656605099690246e-03 -1.32335284074120846e-02 -2.85789879044701489e-01
3.429590e+00 -5.44701812358873699e-03 -1.73374410164991444e-02 -2.75921625826901828e-01
3.433155e+00 -1.07744046800182830e-03 -2.09881645760979577e-02 -2.65649166383777613e-01
3.436720e+00  5.09996752143547678e-03 -2.41769052152848926e-02 -2.55016121842250476e-01
3.440285e+00  1.30360600817498364e-02 -2.68959500658322373e-02 -2.44066518461695720e-01
3.443850e+00  2.26750007062303284e-02 -2.91388543168988948e-02 -2.32844604128887050e-01
3.447415e+00  3.39545752056060329e-02 -3.09005365816219374e-02 -2.21394629614638766e-01
3.450980e+00  4.68065979028036566e-02 -3.21773007323256852e-02 -2.09760727750787745e-01
3.454545e+00  6.11573676465126323e-02 -3.29669036073139132e-02 -1.97986896013643721e-01
3.458111e+00  7.69280928228355670e-02 -3.32687153898147403e-02 -1.86116937795523518e-01
3.461676e+00  9.40352569772985314e-02 -3.30838773040707732e-02 -1.74194267855031143e-01
3.465241e+00  1.12390984229256044e-01 -3.24153565093136253e-02 -1.62261674716823484e-01
3.468806e+00  1.31903484017843853e-01 -3.12679366888661131e-02 -1.50361193825589545e-01
3.472371e+00  1.52477577403930115e-01 -2.96482616290013323e-02 -1.38534097640790277e-01
3.475936e+00  1.74015217960273721e-01 -2.75649548869999379e-02 -1.26820865440262914e-01
3.479501e+00  1.96415926918115019e-01 -2.50287122346456795e-02 -1.15261050077255525e-01
3.483066e+00  2.19577163540567805e-01 -2.20522892631525233e-02 -1.03893113219748756e-01
3.486631e+00  2.43394730541575288e-01 -1.86504430006026803e-02 -9.27543278870747445e-02
3.490196e+00  2.67763274324423317e-01 -1.48399333995164161e-02 -8.18807294985904738e-02
3.493761e+00  2.92576824857388618e-01 -1.06395839251811532e-02 -7.13070315782782099e-02
3.497326e+00  3.17729266174063107e-01 -6.07029847770343411e-03 -6.10665073582592338e-02
3.500891e+00  3.43114700143458018e-01 -1.15497800661323760e-03 -5.11909256815016311e-02
3.504456e+00  3.68627777278502489e-01  4.08159891352402344e-03 -4.17105652340729813e-02
3.508021e+00  3.94164087450673051e-01  9.61284255384560124e-03 -3.26542051204026587e-02
3.511586e+00  4.19620612277129712e-01  1.54103707769924873e-02 -2.40490053684361202e-02
3.515152e+00  4.44896152164742209e-01  2.14440588791299652e-02 -1.59203488942689098e-02
3.518717e+00  4.69891657572929222e-01  2.76821617891162344e-02 -8.29179477393515545e-03
3.522282e+00  4.94510488770143919e-01  3.40914723310604961e-02 -1.18516498136200560e-03
3.525847e+00  5.18658685590748569e-01  4.06374669855578824e-02  5.37938404747103759e-03
3.529412e+00  5.42245286563314055e-01  4.72844352974849599e-02  1.13834340758767281e-02
3.532977e+00  5.65182653299709847e-01  5.39956127955284887e-02  1.68104609670154427e-02
3.536542e+00  5.87386730208422470e-01  6.07333232116702079e-02  2.16459003797273945e-02
3.540107e+00  6.08777224725070898e-01  6.74591315371384642e-02  2.58770577862585047e-02
3.543672e+00  6.29277759644375378e-01  7.41340243498377349e-02  2.94929819796942265e-02
3.547237e+00  6.48816052278705091e-01  8.07186222275263210e-02  3.24844519903911416e-02
3.550802e+00  6.67324117571647335e-01  8.71733867814159791e-02  3.48440796567254171e-02
3.554367e+00  6.84738441713699908e-01  9.34587800337327718e-02  3.65663936065929659e-02
3.557932e+00  7.01000083270558072e-01  9.95353981381214142e-02  3.76477988229156763e-02
3.561497e+00  7.16054715822428189e-01  1.05364154379316025e-01  3.80864467287749392e-02
3.565062e+00  7.29852667524915621e-01  1.10906538317662076e-01  3.78821372842005899e-02
