# Author: SW4
# Scenario: test
# Date: UTC  11/29/2017:0:46:14.000
# Bandwith (Hz): 1.234000e+00
# Station: sta1
# Target location (WGS84 longitude, latitude) (deg): -1.222564e+02 3.789855e+01
# Actual location (WGS84 longitude, latitude) (deg): -1.222564e+02 3.789855e+01
# Distance from target to actual location (m): 0.000000e+00
# nColumns: 4
# Column 1: Time (s)
# Column 2: X displacement (m)
# Column 3: Y displacement (m)
# Column 4: Z displacement (m)
0.000000e+00  0.00000000000000000e+00  0.00000000000000000e+00  0.00000000000000000e+00
3.565062e-03  0.00000000000000000e+00  0.00000000000000000e+00  0.00000000000000000e+00
7.130125e-03  0.00000000000000000e+00  0.00000000000000000e+00  0.00000000000000000e+00
1.069519e-02  0.00000000000000000e+00  0.00000000000000000e+00  0.00000000000000000e+00
1.426025e-02  0.00000000000000000e+00  0.00000000000000000e+00  0.00000000000000000e+00
1.782531e-02  0.00000000000000000e+00  0.00000000000000000e+00  0.00000000000000000e+00
2.139037e-02  0.00000000000000000e+00  0.00000000000000000e+00  0.00000000000000000e+00
2.495544e-02  0.00000000000000000e+00  0.00000000000000000e+00  0.00000000000000000e+00
2.852050e-02  0.00000000000000000e+00  0.00000000000000000e+00  0.00000000000000000e+00
3.208556e-02  0.00000000000000000e+00  0.00000000000000000e+00  0.00000000000000000e+00
3.565062e-02  0.00000000000000000e+00  0.00000000000000000e+00  0.00000000000000000e+00
3.921569e-02  0.00000000000000000e+00  0.00000000000000000e+00  0.00000000000000000e+00
4.278075e-02  0.00000000000000000e+00  0.00000000000000000e+00  0.00000000000000000e+00
4.634581e-02  0.00000000000000000e+00  0.00000000000000000e+00  0.00000000000000000e+00
4.991087e-02  0.00000000000000000e+00  0.00000000000000000e+00  0.00000000000000000e+00
5.347594e-02  0.00000000000000000e+00  0.00000000000000000e+00  0.00000000000000000e+00
5.704100e-02  0.00000000000000000e+00  0.00000000000000000e+00  0.00000000000000000e+00
6.060606e-02  0.00000000000000000e+00  0.00000000000000000e+00  0.00000000000000000e+00
6.417112e-02  0.00000000000000000e+00  0.00000000000000000e+00  0.00000000000000000e+00
6.773619e-02  0.00000000000000000e+00  0.00000000000000000e+00  0.00000000000000000e+00
7.130125e-02  0.00000000000000000e+00  0.00000000000000000e+00  0.00000000000000000e+00
7.486631e-02 4.26160589933566625e-108 -7.10865144197067564e-110 -1.90937585226114125e-109
7.843137e-02  2.54112922123894868e-94 -3.05910806253650483e-94 -1.37160410345785234e-93
8.199643e-02 -6.04560350623468111e-89  2.70452082925337933e-90  1.02779214425296746e-89
8.556150e-02  1.73057738949916966e-86 -1.88167704055561765e-87 -7.87224929213148832e-87
8.912656e-02  7.71365682394522446e-84  9.79473282049883775e-86  5.98501866599827744e-85
9.269162e-02 -1.32680045250327378e-81  6.63676306950819717e-83  2.66812616659119935e-82
9.625668e-02 -7.99336285379850218e-80 -2.11628466972546353e-81 -1.05100952231463855e-80
9.982175e-02  6.80150793691767368e-78 -3.95497314027496819e-79 -1.64455271664922641e-78
1.033868e-01  3.41467519499724948e-76 -4.84401572386531605e-79  5.90986473285851572e-79
1.069519e-01 -5.73891967428296574e-75  6.78434984477199870e-76  2.88996245593915508e-75
1.105169e-01 -4.85974649428830212e-73  1.36554435108003788e-74  5.84248108813589189e-74
1.140820e-01 -4.20684554829940399e-72 -2.57235820947054844e-73 -1.04215733109578085e-72
1.176471e-01  1.95770369835415833e-70 -1.18709309520008875e-71 -5.05910399898185003e-71
1.212121e-01  4.86385356954466580e-69 -9.37168795231505383e-71 -4.55572430558290712e-70
1.247772e-01  1.19912423620982345e-68  2.16956816924895372e-69  8.05002390271026463e-69
1.283422e-01 -1.04071744083193163e-66  5.39183189623103369e-68  2.29087658696990289e-67
1.319073e-01 -1.65454597196290286e-65  3.15753310699551122e-67  1.67643115984808979e-66
1.354724e-01 -4.10525913731829213e-65 -4.46084861001460975e-66 -1.36452743525366727e-65
1.390374e-01  1.77558466548361523e-63 -9.51547819352338662e-65 -3.85198069077955604e-64
1.426025e-01  2.53556059335576895e-62 -5.88998228759042560e-64 -2.99676181252111339e-63
1.461676e-01  1.03487076830599650e-61  2.65500800030490945e-63  2.79500185852344783e-63
1.497326e-01 -1.08249858634429454e-60  7.52972945450990571e-62  2.68578477913552604e-61
1.532977e-01 -1.85517707203247048e-59  5.43485666566342588e-61  2.45734821685462217e-60
1.568627e-01 -1.06788416222084945e-58  3.19433411464987579e-61  6.68091529504521650e-60
1.604278e-01  9.40816116325340512e-59 -2.74021025717330377e-59 -7.29091549821232770e-59
1.639929e-01  6.31168560599066136e-57 -2.48474259668030168e-58 -9.44652474457553881e-58
1.675579e-01  4.87172828644605849e-56 -7.99911533419190659e-58 -4.58018347109674907e-57
1.711230e-01  1.31754529268978805e-55  3.76518356064253059e-57  8.55936268210411658e-58
1.746881e-01 -8.03494820917735027e-55  5.76494575808693523e-56  1.68060641773352394e-55
1.782531e-01 -1.04902368025177352e-53  2.92296194237901468e-55  1.18878063402876558e-54
1.818182e-01 -5.04991743749596719e-53  2.79261419662056251e-55  3.33903518988592162e-54
1.853832e-01 -5.13208130071677635e-53 -6.35608854060985952e-54 -9.71737366894433189e-54
1.889483e-01  9.82481926605025621e-52 -4.88801999999254652e-53 -1.46422983438418327e-52
1.925134e-01  7.61942046110178457e-51 -1.56416250536293837e-52 -6.94270883937262916e-52
1.960784e-01  2.57451486270971388e-50  1.35817872740629889e-52 -1.07299440390518990e-51
1.996435e-01 -2.72771403909470300e-51  4.08500016678502328e-51  7.57886463097337882e-51
2.032086e-01 -5.18335411830007338e-49  2.10251779874347635e-50  6.33581643901909974e-50
2.067736e-01 -2.92048446423123746e-48  4.35903236584291462e-50  2.18545327951773819e-49
2.103387e-01 -7.39829092185004520e-48 -1.23252621441680707e-49  1.34697452657368797e-49
2.139037e-01  6.86550488934473024e-48 -1.36634036008190220e-48 -2.68344383318882363e-48
2.174688e-01  1.48154791610397842e-46 -5.23057490772789561e-48 -1.56796580434443580e-47
2.210339e-01  6.62603037156083105e-46 -6.79434605838351440e-48 -4.09035606548707632e-47
2.245989e-01  1.31492288057089120e-45  3.80505595974134530e-47  7.12750195772064781e-48
2.281640e-01 -2.06130680561657801e-45  2.72836820252427879e-46  5.43380159048995714e-46
2.317291e-01 -2.58020325402238921e-44  8.21449311197591117e-46  2.43148922249261959e-45
2.352941e-01 -9.63229915348414776e-44  5.91297806331023981e-46  4.87154301514086111e-45
2.388592e-01 -1.54496501046805907e-43 -6.54467858379134366e-45 -4.61870637744601618e-45
2.424242e-01  3.23139173399911973e-43 -3.53843852354932860e-44 -7.01403260543792226e-44
2.459893e-01  2.95649830466025209e-42 -8.67443103485107974e-44 -2.52163370949142108e-43
2.495544e-01  9.51373661197231959e-42 -2.24125750161039644e-44 -3.86924688890881687e-43
2.531194e-01  1.26119778326603105e-41  7.22077465870287274e-43  7.04238338056595013e-43
2.566845e-01 -3.21090791703985847e-41  3.16176637997982643e-42  6.17864098917404186e-42
2.602496e-01 -2.35641700815624096e-40  6.46026204908511602e-42  1.83666329475915063e-41
2.638146e-01 -6.68110592809405326e-40 -8.34528593739892260e-43  2.10983111509684284e-41
2.673797e-01 -7.43426757622108841e-40 -5.50630498271509365e-41 -6.24156943555717922e-41
2.709447e-01  2.20520370231183915e-39 -2.03483468736313007e-40 -3.89856160571978985e-40
2.745098e-01  1.36324571395512259e-38 -3.52236491060638036e-40 -9.76052750001441798e-40
2.780749e-01  3.45945539136043693e-38  1.65629860463096894e-40 -7.95981620865228510e-40
2.816399e-01  3.26396977367994228e-38  3.04862223220622618e-39  3.75628229492732293e-39
2.852050e-01 -1.10348855460807626e-37  9.76630962352921909e-39  1.82782440921914279e-38
2.887701e-01 -5.92080616311367770e-37  1.44904832249968388e-38  3.90156479416266315e-38
2.923351e-01 -1.36067634010488100e-36 -1.13452084628594067e-38  2.00915214899548402e-38
2.959002e-01 -1.09527724638195568e-36 -1.27045301949844756e-37 -1.64460448620999848e-37
2.994652e-01  4.17429670387415608e-36 -3.59545974071020288e-37 -6.55475197966941540e-37
3.030303e-01  1.98387985670900442e-35 -4.61159616138928505e-37 -1.20257961362425299e-36
3.065954e-01  4.16733578948024032e-35  4.97799371309671021e-37 -2.80721927628116630e-37
3.101604e-01  2.87259556454624933e-35  4.09759878373519877e-36  5.46080715121868796e-36
3.137255e-01 -1.22707601964920073e-34  1.03919305829827015e-35  1.84068633572030974e-35
3.172906e-01 -5.24461528765621406e-34  1.15986223863283648e-35  2.91793842217323980e-35
3.208556e-01 -1.01487751153686174e-33 -1.58543988048686247e-35 -1.13850171624586502e-36
3.244207e-01 -6.00849923978072070e-34 -1.04592939742455205e-34 -1.41562428945344309e-34
3.279857e-01  2.86396570985110151e-33 -2.40458439931714930e-34 -4.12745347769449837e-34
3.315508e-01  1.11448630665578695e-32 -2.34922804498336611e-34 -5.67244088970849217e-34
3.351159e-01  2.00072003570706168e-32  3.87010401587888115e-34  1.75692571161119321e-34
3.386809e-01  1.02179020761174942e-32  2.15179028833534883e-33  2.92861228081763562e-33
3.422460e-01 -5.39923005476930836e-32  4.52916148944779475e-33  7.51338118540605387e-33
3.458111e-01 -1.93372635691579399e-31  3.89863582859366584e-33  8.97230133444123354e-33
3.493761e-01 -3.24239609078000768e-31 -7.47195238210848419e-33 -5.23611289121057958e-33
3.529412e-01 -1.44054304572325770e-31 -3.62240841223744622e-32 -4.91982292940138543e-32
3.565062e-01  8.33697499564167284e-31 -7.04482872771235084e-32 -1.12620511644793528e-31
3.600713e-01  2.77593785910018360e-30 -5.38976290501466344e-32 -1.17118295863313039e-31
3.636364e-01  4.37773918465313711e-30  1.16511330774824845e-31  1.00987894513976930e-31
3.672014e-01  1.71881894168429616e-30  5.05366203447939774e-31  6.80778099605792951e-31
3.707665e-01 -1.06639627278233904e-29  9.16320294403421172e-31  1.40760278537347227e-30
3.743316e-01 -3.33402726634251969e-29  6.31114115651571240e-31  1.27925572800145648e-30
3.778966e-01 -4.98165575475523088e-29 -1.48928613977157459e-30 -1.46142634889828841e-30
3.814617e-01 -1.77417143655024481e-29 -5.90587673244650303e-30 -7.85499383854100742e-30
3.850267e-01  1.14036971333820553e-28 -1.00783653155254599e-29 -1.48438391767085016e-29
3.885918e-01  3.38199522769506893e-28 -6.36864793220361225e-30 -1.18788589977881766e-29
3.921569e-01  4.82629608343008411e-28  1.57706660379634445e-29  1.67446598016157002e-29
3.957219e-01  1.61901831371928495e-28  5.83470606850103184e-29  7.64468624819237991e-29
3.992870e-01 -1.02697208226850899e-27  9.47158315434855626e-29  1.33881641218655872e-28
4.028520e-01 -2.92085927273827545e-27  5.64921644432230578e-29  9.63967487356831198e-29
4.064171e-01 -4.01663841650799021e-27 -1.39123581367494054e-28 -1.54681702520601944e-28
4.099822e-01 -1.33207223694914393e-27 -4.91101080855853129e-28 -6.34090442235708151e-28
4.135472e-01  7.82945236387563516e-27 -7.69169426444618799e-28 -1.05541684030598552e-27
4.171123e-01  2.16302755040831975e-26 -4.54138937284839847e-28 -7.39730324590548329e-28
4.206774e-01  2.89862731070816880e-26  1.01200026580683670e-27  1.08277896715045479e-27
4.242424e-01  1.01379035903116960e-26  3.52901668974829771e-27  4.41493583388606496e-27
4.278075e-01 -5.04268640878633786e-26  5.46693424672617140e-27  7.43948864272575880e-27
4.313725e-01 -1.37962147205952911e-25  3.52256701561211158e-27  6.35739271542675864e-27
4.349376e-01 -1.83721214548065704e-25 -5.50522257274870324e-27 -2.66769034871345494e-27
4.385027e-01 -7.64692935177532447e-26 -2.07593232288555009e-26 -1.97877834931369550e-26
4.420677e-01  2.59808962249311647e-25 -3.34481443699010909e-26 -3.95825617171987973e-26
4.456328e-01  7.35723363590825075e-25 -2.80416923216735773e-26 -5.68145440030759550e-26
4.491979e-01  1.01104174193271713e-24  7.26452071487722440e-27 -8.03384264976891137e-26
4.527629e-01  6.13000419116100585e-25  6.51097347313401951e-26 -1.36259377871343249e-25
4.563280e-01 -6.56158151577293040e-25  1.18062390990322243e-25 -2.10999849111890574e-25
4.598930e-01 -2.23717029686030314e-24  1.60318865206452874e-25 -7.16405224667749114e-26
4.634581e-01 -2.92299388078222626e-24  2.93687554715380082e-25  1.02952353938536973e-24
4.670232e-01 -2.43910172997836641e-24  7.67973653687582630e-25  4.51266386072040838e-24
4.705882e-01 -4.63999995670824982e-24  1.73559655365312774e-24  1.17530485410134022e-23
4.741533e-01 -2.00046882127848705e-23  2.37988445167899435e-24  2.11619068639169566e-23
4.777184e-01 -6.07135753073454099e-23 -6.93313273507293779e-25  2.16466444966633842e-23
4.812834e-01 -1.16784192824715110e-22 -1.48938199809751332e-23 -1.71498060353746041e-23
4.848485e-01 -1.01810649762926442e-22 -4.97870087889280064e-23 -1.51390544406504875e-22
4.884135e-01  2.26291361125036252e-22 -1.05684020355710447e-22 -4.47389556398614642e-22
4.919786e-01  1.30994053739079681e-21 -1.44795556505705578e-22 -9.06727328565410125e-22
4.955437e-01  3.62750197786932491e-21 -4.32456274176758731e-23 -1.28251317841300190e-21
4.991087e-01  6.97278355330242312e-21  4.52617981608220144e-22 -7.60735032439213145e-22
5.026738e-01  8.70307364122628892e-21  1.68603504783227958e-21  2.40219015926299973e-21
5.062389e-01  7.21977430283975534e-22  3.80103084650053474e-21  1.09098892957132660e-20
5.098039e-01 -3.37552297886836850e-20  5.97405289943582557e-21  2.72592887945488566e-20
5.133690e-01 -1.19340925210686245e-19  5.02726923847916518e-21  4.99407441553462596e-20
5.169340e-01 -2.73385596021620001e-19 -6.20340358162804949e-21  6.54051555865348316e-20
5.204991e-01 -4.59686604548502570e-19 -3.91155614976836588e-20  3.55152725442963747e-20
5.240642e-01 -4.92928929224852207e-19 -1.04448069766206039e-19 -1.15293223066435756e-19
5.276292e-01  1.03862732613999509e-19 -1.96181165017116692e-19 -4.99364767381428180e-19
5.311943e-01  2.21913225657107003e-18 -2.58064962956885068e-19 -1.22289078230131391e-18
5.347594e-01  7.03857103565307932e-18 -1.33728622336779557e-19 -2.25546124392529003e-18
5.383244e-01  1.52703179824682828e-17  4.77039939790712629e-19 -3.16211891855490198e-18
5.418895e-01  2.50801422203915597e-17  1.99078113460533909e-18 -2.68145453719242492e-18
5.454545e-01  2.81720861748907204e-17  4.71658505984132620e-18  1.75402409455704342e-18
5.490196e-01  4.27874583091837476e-18  8.26169133797979992e-18  1.42214920074439459e-17
5.525847e-01 -8.33826622496653947e-17  1.04249493101725782e-17  3.95177259883273639e-17
5.561497e-01 -2.84781281021282285e-16  5.67690603892216322e-18  8.01866248448873340e-17
5.597148e-01 -6.38827803830574716e-16 -1.60691633090480882e-17  1.29842973683889426e-16
5.632799e-01 -1.10970904505600914e-15 -6.86164850911161320e-17  1.61566841960882456e-16
5.668449e-01 -1.46675944314991360e-15 -1.63385823624188337e-16  1.11882396491010953e-16
5.704100e-01 -1.11025387989436515e-15 -2.93775052163712803e-16 -1.34912860793442200e-16
5.739750e-01  1.10267457140938776e-15 -4.06374423177934615e-16 -7.49562186767483679e-16
5.775401e-01  6.88206452604795086e-15 -3.60261418035736643e-16 -1.92398516322285219e-15
5.811052e-01  1.80944173470914225e-14  1.12598059580898292e-16 -3.76418281563741524e-15
5.846702e-01  3.55006040808856560e-14  1.41219128463211229e-15 -6.06548218951568566e-15
5.882353e-01  5.61977383835067548e-14  3.97933090506800588e-15 -7.93491277058594033e-15
5.918004e-01  6.95673755905042789e-14  8.02229215769355930e-15 -7.27083081390500082e-15
5.953654e-01  5.22719836667128722e-14  1.29730976789776912e-14 -2.14813770972127193e-16
5.989305e-01 -3.57454776166377068e-14  1.66395238922036430e-14  1.91245963481793397e-14
6.024955e-01 -2.50233617390290822e-13  1.41683140849454102e-14  5.81118532547180418e-14
6.060606e-01 -6.50256923841754423e-13 -2.79137675942106228e-15  1.23322038362516925e-13
6.096257e-01 -1.26670087086703018e-12 -4.59480948080409269e-14  2.15489948700535073e-13
6.131907e-01 -2.04504317272141241e-12 -1.28062000059193679e-13  3.20663483527389794e-13
6.167558e-01 -2.76174527774771640e-12 -2.57038909814547046e-13  3.97250861595564375e-13
6.203209e-01 -2.92626489583172511e-12 -4.25223255052344751e-13  3.60334063626782778e-13
6.238859e-01 -1.70021890566751578e-12 -5.93756628625101522e-13  6.75797447254521232e-14
6.274510e-01  2.11146470111751723e-12 -6.74040750443909881e-13 -6.84695833747646129e-13
6.310160e-01  9.92322376790356780e-12 -5.11574826132076709e-13 -2.14185906530932002e-12
6.345811e-01  2.30082585186164359e-11  1.18884286500343062e-13 -4.53015230796417345e-12
6.381462e-01  4.18658722441913698e-11  1.49511033901361740e-12 -7.93640162268433869e-12
6.417112e-01  6.53394714084077635e-11  3.89453333052960573e-12 -1.21156058544396083e-11
6.452763e-01  8.96235970561537749e-11  7.50028236748134403e-12 -1.62292609782079898e-11
6.488414e-01  1.07439909572014921e-10  1.22714055852980169e-11 -1.85443761611887123e-11
6.524064e-01  1.07787000210427972e-10  1.78001152515500294e-11 -1.61603905992117146e-11
6.559715e-01  7.67139022644188452e-11  2.31987100542039498e-11 -4.87193525187089355e-12
6.595365e-01 -5.36492982118245579e-13  2.70737087110853013e-11  2.06932904213633364e-11
6.631016e-01 -1.35966517268047072e-10  2.76452517391643187e-11  6.65185119861144557e-11
6.666667e-01 -3.34280897812617325e-10  2.30472508558049613e-11  1.38124160633984549e-10
6.702317e-01 -5.88370570210314974e-10  1.17945431780972148e-11  2.38981456208079608e-10
6.737968e-01 -8.76310602915146949e-10 -6.66625406153488633e-12  3.68583296672145431e-10
6.773619e-01 -1.16150577883761010e-09 -3.14766498893757495e-11  5.20543657579609156e-10
6.809269e-01 -1.39721363876083718e-09 -6.01549062109948738e-11  6.81282504216497875e-10
6.844920e-01 -1.53563176122585828e-09 -8.88353586639234995e-11  8.29949591610726255e-10
6.880570e-01 -1.54019080783041705e-09 -1.13043791981361071e-10  9.40168053121382244e-10
6.916221e-01 -1.39805387312796097e-09 -1.28921313851560166e-10  9.83880824954734994e-10
6.951872e-01 -1.12870235532347920e-09 -1.34599701774454422e-10  9.37059489268966386e-10
6.987522e-01 -7.84535418314991350e-10 -1.31258378556935952e-10  7.86369067943937471e-10
7.023173e-01 -4.41032218304359661e-10 -1.23345265043616167e-10  5.35245913431347495e-10
7.058824e-01 -1.77123560398188195e-10 -1.17590757550325764e-10  2.07473218767425672e-10
7.094474e-01 -5.02388731428817843e-11 -1.20798864756310934e-10 -1.53538529092255032e-10
7.130125e-01 -7.37210952914202249e-11 -1.36889538844228091e-10 -4.90801644183994689e-10
7.165775e-01 -2.05439952132865823e-10 -1.64133030872477162e-10 -7.44819002924064451e-10
7.201426e-01 -3.54396421763200836e-10 -1.93754967195170042e-10 -8.67693389416769565e-10
7.237077e-01 -4.06826079309771951e-10 -2.10920851660160091e-10 -8.36810431422425242e-10
7.272727e-01 -2.66063148304739378e-10 -1.98467017547136281e-10 -6.63886663086776740e-10
7.308378e-01  1.06295646416784494e-10 -1.42749882265859954e-10 -3.95666379620489632e-10
7.344029e-01  6.63656215760323899e-10 -3.99446082892473508e-11 -1.04440830062577252e-10
7.379679e-01  1.27545082083332399e-09  9.95390194379282301e-11  1.30459222381121152e-10
7.415330e-01  1.76085697965034294e-09  2.50752767059426194e-10  2.45784377593856630e-10
7.450980e-01  1.94794449284564331e-09  3.79203809304038624e-10  2.15261522355617665e-10
7.486631e-01  1.73930863627200369e-09  4.50525984610169626e-10  6.09192881148365255e-11
7.522282e-01  1.15917682312128976e-09  4.42193842516389658e-10 -1.50464674441659995e-10
7.557932e-01  3.60225405934291051e-10  3.53213868631065910e-10 -3.26742242955036669e-10
7.593583e-01 -4.18687957215354618e-10  2.07627444700162308e-10 -3.81018020109132278e-10
7.629234e-01 -9.33775326387465625e-10  4.92563116303467589e-11 -2.64104592164923593e-10
7.664884e-01 -1.02875486399181743e-09 -7.18638912781217241e-11  1.27507680514857621e-11
7.700535e-01 -7.02068263996067704e-10 -1.17442774739120020e-10  3.74559178918650943e-10
7.736185e-01 -1.18190092679832121e-10 -7.68208337621572068e-11  7.02505547091174827e-10
7.771836e-01  4.47906722990879722e-10  2.60076515500219064e-11  8.72589381486306364e-10
7.807487e-01  7.16893792937265127e-10  1.38516099509922785e-10  8.00667927999771678e-10
7.843137e-01  5.21995765329943539e-10  1.98372912945975649e-10  4.77441553964978427e-10
7.878788e-01 -1.12223917104039566e-10  1.58765815565614838e-10 -2.12584959382797058e-11
7.914439e-01 -9.66624812602227117e-10  1.04957292274643230e-11 -5.55555841372483787e-10
7.950089e-01 -1.70785149908386471e-09 -2.09136265331209241e-10 -9.68909922558913182e-10
7.985740e-01 -2.02421929983593457e-09 -4.26365526499573985e-10 -1.14550576997643309e-09
8.021390e-01 -1.76182307844268453e-09 -5.58121917514321953e-10 -1.05549056985768182e-09
8.057041e-01 -1.00066940491330956e-09 -5.46606265203048279e-10 -7.68577612308503564e-10
8.092692e-01 -3.26349973885059287e-11 -3.86875918152551591e-10 -4.27772434852564623e-10
8.128342e-01  7.55538096536577273e-10 -1.34222037519515652e-10 -1.91016685601799172e-10
8.163993e-01  1.04758796465288713e-09  1.14416943866114586e-10 -1.63011123435959567e-10
8.199643e-01  7.39469732015879341e-10  2.59582299433040126e-10 -3.45834271040854269e-10
8.235294e-01 -8.27888533848143628e-12  2.43380837300740668e-10 -6.31463212869441919e-10
8.270945e-01 -8.35983479364903273e-10  7.87817126425552483e-11 -8.43043216753483589e-10
8.306595e-01 -1.34339411601268835e-09 -1.50993377526792989e-10 -8.10852037128007133e-10
8.342246e-01 -1.27189441424007906e-09 -3.25748248914190716e-10 -4.52275156873520908e-10
8.377897e-01 -6.26472772567062328e-10 -3.41918263181668333e-10  1.79322483771794175e-10
8.413547e-01  3.21666880249301116e-10 -1.63278966226165075e-10  9.01021866798601766e-10
8.449198e-01  1.15672340029222260e-09  1.55387935471287494e-10  1.46359239440332849e-09
8.484848e-01  1.51001497289378865e-09  4.85250072133803541e-10  1.64799120539522535e-09
8.520499e-01  1.23243085032318434e-09  6.76490840812912085e-10  1.35532822098551854e-09
8.556150e-01  4.65079666289688485e-10  6.25442738186017182e-10  6.51173700122924599e-10
8.591800e-01 -4.27200066599932444e-10  3.25351731064611921e-10 -2.56558364901429123e-10
8.627451e-01 -1.02906029384568448e-09 -1.24064733567959884e-10 -1.09827031191788867e-09
8.663102e-01 -1.07185595220429903e-09 -5.55167628977174780e-10 -1.64773771143054546e-09
8.698752e-01 -5.59508375818353627e-10 -8.03555868149672523e-10 -1.80582310972002818e-09
8.734403e-01  2.38061427579512223e-10 -7.80109388896106358e-10 -1.62622863154592754e-09
8.770053e-01  9.20179053033012738e-10 -5.10408239924427245e-10 -1.27304907418680947e-09
8.805704e-01  1.15223255682626897e-09 -1.22305535754911060e-10 -9.31681374233859998e-10
8.841355e-01  8.26837269944443292e-10  2.13451164878204005e-10 -7.16856476414547149e-10
8.877005e-01  1.10524785983337410e-10  3.62102200128278444e-10 -6.23103068108194177e-10
8.912656e-01 -6.45223806481507737e-10  2.85931567686038211e-10 -5.42263116721352895e-10
8.948307e-01 -1.08206885478281415e-09  5.82114151002513898e-11 -3.39018600336222555e-10
8.983957e-01 -1.01189853846383927e-09 -1.76724854884430050e-10  5.50533451354557224e-11
9.019608e-01 -5.04963105998713220e-10 -2.77776718715190932e-10  5.80056104909108133e-10
9.055258e-01  1.52741826602916944e-10 -1.79125973680213883e-10  1.05593850373897601e-09
9.090909e-01  6.08545198665639233e-10  7.58504004230932415e-11  1.26264382350041096e-09
9.126560e-01  6.21857324815172010e-10  3.56147045611846861e-10  1.05605677439599476e-09
9.162210e-01  1.82889207305015189e-10  5.10024935260108519e-10  4.60720619237815113e-10
9.197861e-01 -4.86468153614841839e-10  4.44171711903162982e-10 -3.13472866729759511e-10
9.233512e-01 -1.04773010355385586e-09  1.75256443433439971e-10 -9.48693783025878218e-10
9.269162e-01 -1.21778945988440964e-09 -1.72989278565821394e-10 -1.16107243267909312e-09
9.304813e-01 -9.11828394764959864e-10 -4.27315828007789844e-10 -8.40664544989998199e-10
9.340463e-01 -2.86774113839235553e-10 -4.49894833095149631e-10 -1.17561483444986246e-10
9.376114e-01  3.35868145181965008e-10 -2.08989750765395563e-10  6.86102575131715311e-10
9.411765e-01  6.30344433642608117e-10  2.00360806471483883e-10  1.20292116166134699e-09
9.447415e-01  4.32397971862812011e-10  5.97578786808735134e-10  1.19817547425578260e-09
9.483066e-01 -1.70847870265334759e-10  8.01386089926581843e-10  6.90331685500734810e-10
9.518717e-01 -8.73552365960944441e-10  7.17957762672149190e-10 -5.08102253136980538e-11
9.554367e-01 -1.29586045677786443e-09  3.89306169229792664e-10 -6.33828010919417040e-10
9.590018e-01 -1.17576082840919402e-09 -2.30533191752451893e-11 -7.42749772868734798e-10
9.625668e-01 -5.16292186875061384e-10 -3.13378497611969529e-10 -3.02889728083439956e-10
9.661319e-01  3.89361849826414502e-10 -3.31321597619076456e-10  4.71529685490927007e-10
9.696970e-01  1.07992149375539848e-09 -5.82269534142745342e-11  1.17716605349350339e-09
9.732620e-01  1.15004372357270217e-09  3.78196439994029885e-10  1.42245336231814685e-09
9.768271e-01  4.74136133783491661e-10  7.60981782115221658e-10  1.02926077780114257e-09
9.803922e-01 -6.86621138604267613e-10  8.88553527739605836e-10  1.31604182694166752e-10
9.839572e-01 -1.76809259834794272e-09  6.78014835405722319e-10 -8.81772686657005322e-10
9.875223e-01 -2.16373044008250654e-09  2.15547172662217525e-10 -1.55493724858988159e-09
9.910873e-01 -1.55093907376329047e-09 -2.75303973517938631e-10 -1.58931978703731113e-09
9.946524e-01 -1.16636530103588420e-10 -5.38073332265382515e-10 -9.92067887536349021e-10
9.982175e-01  1.46044968674909367e-09 -4.13517110968869190e-10 -7.25589339595760045e-11
1.001783e+00  2.30543109235032004e-09  6.94340971904991711e-11  7.12371786199675637e-10
1.005348e+00  1.80641398720400748e-09  6.93352296815813208e-10  9.87726604971097207e-10
1.008913e+00  7.88058182695552300e-12  1.15207455126165241e-09  6.49474365064575134e-10
1.012478e+00 -2.29831419678426939e-09  1.20756811516525639e-09 -8.20971703516445605e-11
1.016043e+00 -3.89341098918161001e-09  8.24701897333098093e-10 -7.73874784901238617e-10
1.019608e+00 -3.75603707040889250e-09  2.07097721587321794e-10 -1.00377690466157620e-09
1.023173e+00 -1.68520525935839466e-09 -2.97133929751215885e-10 -5.87268977113935188e-10
1.026738e+00  1.44079149049471208e-09 -3.81225212355984764e-10  3.08294914916852790e-10
1.030303e+00  3.98759377497823010e-09  3.88173382364711328e-11  1.22569667106913060e-09
1.033868e+00  4.38631821347536780e-09  7.52808065111366089e-10  1.63610645090421962e-09
1.037433e+00  2.06006755303993874e-09  1.34957643645002481e-09  1.21386784447821228e-09
1.040998e+00 -2.07162722539618659e-09  1.43898765233412304e-09  3.17774683565794977e-11
1.044563e+00 -5.88175627850601973e-09  8.86030671381685971e-10 -1.43114745860192892e-09
1.048128e+00 -7.08408632004151023e-09 -8.10515428170989406e-11 -2.49244886889239786e-09
1.051693e+00 -4.54966021440342329e-09 -9.67110890156857037e-10 -2.59668371277824114e-09
1.055258e+00  8.42546545772213909e-10 -1.27505823749906570e-09 -1.61502578004985456e-09
1.058824e+00  6.40057032480112723e-09 -7.97740334293917513e-10  4.68148864828712522e-11
1.062389e+00  8.91315186093368962e-09  2.36003817017305018e-10  1.61076753306407982e-09
1.065954e+00  6.45089937981683890e-09  1.26238872061172788e-09  2.30201403588678836e-09
1.069519e+00 -3.10744609064237162e-10  1.69137316339176822e-09  1.75940574025442842e-09
1.073084e+00 -8.10037601989739337e-09  1.25371918938882602e-09  2.62018152250690019e-10
1.076649e+00 -1.25840264060930741e-08  1.79854111859191784e-10 -1.37126739626272392e-09
1.080214e+00 -1.07414844100550327e-08 -9.09336741915766470e-10 -2.18777386168375758e-09
1.083779e+00 -2.80746120869256738e-09 -1.35248912538956886e-09 -1.61898952388025167e-09
1.087344e+00  7.42314391111471264e-09 -8.41210291137920815e-10  1.66389605799978214e-10
1.090909e+00  1.43269654114006966e-08  3.78703406251375958e-10  2.28726261892033730e-09
1.094474e+00  1.34768095223194813e-08  1.62963237888037334e-09  3.57439076185597055e-09
1.098039e+00  4.35830284339543576e-09  2.18863586375310721e-09  3.19304270984468510e-09
1.101604e+00 -8.84569170757069074e-09  1.71517741525835004e-09  1.13347317879263096e-09
1.105169e+00 -1.90977577784165108e-08  4.63671723718473525e-10 -1.71444036140047393e-09
1.108734e+00 -2.02196834688486247e-08 -8.52961394536603318e-10 -3.97446563301656763e-09
1.112299e+00 -1.05409385323456523e-08 -1.47427528313130241e-09 -4.48912629054065228e-09
1.115865e+00  5.63886625805596785e-09 -1.03567131587940649e-09 -2.94542098006349580e-09
1.119430e+00  1.98614216927592038e-08  2.20563166632890379e-10 -7.38477894181490203e-11
1.122995e+00  2.39029729707857943e-08  1.59248549094570703e-09  2.70585256601893211e-09
1.126560e+00  1.44897626893745621e-08  2.33366713664633346e-09  4.01733415799985261e-09
1.130125e+00 -4.34286442198821946e-09  2.08519309110098052e-09  3.24949322346182861e-09
1.133690e+00 -2.28359020522824423e-08  1.06696644844323677e-09  8.75729181117259723e-10
1.137255e+00 -3.05092397122184345e-08 -7.86172437392453298e-11 -1.80526620004311631e-09
1.140820e+00 -2.20406483160429635e-08 -6.84957873245934793e-10 -3.36672235819008860e-09
1.144385e+00 -7.43913915293526421e-10 -4.53403748444314765e-10 -3.00908407726982679e-09
1.147950e+00  2.25498183033830199e-08  3.95166729411842431e-10 -9.65727667130027894e-10
1.151515e+00  3.49670860170839719e-08  1.28739601888239273e-09  1.65043318517507575e-09
1.155080e+00  2.86774658327958077e-08  1.66390355030682043e-09  3.45945340804767526e-09
1.158645e+00  5.70138080908935821e-09  1.31134435328160590e-09  3.54085850790012787e-09
1.162210e+00 -2.24610136185187073e-08  4.61398274853397226e-10  1.88312535969601102e-09
1.165775e+00 -4.05648582180647617e-08 -3.86653675314180295e-10 -6.64320158248415405e-10
1.169340e+00 -3.78792272776546745e-08 -7.90704248500777512e-10 -2.87621516235143601e-09
1.172906e+00 -1.44974493073406291e-08 -6.27562801100704959e-10 -3.78525349856378803e-09
1.176471e+00  1.79834242003257032e-08 -1.35816254576240716e-10 -3.12374551596519949e-09
1.180036e+00  4.21695292345936348e-08  2.68799468136900015e-10 -1.36972428174007672e-09
1.183601e+00  4.41742396024833940e-08  2.72524676815056566e-10  5.73856033591718844e-10
1.187166e+00  2.15360039304572018e-08 -1.43906413705118857e-10  1.85150250423203555e-09
1.190731e+00 -1.47539721533129092e-08 -7.12334982135771052e-10  2.02119813014084503e-09
1.194296e+00 -4.55792067844329973e-08 -1.06416012783859023e-09  1.16051164620839212e-09
1.197861e+00 -5.38156884073219615e-08 -9.68028688510355428e-10 -2.73248419776379378e-10
1.201426e+00 -3.38676322793840414e-08 -4.68214551222230371e-10 -1.69357496785712161e-09
1.204991e+00  4.69658530146426598e-09  1.53741091591971618e-10 -2.59869111319319885e-09
1.208556e+00  4.17002514058148417e-08  5.58664871351322154e-10 -2.68108840692348249e-09
1.212121e+00  5.69552939030107411e-08  5.54008352901367766e-10 -1.85964329575170069e-09
1.215686e+00  4.13097881330832715e-08  2.01382951699244682e-10 -2.96332363903014618e-10
1.219251e+00  2.07834865332276503e-09 -2.28134574132771596e-10  1.58376522273220611e-09
1.222816e+00 -4.03435473800246124e-08 -4.16197503499839170e-10  3.12337857981059291e-09
1.226381e+00 -6.31357837041781381e-08 -1.80763400082401616e-10  3.59456753785859579e-09
1.229947e+00 -5.33815624979548280e-08  4.18705820596455834e-10  2.50534271319706489e-09
1.233512e+00 -1.53736974970478987e-08  1.10658112867069634e-09 -6.01187022143710114e-11
1.237077e+00  3.12353189811943339e-08  1.53107806125844042e-09 -3.27551137955213003e-09
1.240642e+00  6.16720801437092612e-08  1.44852916201479436e-09 -5.76438009566645364e-09
1.244207e+00  5.92984022680560518e-08  8.61613082668611789e-10 -6.16652729281412296e-09
1.247772e+00  2.47468769632035127e-08  4.05173380701583455e-11 -3.86108425379120799e-09
1.251337e+00 -2.41009585397366881e-08 -5.93800634256983766e-10  5.32172953679504136e-10
1.254902e+00 -6.14406499713130339e-08 -6.80987210800235641e-10  5.21614256417879152e-09
1.258467e+00 -6.72729428988815257e-08 -1.30108342549425166e-10  7.93435896384675816e-09
1.262032e+00 -3.81803638126638327e-08  7.87687365473579041e-10  7.07432628468507105e-09
1.265597e+00  1.06865471480225855e-08  1.53594515026317760e-09  2.61664265819767522e-09
1.269162e+00  5.35562945414879016e-08  1.58074817904205630e-09 -3.61688701656820080e-09
1.272727e+00  6.77108568276939778e-08  7.07118738557292173e-10 -8.66087986257194542e-09
1.276292e+00  4.55789661603573293e-08 -7.94596573517427200e-10 -9.80931468897466157e-09
1.279857e+00 -1.22805548719246832e-09 -2.21032205768692874e-09 -6.06327987262635946e-09
1.283422e+00 -4.80926177356001113e-08 -2.75365435942284619e-09  1.14825733133489127e-09
1.286988e+00 -7.04600825789698264e-08 -2.02218117036194506e-09  8.44809318262452914e-09
1.290553e+00 -5.68095656082111351e-08 -2.97610065776281138e-10  1.20715597267999776e-08
1.294118e+00 -1.46311152779160222e-08  1.52042359801687203e-09  9.79367902130902140e-09
1.297683e+00  3.37016433719288733e-08  2.36393516163518879e-09  2.23525888680205959e-09
1.301248e+00  6.28667774169235676e-08  1.61106013689822327e-09 -7.20639507748236895e-09
1.304813e+00  5.79234749914817845e-08 -4.86814233563413554e-10 -1.38928908379899511e-08
1.308378e+00  2.19769132213796883e-08 -2.84897986010148681e-09 -1.42614683279933518e-08
1.311943e+00 -2.57648305628275307e-08 -4.10962703851779207e-09 -7.76112498605519166e-09
1.315508e+00 -6.03363977076875200e-08 -3.38898992106958171e-09  2.64688952322304647e-09
1.319073e+00 -6.41526250245678019e-08 -8.52022837388373833e-10  1.17964133578414576e-08
1.322638e+00 -3.59853979307716089e-08  2.29697986777021772e-09  1.48679690171985238e-08
1.326203e+00  8.81504165510379940e-09  4.42553693947403805e-09  9.91941312679410257e-09
1.329768e+00  4.67351104070526644e-08  4.37309791186040625e-09 -9.40540922266945239e-10
1.333333e+00  5.85118266045929989e-08  2.13219409312210727e-09 -1.24314960242217077e-08
1.336898e+00  3.89585979011033208e-08 -1.09517558943297755e-09 -1.86781462156218523e-08
1.340463e+00 -8.22709084832241675e-10 -3.52395448965442334e-09 -1.62123279882316272e-08
1.344029e+00 -3.97330005518535680e-08 -3.75900000382962698e-09 -5.84568972040600578e-09
1.347594e+00 -5.79056143904537587e-08 -1.57089628784851009e-09  7.60733607575288398e-09
1.351159e+00 -4.68764110249480627e-08  1.96400123118582890e-09  1.76790199243126716e-08
1.354724e+00 -1.34767656738474196e-08  5.03941677435020720e-09  1.95011509832808159e-08
1.358289e+00  2.43080166141415794e-08  6.08823877757346237e-09  1.22908144187924329e-08
1.361854e+00  4.70423839692879108e-08  4.60790540287207722e-09 -2.29588689935085230e-10
1.365419e+00  4.38640211605892064e-08  1.39757313373588353e-09 -1.17142806252993372e-08
1.368984e+00  1.76494041579686150e-08 -1.90090198256763568e-09 -1.64170303093588989e-08
1.372549e+00 -1.71160572510029979e-08 -3.68488344945339415e-09 -1.20959675212438833e-08
1.376114e+00 -4.23248217088699119e-08 -3.21042940595769791e-09 -1.11144362867301812e-09
1.379679e+00 -4.56993959245335052e-08 -9.26228528448207808e-10  1.08271912259670454e-08
1.383244e+00 -2.67734008669773796e-08  1.81927927132251105e-09  1.75944484865804778e-08
1.386809e+00  3.50305305046027178e-09  3.50689161041829780e-09  1.57421686953309811e-08
1.390374e+00  2.90035752812520091e-08  3.21742022281514459e-09  6.18679802020512347e-09
1.393939e+00  3.69893539106891388e-08  1.06434646651179874e-09 -6.32219211680360619e-09
1.397504e+00  2.44546464810186545e-08 -1.89365340578525966e-09 -1.56235700076336860e-08
1.401070e+00 -9.03072150327826285e-10 -4.18192888622356944e-09 -1.71937648144832570e-08
1.404635e+00 -2.52920468250545538e-08 -4.61012299716382342e-09 -1.03018907026448340e-08
1.408200e+00 -3.63103773866765457e-08 -2.82306610020740256e-09  1.74537466683104467e-09
1.411765e+00 -2.92535465553341258e-08  5.28226885306835539e-10  1.33054141078884413e-08
1.415330e+00 -9.03280092862323012e-09  4.05496203771059672e-09  1.91429512629371510e-08
1.418895e+00  1.30305722672754879e-08  6.22021799914267407e-09  1.68621106180011024e-08
1.422460e+00  2.55393181335631032e-08  6.00780750931513543e-09  7.89934280953815202e-09
1.426025e+00  2.29573354781296369e-08  3.39398691773765907e-09 -3.31032439092830232e-09
1.429590e+00  8.04598526380276002e-09 -5.87746073026415561e-10 -1.15121945939608337e-08
1.433155e+00 -1.02557284098388853e-08 -4.24553719408948282e-09 -1.30873718350932080e-08
1.436720e+00 -2.20660442850542225e-08 -5.95469408156847570e-09 -7.65417707001830975e-09
1.440285e+00 -2.18903114389108236e-08 -4.91200492922617402e-09  1.86703865097995775e-09
1.443850e+00 -1.11697445445959800e-08 -1.57267205890019905e-09  1.06872493532996624e-08
1.447415e+00  3.12867596723351970e-09  2.46763053596700732e-09  1.43807829053579401e-08
1.450980e+00  1.28171195093639872e-08  5.14362934723958554e-09  1.08948173085307573e-08
1.454545e+00  1.31003096807915685e-08  4.87316178022130372e-09  1.45012761710334810e-09
1.458111e+00  4.91402617820902140e-09  1.35616621745226282e-09 -1.00397035723066340e-08
1.461676e+00 -6.14851593760392152e-09 -4.17797912354994309e-09 -1.87421609460582999e-08
1.465241e+00 -1.34587185626526510e-08 -9.43242835432460753e-09 -2.10609622387579086e-08
1.468806e+00 -1.32656113396129959e-08 -1.20361088718194465e-08 -1.62005621793642326e-08
1.472371e+00 -6.62022300920671444e-09 -1.06241141008044643e-08 -6.44247748448326951e-09
1.475936e+00  1.67376314703497212e-09 -5.50180690114077791e-09  3.97294933230997396e-09
1.479501e+00  6.26952629118031619e-09  1.42796084984498445e-09  1.08223440647495954e-08
1.483066e+00  4.60269449703454028e-09  7.45625928239832018e-09  1.17988106817164724e-08
1.486631e+00 -1.67564666468229898e-09  1.02281318972466215e-08  7.44519733705030210e-09
1.490196e+00 -7.93842768560236593e-09  8.75349751009933973e-09  7.04055613596621870e-10
1.493761e+00 -9.62821106608405605e-09  3.82164483533187208e-09 -4.65544765332725022e-09
1.497326e+00 -5.17689388973018119e-09 -2.35798771103755330e-09 -5.92696323906137079e-09
1.500891e+00  2.99727939304461380e-09 -7.12370807549057498e-09 -2.72837463883962540e-09
1.504456e+00  9.99269015121749426e-09 -8.51063944558551007e-09  2.96603604790508094e-09
1.508021e+00  1.14655294740592690e-08 -6.08111943934620076e-09  7.97918795707622346e-09
1.511586e+00  6.32605014137600615e-09 -1.07987846614879307e-09  9.62120581791336050e-09
1.515152e+00 -2.55444135270728949e-09  4.14795647382763767e-09  7.01900019985803587e-09
1.518717e+00 -1.00405155111220652e-08  7.21717074624435852e-09  1.42321213184207959e-09
1.522282e+00 -1.17901411087477976e-08  6.77117788706337864e-09 -4.59343766486654232e-09
1.525847e+00 -6.82590736986474535e-09  3.08112007284069033e-09 -8.53910697936287001e-09
1.529412e+00  1.90711233982305462e-09 -2.09764350840496451e-09 -9.21434588167024183e-09
1.532977e+00  9.29739986253561915e-09 -6.34968452700167010e-09 -7.10419475778729451e-09
1.536542e+00  1.10590225007081829e-08 -7.72541924485484576e-09 -3.82273769262569938e-09
1.540107e+00  6.17706952621651292e-09 -5.64140484853847347e-09 -1.01830095552619182e-09
1.543672e+00 -2.60668483436719780e-09 -1.12736349206078397e-09  5.84017194817379749e-10
1.547237e+00 -1.04890779027260933e-08  3.69728887387187600e-09  1.46047791596328866e-09
1.550802e+00 -1.34205102975982125e-08  6.65969949146728365e-09  2.78032327730815980e-09
1.554367e+00 -1.03653247948018331e-08  6.57237456251192518e-09  5.46982428343645824e-09
1.557932e+00 -3.72524781565634716e-09  3.76532554923700084e-09  9.43571231287885823e-09
1.561497e+00  2.23152966344192519e-09 -1.40281169207314211e-10  1.34110653926976937e-08
1.565062e+00  3.92726017430186369e-09 -3.08671442076498638e-09  1.55076151556131959e-08
1.568627e+00  4.87332786869914163e-10 -3.62258061300360504e-09  1.41590929879257135e-08
1.572193e+00 -5.92564932257478988e-09 -1.61373652973740645e-09  8.94628810052854891e-09
1.575758e+00 -1.15556839043755070e-08  1.71593053665737805e-09  8.92817115575656179e-10
1.579323e+00 -1.33379474627231023e-08  4.41099240229341018e-09 -7.87629023439181113e-09
1.582888e+00 -1.06531225929760113e-08  4.75411231619501781e-09 -1.49041767881434569e-08
1.586453e+00 -5.56686886959715183e-09  2.10838881507676256e-09 -1.82306642628539228e-08
1.590018e+00 -1.50345159464979612e-09 -2.75435493539156814e-09 -1.69607305978831644e-08
1.593583e+00 -1.20845719094379103e-09 -7.97307642939720077e-09 -1.14395740354633737e-08
1.597148e+00 -5.21071117434330343e-09 -1.14066010474371052e-08 -3.08584938048404312e-09
1.600713e+00 -1.16278304564405669e-08 -1.15716290350964067e-08  5.98145404685047167e-09
1.604278e+00 -1.73320335125494764e-08 -8.30761655810363704e-09  1.34116123359089875e-08
1.607843e+00 -1.97123455494399242e-08 -2.88571880622939821e-09  1.71367570689318475e-08
1.611408e+00 -1.79845591032322499e-08  2.49587314085300676e-09  1.58983293117663549e-08
1.614973e+00 -1.33428596140807885e-08  5.63805180423626793e-09  9.69519080145899744e-09
1.618538e+00 -7.97595197703664828e-09  5.30831582290070788e-09 -1.25903927773962792e-11
1.622103e+00 -3.63520424293533135e-09  1.81940190527731980e-09 -1.05180297590742580e-08
1.625668e+00 -6.56213082943961671e-10 -3.08143286068193069e-09 -1.85598345282769250e-08
1.629234e+00  2.00331515749296530e-09 -7.02418851229177016e-09 -2.13480624994306768e-08
1.632799e+00  5.80915993825196964e-09 -8.19638783387707175e-09 -1.75829087812814157e-08
1.636364e+00  1.14553973980689485e-08 -6.32325773696212399e-09 -8.05873444697168693e-09
1.639929e+00  1.82460732703277992e-08 -2.90274497882330425e-09  4.43885176996511909e-09
1.643494e+00  2.44973018758455150e-08 -4.76010938961957962e-10  1.59739882328590029e-08
1.647059e+00  2.87411005758393064e-08 -1.21793791577308460e-09  2.27774286001791412e-08
1.650624e+00  3.09649861703755440e-08 -5.55690707767418754e-09  2.25782926861122143e-08
1.654189e+00  3.30321834593588214e-08 -1.16173828750888110e-08  1.54643291452404592e-08
1.657754e+00  3.78758635356418252e-08 -1.59186468155365877e-08  3.93563299829543978e-09
1.661319e+00  4.78067883546130080e-08 -1.51040132789720829e-08 -7.91395548926149460e-09
1.664884e+00  6.28827578652198828e-08 -7.86206477869776856e-09 -1.58526895414110587e-08
1.668449e+00  8.03760610520146133e-08  4.00401382544319313e-09 -1.71228777977262307e-08
1.672014e+00  9.58370712242990949e-08  1.60406728130994103e-08 -1.16128727408168223e-08
1.675579e+00  1.05346929432927411e-07  2.30501689251802353e-08 -2.06987180307700203e-09
1.679144e+00  1.07781909432926341e-07  2.15688443383366924e-08  6.87213084598620512e-09
1.682709e+00  1.05750241225578034e-07  1.16966619475451424e-08  1.06140505152861847e-08
1.686275e+00  1.04474044879613144e-07 -2.65965942686330634e-09  6.75090657570081797e-09
1.689840e+00  1.09002991201382487e-07 -1.52931805144287890e-08 -3.50912115503937985e-09
1.693405e+00  1.21166891922457754e-07 -2.02637457063810718e-08 -1.54912956508923843e-08
1.696970e+00  1.37995391753563948e-07 -1.43510185123951988e-08 -2.29750143690923437e-08
1.700535e+00  1.52689440758449824e-07  1.67160967881933533e-09 -2.12190027303912796e-08
1.704100e+00  1.57888128815707795e-07  2.34063756817596454e-08 -9.70138508945869547e-09
1.707665e+00  1.49634972664665014e-07  4.45619401072198455e-08  6.93239857488931055e-09
1.711230e+00  1.29880337692516721e-07  5.92460298559422111e-08  2.05295069048340295e-08
1.714795e+00  1.05964279344431431e-07  6.39248147516779207e-08  2.32325254703013072e-08
1.718360e+00  8.70736373895116307e-08  5.84257902890679951e-08  1.17036412448130737e-08
1.721925e+00  7.93643275461782960e-08  4.57856709025568482e-08 -1.04608953134717049e-08
1.725490e+00  8.23348792861449219e-08  3.11125526825804334e-08 -3.36975154177543626e-08
1.729055e+00  8.85566962276639133e-08  1.98536591179876272e-08 -4.67528969531244278e-08
1.732620e+00  8.71711938517168331e-08  1.59651887112822869e-08 -4.23661135602061607e-08
1.736185e+00  6.95143941585573509e-08  2.05199746750325372e-08 -2.14380919842158315e-08
1.739750e+00  3.39475013637388145e-08  3.12456173090313559e-08  6.73224079465740188e-09
1.743316e+00 -1.27773424994178642e-08  4.32813914103102683e-08  2.86603497671329831e-08
1.746881e+00 -5.85495213825913565e-08  5.10344812163690376e-08  3.34588090339168774e-08
1.750446e+00 -9.19185398355861037e-08  5.05076381341251742e-08  1.87318599234730385e-08
1.754011e+00 -1.07996155437867557e-07  4.11149226989492967e-08 -7.67615478743938657e-09
1.757576e+00 -1.11064419442136262e-07  2.60698844046998226e-08 -3.13126316121419780e-08
1.761141e+00 -1.12362461865756930e-07  1.10069479328247374e-08 -3.85052482338030296e-08
1.764706e+00 -1.24066126434142318e-07  1.36221487607823292e-09 -2.37293252472668982e-08
1.768271e+00 -1.52555344647386999e-07 -2.58342341714493110e-10  7.02794424494247933e-09
1.771836e+00 -1.94543575199841296e-07  4.60939384149109902e-09  3.89148865847852120e-08
1.775401e+00 -2.38220417024017595e-07  1.10065868224388982e-08  5.57125256262247339e-08
1.778966e+00 -2.68952314033300319e-07  1.29596824783944540e-08  4.83488499624222868e-08
1.782531e+00 -2.76665316633919621e-07  6.33711975021144148e-09  1.99148873761062764e-08
1.786096e+00 -2.61086912228443978e-07 -9.30761771538905036e-09 -1.55879457644790576e-08
1.789661e+00 -2.32070566097907984e-07 -3.07725599217122642e-08 -4.02552676540162421e-08
1.793226e+00 -2.04737685929358765e-07 -5.29264354220862882e-08 -4.14561243683091861e-08
1.796791e+00 -1.91847612088754713e-07 -7.10190693098481802e-08 -1.83961772240496592e-08
1.800357e+00 -1.97259769632445637e-07 -8.22921664074004144e-08  1.73773619101122584e-08
1.803922e+00 -2.13830925515166759e-07 -8.61817060533856835e-08  4.78129587003166823e-08
1.807487e+00 -2.26860731018172204e-07 -8.33613077830918095e-08  5.75187344692173306e-08
1.811052e+00 -2.21398386754022382e-07 -7.45789954466601177e-08  4.15413004768072116e-08
1.814617e+00 -1.89772471241051920e-07 -6.02434232092567944e-08  7.81582670697042899e-09
1.818182e+00 -1.35585018332478608e-07 -4.10501164244654393e-08 -2.68766213161451360e-08
1.821747e+00 -7.21731636818820527e-08 -1.90809749856381189e-08 -4.53041937007033653e-08
1.825312e+00 -1.62984619654866464e-08  1.63889975117458936e-09 -3.82652876594876379e-08
1.828877e+00  1.98025440337135712e-08  1.58655862292915657e-08 -8.96911490884422769e-09
1.832442e+00  3.40624379763107498e-08  1.90519136255327425e-08  2.87189062489348541e-08
1.836007e+00  3.51303950710541076e-08  9.53315567393715031e-09  5.71382926443576422e-08
1.839572e+00  3.75744737563413725e-08 -1.02201168788841708e-08  6.33379663099176196e-08
1.843137e+00  5.41604585318613748e-08 -3.40306455992054119e-08  4.50959508202311303e-08
1.846702e+00  8.90963079917708216e-08 -5.39768505703513020e-08  1.16551023897378008e-08
1.850267e+00  1.35655533521756738e-07 -6.29699579068080924e-08 -2.10275817004480660e-08
1.853832e+00  1.79397247644654010e-07 -5.68352288550494248e-08 -3.81227469322685576e-08
1.857398e+00  2.05372745543593714e-07 -3.52225569398106112e-08 -3.30629574338738991e-08
1.860963e+00  2.05668891583941035e-07 -1.37290325862778815e-09 -1.05639538227779134e-08
1.864528e+00  1.83431462126637545e-07  3.87591260232993852e-08  1.59013942987895100e-08
1.868093e+00  1.51268777234632402e-07  7.75457402667233379e-08  3.09726397985715747e-08
1.871658e+00  1.24790858290829646e-07  1.06784501821244397e-07  2.53091824437824783e-08
1.875223e+00  1.14548533097746281e-07  1.19071545730433885e-07  6.46584601267022915e-10
1.878788e+00  1.20508220792100465e-07  1.09584663384140393e-07 -3.06243932758122907e-08
1.882353e+00  1.31958391551925780e-07  7.79306823803193114e-08 -5.13832021024259330e-08
1.885918e+00  1.32997878771522837e-07  2.92101846194368757e-08 -4.84801238136923582e-08
1.889483e+00  1.10893191976154203e-07 -2.65893970239005317e-08 -1.99198156208245828e-08
1.893048e+00  6.30787676268619333e-08 -7.71402375369779669e-08  2.32568751892538826e-08
1.896613e+00 -7.99901485614995237e-10 -1.11518980161625918e-07  6.16926720246891939e-08
1.900178e+00 -6.29355368705457741e-08 -1.23626934547604046e-07  7.70004137045091228e-08
1.903743e+00 -1.05574063647405936e-07 -1.13760037072888597e-07  6.10782113390890176e-08
1.907308e+00 -1.19358383930548479e-07 -8.76735755472129185e-08  2.06329237504236834e-08
1.910873e+00 -1.07671493391887324e-07 -5.37605236404677016e-08 -2.56578544629784750e-08
1.914439e+00 -8.48193439262316927e-08 -1.98828709769172689e-08 -5.61723436013142894e-08
1.918004e+00 -6.89348721735410503e-08  8.59481478059537422e-09 -5.70823703470993912e-08
1.921569e+00 -7.30786924226925718e-08  2.89089591962774204e-08 -2.92717563553653779e-08
1.925134e+00 -9.88788788427677549e-08  3.96822577028807015e-08  1.22251307519877313e-08
1.928699e+00 -1.35781489645254893e-07  3.96833761064156140e-08  4.60410230939911028e-08
1.932264e+00 -1.66222217712846501e-07  2.76854769253664241e-08  5.54843948058750495e-08
1.935829e+00 -1.74146401659610578e-07  3.61430248518046561e-09  3.69669792310349061e-08
1.939394e+00 -1.52707993658716395e-07 -2.98711772869241954e-08  1.46109861720102502e-09
1.942959e+00 -1.07429840009715724e-07 -6.66719651245610340e-08 -3.16672465246396416e-08
1.946524e+00 -5.33636938361928697e-08 -9.82710465247619000e-08 -4.50518339731943308e-08
1.950089e+00 -7.73110477649223856e-09 -1.16283733925713039e-07 -3.23785527972062782e-08
1.953654e+00  1.82842983787958298e-08 -1.15363361599826062e-07 -1.37943152297701662e-09
1.957219e+00  2.45489782668936197e-08 -9.50189974806547630e-08  3.06113510832133353e-08
1.960784e+00  2.13661011906204469e-08 -5.94889991678091388e-08  4.59635792215033925e-08
1.964349e+00  2.36093235441883212e-08 -1.58718581441349669e-08  3.59036359993647831e-08
1.967914e+00  4.25870178728469826e-08  2.84118983012493593e-08  4.79902279430331331e-09
1.971480e+00  7.97499880087593850e-08  6.75626323908202303e-08 -3.23996402990847959e-08
1.975045e+00  1.25441681085880697e-07  9.80188653895912415e-08 -5.79292700506143302e-08
1.978610e+00  1.63376837976867493e-07  1.17879208888349924e-07 -6.00230465020144337e-08
1.982175e+00  1.78663013913306695e-07  1.25901431943464563e-07 -3.83271854090252081e-08
1.985740e+00  1.65376907147988957e-07  1.20931535128274796e-07 -3.48092722865909324e-09
1.989305e+00  1.29879740620060469e-07  1.02176362078042549e-07  2.85436029090901837e-08
1.992870e+00  8.81316916982132045e-08  7.01185278242850955e-08  4.42495136488205766e-08
1.996435e+00  5.82250296511630960e-08  2.74691559791883371e-08  3.86985822861437243e-08
2.000000e+00  5.17349040408875796e-08 -2.04519856447040784e-08  1.71381258792922379e-08
2.003565e+00  6.81044216520484418e-08 -6.62140750565417593e-08 -8.23811713361900402e-09
2.007130e+00  9.48261685473425713e-08 -1.01578461903436398e-07 -2.45113668784885293e-08
2.010695e+00  1.13368808667009017e-07 -1.19284507636464273e-07 -2.41464032260494224e-08
2.014260e+00  1.08006025239684297e-07 -1.14909223828677983e-07 -8.19673845060996700e-09
2.017825e+00  7.33017267349349945e-08 -8.83825351561184412e-08  1.46570811921219066e-08
2.021390e+00  1.66708457875206848e-08 -4.47239599974965059e-08  3.25410591080668546e-08
2.024955e+00 -4.51627742330775726e-08  6.42385772906273882e-09  3.60958905178256505e-08
2.028520e+00 -9.40267590526124967e-08  5.27195502945236331e-08  2.28202156618982440e-08
2.032086e+00 -1.18613844205770623e-07  8.23274908484109745e-08 -1.86205366975683021e-09
2.035651e+00 -1.19198118803126635e-07  8.76071006375591090e-08 -2.71994528511369867e-08
2.039216e+00 -1.06504024787079922e-07  6.79827729527533139e-08 -4.21265091121540341e-08
2.042781e+00 -9.53905246837304784e-08  3.06588804167385738e-08 -4.03852126602480430e-08
2.046346e+00 -9.66108848205261299e-08 -1.15078348824522747e-08 -2.34100320567238901e-08
2.049911e+00 -1.10900509500956620e-07 -4.44988293501221494e-08  3.65683760007472410e-10
2.053476e+00 -1.28505846517001644e-07 -5.83363826937315872e-08  1.95048789729604314e-08
2.057041e+00 -1.34516159027028563e-07 -5.08053727548802923e-08  2.50507734468971018e-08
2.060606e+00 -1.17340217402600355e-07 -2.79810200335983500e-08  1.49306185385068811e-08
2.064171e+00 -7.59126647977027791e-08 -1.23255497539292959e-09 -4.87962058679549206e-09
2.067736e+00 -2.16772025111474395e-08  1.79725400423547944e-08 -2.31328439964975810e-08
2.071301e+00  2.60568576464498911e-08  2.30576542303307867e-08 -2.88527405152435874e-08
2.074866e+00  4.93684972925293915e-08  1.48056681232169270e-08 -1.70320578085448139e-08
2.078431e+00  4.10207427342627304e-08  2.56967923115719532e-10  8.36281747531270188e-09
2.081996e+00  8.92996266124689030e-09 -1.12192745562170962e-08  3.57663491582588810e-08
2.085561e+00 -2.68219862317420791e-08 -1.25628646861002253e-08  5.13497844296041760e-08
2.089127e+00 -4.33246391762326823e-08 -2.03075675664070307e-09  4.58534344204090602e-08
2.092692e+00 -2.60652605121165060e-08  1.67375951114213615e-08  1.95201268641523360e-08
2.096257e+00  2.35934010550103930e-08  3.72459545703885853e-08 -1.75010390252947644e-08
2.099822e+00  8.86054759493706548e-08  5.35594202937470076e-08 -4.97210208823918136e-08
2.103387e+00  1.44199287918183651e-07  6.26347777938687686e-08 -6.37260175354469077e-08
2.106952e+00  1.69700237246536778e-07  6.44662070712740501e-08 -5.47299269995807196e-08
2.110517e+00  1.58263340004451272e-07  6.04027426886201362e-08 -2.88506627866534935e-08
2.114082e+00  1.19579293689036890e-07  5.11040271722322095e-08  1.67651810156859043e-10
2.117647e+00  7.42383842209112974e-08  3.57019985313129210e-08  1.81564218666058231e-08
2.121212e+00  4.27779621439827653e-08  1.28123115032126000e-08  1.78880815968544677e-08
2.124777e+00  3.52009272618158047e-08 -1.72848364859061242e-08  2.68896761798157737e-09
2.128342e+00  4.64505571359637017e-08 -5.08427999959546797e-08 -1.56503449487539296e-08
2.131907e+00  6.01100488521257484e-08 -8.06396238100444826e-08 -2.35547855057575386e-08
2.135472e+00  5.81827843587918700e-08 -9.81345006777792847e-08 -1.33279855540366826e-08
2.139037e+00  3.15710466291438926e-08 -9.68651522513797345e-08  1.23542309436344260e-08
2.142602e+00 -1.44555799088092541e-08 -7.53953262674544904e-08  4.15596986733913710e-08
2.146168e+00 -6.27617349561705528e-08 -3.83177044513002968e-08  5.92312559602103345e-08
2.149733e+00 -9.34484098664881745e-08  5.18178417027137980e-09  5.50525902403747602e-08
2.153298e+00 -9.46173944327049474e-08  4.44944954472318049e-08  2.88826995164664195e-08
2.156863e+00 -6.89660117739093312e-08  7.10537741315074862e-08 -9.04952599474602941e-09
2.160428e+00 -3.26242043870498262e-08  8.06995988166707193e-08 -4.31917060407510325e-08
2.163993e+00 -6.80414527353038425e-09  7.42298794043412969e-08 -6.02451225252923398e-08
2.167558e+00 -6.66965975250547654e-09  5.62841736936316560e-08 -5.53716277185372795e-08
2.171123e+00 -3.33090679745496767e-08  3.32955753226956004e-08 -3.40008992221686675e-08
2.174688e+00 -7.30481357495943203e-08  1.13759624419923648e-08 -8.56987889549698037e-09
2.178253e+00 -1.04468637626166381e-07 -5.23145307640865375e-09  7.92493243129755451e-09
2.181818e+00 -1.09461341835481664e-07 -1.48504317378023121e-08  8.23858611069363439e-09
2.185383e+00 -8.25568827595916299e-08 -1.82251581169386028e-08 -5.98415458345020507e-09
2.188948e+00 -3.37104224191393293e-08 -1.77101285399161603e-08 -2.55495222806211654e-08
2.192513e+00  1.68543301906268948e-08 -1.60958493166987489e-08 -3.86219244039405783e-08
2.196078e+00  4.90176410913710361e-08 -1.54598952901400059e-08 -3.66644091720211995e-08
2.199643e+00  5.29591641855840624e-08 -1.64477354559331435e-08 -1.85507460939492552e-08
2.203209e+00  3.39219135049563420e-08 -1.82488221451741544e-08  9.00693964949475541e-09
2.206774e+00  9.13511144495825677e-09 -1.92359265136311183e-08  3.47787120732074471e-08
2.210339e+00 -1.45444672628407927e-09 -1.79059781782499058e-08  4.84096045660080031e-08
2.213904e+00  1.41857773182978263e-08 -1.35994898418164587e-08  4.52846557056953992e-08
2.217469e+00  5.36826859700658863e-08 -6.61649225843850542e-09  2.85469736884256859e-08
2.221034e+00  1.01254261564664636e-07  2.26325884411392167e-09  7.30760465904267860e-09
2.224599e+00  1.35675920484899182e-07  1.24442122173534538e-08 -8.07814057363492799e-09
2.228164e+00  1.41110359279052519e-07  2.38085901349935400e-08 -1.13234779737931547e-08
2.231729e+00  1.15223439969237530e-07  3.63286782764214571e-08 -3.39753457541828266e-09
2.235294e+00  7.04048950006535690e-08  4.91892063427502583e-08  8.13517340484767584e-09
2.238859e+00  2.74592716532485990e-08  6.00527249592972182e-08  1.33941439181067539e-08
2.242424e+00  5.01007902358663684e-09  6.51671333359094406e-08  5.89185179493622428e-09
2.245989e+00  1.00752529606045080e-08  6.06041589117549154e-08 -1.34249497963841553e-08
2.249554e+00  3.46785766374282648e-08  4.42274916465065102e-08 -3.61587762217316009e-08
2.253119e+00  6.02533305190692641e-08  1.74168552346813569e-08 -5.07096462368578167e-08
2.256684e+00  6.75633400878317018e-08 -1.45092965793279306e-08 -4.86209974935307527e-08
2.260250e+00  4.69928331109133717e-08 -4.37040263881989391e-08 -2.95219957984464323e-08
2.263815e+00  3.83817442653631258e-09 -6.26527721904532459e-08 -1.76246804952678612e-09
2.267380e+00 -4.41935207506838340e-08 -6.72654937910496831e-08  2.18406375122785487e-08
2.270945e+00 -7.60249701649355041e-08 -5.86908871217893482e-08  3.09252740232157324e-08
2.274510e+00 -7.81049382250144451e-08 -4.28198715141713039e-08  2.32988982462316271e-08
2.278075e+00 -5.14640061554204596e-08 -2.75175861027097882e-08  6.10741011754281142e-09
2.281640e+00 -1.11959452061316654e-08 -1.87870084775608821e-08 -8.35045203468478702e-09
2.285205e+00  2.14247381462795732e-08 -1.77222070583457152e-08 -9.85987770717018949e-09
2.288770e+00  3.00977677413115402e-08 -1.98642458031727313e-08  3.59129080417294438e-09
2.292335e+00  1.20600012302193915e-08 -1.74719070835327045e-08  2.44394797297028981e-08
2.295900e+00 -2.05071462947800915e-08 -3.75924905302065838e-09  3.98377649954515757e-08
2.299465e+00 -4.70522360931357120e-08  2.29385626457436576e-08  3.92102944118271868e-08
2.303030e+00 -4.98018207836069551e-08  5.72345235891152855e-08  2.06903702373249213e-08
2.306595e+00 -2.35789224241488736e-08  8.81804429363106581e-08 -7.36213812043965216e-09
2.310160e+00  2.10054821009075346e-08  1.03717808374832191e-07 -3.07472267819805885e-08
2.313725e+00  6.28395586208274223e-08  9.61183563944125226e-08 -3.72743381871001700e-08
2.317291e+00  8.14196546094300273e-08  6.58506121021425986e-08 -2.36191439966898821e-08
2.320856e+00  6.79389244058045641e-08  2.19658532363516721e-08  2.69857460794005204e-09
2.324421e+00  3.03844184576981608e-08 -2.12954429880274196e-08  2.73019648114836928e-08
2.327986e+00 -1.02588329830390726e-08 -5.02063924467309854e-08  3.66217117238514264e-08
2.331551e+00 -3.08972212930747328e-08 -5.70336261217400614e-08  2.49589778638879281e-08
2.335116e+00 -1.86593901917392885e-08 -4.29082621906813111e-08 -2.84845553822438763e-09
2.338681e+00  2.19010608450354066e-08 -1.69436658597014981e-08 -3.43683615615366540e-08
2.342246e+00  7.07189081498278695e-08  7.84577647735019454e-09 -5.62175034482141590e-08
2.345811e+00  1.02453265523371182e-07  1.99300380723865979e-08 -6.06293389359681526e-08
2.349376e+00  9.97833175849026133e-08  1.36534278131440776e-08 -4.85074446157891755e-08
2.352941e+00  6.27471581393768396e-08 -9.04986517369804874e-09 -2.77146691479205638e-08
2.356506e+00  9.07044070514640114e-09 -4.00296364761529918e-08 -8.01820800081848979e-09
2.360071e+00 -3.48597679891647757e-08 -6.85045251031741595e-08  4.25052045858285794e-09
2.363636e+00 -4.77339993591023829e-08 -8.51978927456876372e-08  8.94521981412417243e-09
2.367201e+00 -2.45346334295876648e-08 -8.53475486245615759e-08  1.10936036017784542e-08
2.370766e+00  2.07789180472315405e-08 -6.95717232598032263e-08  1.70917419657861941e-08
2.374332e+00  6.26482524266460292e-08 -4.25724994337654623e-08  3.04462188130618804e-08
2.377897e+00  7.75288032093270726e-08 -1.05659754711372669e-08  4.93975976815237721e-08
2.381462e+00  5.65210105519586276e-08  2.12187077342150099e-08  6.75505698048278288e-08
2.385027e+00  1.02428945750161253e-08  4.98075445398930486e-08  7.69996425491368327e-08
2.388592e+00 -3.67458628349379844e-08  7.40796428409477672e-08  7.22379099540944067e-08
2.392157e+00 -5.90743638864385181e-08  9.31996254002695786e-08  5.28859389990714649e-08
2.395722e+00 -4.42610535594000157e-08  1.05077414965588868e-07  2.39713225178841464e-08
2.399287e+00  3.73930669478320097e-10  1.06087157452880475e-07 -6.29423138842607658e-09
2.402852e+00  5.13601398661766654e-08  9.25706674484811272e-08 -3.01331548423477486e-08
2.406417e+00  8.14256106889562891e-08  6.35167967865607771e-08 -4.34919594371210603e-08
2.409982e+00  7.40033575808051473e-08  2.28695629279168463e-08 -4.74456692530322702e-08
2.413547e+00  3.21727281867778114e-08 -2.02162051735380618e-08 -4.70393206671892158e-08
2.417112e+00 -2.27366374903503217e-08 -5.39629442962837475e-08 -4.81217812725689675e-08
2.420677e+00 -6.21549536116495103e-08 -6.86498103470411858e-08 -5.37657854687342298e-08
2.424242e+00 -6.50879600467737755e-08 -6.12588997854113107e-08 -6.21825222182581111e-08
2.427807e+00 -2.89667324547601883e-08 -3.76026634708423991e-08 -6.73788976905202185e-08
2.431373e+00  2.90753995037066234e-08 -1.04454204695801983e-08 -6.23983348419641114e-08
2.434938e+00  8.10322909542367859e-08  5.91804358673122420e-09 -4.35158949801485788e-08
2.438503e+00  1.02249692146707854e-07  2.25886912050453415e-09 -1.30590799653193613e-08
2.442068e+00  8.36701610377271742e-08 -2.09887190763257550e-08  2.08967267362367534e-08
2.445633e+00  3.59408726986742229e-08 -5.35006509768696164e-08  4.80457466418290620e-08
2.449198e+00 -1.64492427465463400e-08 -7.95109286410220606e-08  6.08011837369051166e-08
2.452763e+00 -4.77516243091547262e-08 -8.49450280190905539e-08  5.79361145930782555e-08
2.456328e+00 -4.37721495569616450e-08 -6.39048900634053529e-08  4.47962888763858735e-08
2.459893e+00 -8.56672548140700152e-09 -2.14618002946298357e-08  2.99129569864827909e-08
2.463458e+00  3.80750363461107714e-08  2.85165065010915439e-08  2.00049781241046162e-08
2.467023e+00  7.08391023879304384e-08  6.94215669322601171e-08  1.63932894264604519e-08
2.470588e+00  7.15963111357950958e-08  8.89708833701558816e-08  1.50351607633018478e-08
2.474153e+00  3.83733159181863486e-08  8.40291340230488259e-08  1.01352675001861309e-08
2.477718e+00 -1.37098090416967539e-08  6.10824048025120224e-08 -1.02660392298480105e-09
2.481283e+00 -5.99169019281076633e-08  3.23680607370056521e-08 -1.52989275165540168e-08
2.484848e+00 -7.81365203234849789e-08  9.70778840634125461e-09 -2.49430695204650648e-08
2.488414e+00 -5.99280857848689706e-08 -8.78398550940959450e-10 -2.24355090204729970e-08
2.491979e+00 -1.49024989101890473e-08 -1.16244667317121454e-09 -5.82878106640553857e-09
2.495544e+00  3.39110546624192667e-08  1.56611406968233847e-09  1.88795796349451112e-08
2.499109e+00  6.16639513024057670e-08 -2.97485206604342715e-10  4.02180536011467838e-08
2.502674e+00  5.45835422275044276e-08 -9.45733998017282228e-09  4.73862377464788845e-08
2.506239e+00  1.75101272268065117e-08 -2.14999685261341483e-08  3.64733856357753321e-08
2.509804e+00 -2.81911207393275226e-08 -2.71453789237472330e-08  1.28991134151131870e-08
2.513369e+00 -5.57685418474186092e-08 -1.79494291407257679e-08 -1.15810908755282045e-08
2.516934e+00 -4.77507876499874644e-08  7.68526395249403186e-09 -2.56336024488698922e-08
2.520499e+00 -6.27047996077410278e-09  4.18397739810773536e-08 -2.48180571025275903e-08
2.524064e+00  4.69930104978315504e-08  6.98070977185194728e-08 -1.38357390338308749e-08
2.527629e+00  8.18832430244285898e-08  7.72775186247799167e-08 -3.20260326934430300e-09
2.531194e+00  7.62571419918344483e-08  5.82677691855889473e-08 -2.44958094246589342e-09
2.534759e+00  2.88052346917573595e-08  1.92287325749549468e-08 -1.40987664033664574e-08
2.538324e+00 -3.93682089938048566e-08 -2.34361098368085521e-08 -3.21376394886739739e-08
2.541889e+00 -9.59114225438082413e-08 -5.15756263501843229e-08 -4.58519884494091082e-08
2.545455e+00 -1.15286086230220430e-07 -5.49131978884328373e-08 -4.65097786811328951e-08
2.549020e+00 -9.35159974995790173e-08 -3.66417876462710573e-08 -3.26553383328127897e-08
2.552585e+00 -5.08682065687203097e-08 -1.15865665219991701e-08 -1.07528186654035238e-08
2.556150e+00 -2.04444555052072233e-08  2.27246023286033660e-09  9.06261201433178114e-09
2.559715e+00 -2.89098122478131786e-08 -5.80793426945594430e-09  1.92748271124965567e-08
2.563280e+00 -8.04579662666398050e-08 -3.30175720645206312e-08  1.92744969898830722e-08
2.566845e+00 -1.53535035715521658e-07 -6.44582375576699819e-08  1.50167274024111493e-08
2.570410e+00 -2.12536933481657650e-07 -8.15516276281871604e-08  1.44625928529047095e-08
2.573975e+00 -2.27887935911508259e-07 -7.24625436542539808e-08  2.18931045033491995e-08
2.577540e+00 -1.92862156967239052e-07 -3.84784474758063742e-08  3.48005210626908982e-08
2.581105e+00 -1.27324059879923274e-07  7.19358190418370880e-09  4.53058248286260071e-08
2.584670e+00 -6.62303997006334762e-08  4.71528492936796242e-08  4.51298347123372794e-08
2.588235e+00 -3.96909456119752761e-08  6.91786731610776535e-08  3.09474744335655249e-08
2.591800e+00 -5.62646107769700109e-08  7.16792343443275797e-08  6.81580853426429403e-09
2.595365e+00 -9.90762023731902342e-08  6.23938163957726674e-08 -1.77411162364830793e-08
2.598930e+00 -1.36611862156319939e-07  5.18665676351129948e-08 -3.27657610788075917e-08
2.602496e+00 -1.41408923204145797e-07  4.63293080279292005e-08 -3.30454622187801242e-08
2.606061e+00 -1.05486398335240483e-07  4.46022479324067684e-08 -2.05667371609403698e-08
2.609626e+00 -4.37531437940105019e-08  4.06223318742732168e-08 -3.09566938370299897e-09
2.613191e+00  1.58851005437112612e-08  2.93393207915041191e-08  1.00858377323089911e-08
2.616756e+00  4.91121306437555402e-08  1.15639336177383048e-08  1.28806743548845256e-08
2.620321e+00  4.83399115695593164e-08 -5.73501542160208194e-09  5.15137174922764937e-09
2.623886e+00  2.49875422263789732e-08 -1.39302476571611673e-08 -7.58564269643744178e-09
2.627451e+00  4.90093477565932956e-10 -8.92709575513399677e-09 -1.71374516920858468e-08
2.631016e+00 -7.59780476295098759e-09  5.26476335875191350e-09 -1.67419506711397655e-08
2.634581e+00  4.39451963604003400e-09  1.81945933428209693e-08 -4.43639499783499057e-09
2.638146e+00  2.58246514958235297e-08  1.90581055427219561e-08  1.57615130061366340e-08
2.641711e+00  4.01946203935560596e-08  3.49871098275871314e-09  3.54123482729728098e-08
2.645276e+00  3.63639114050802609e-08 -2.31151255984435662e-08  4.54183941502864717e-08
2.648841e+00  1.52039340897168700e-08 -4.80529532698774638e-08  4.04629669011435284e-08
2.652406e+00 -1.21029886087835867e-08 -5.79589187601404132e-08  2.20583011363532377e-08
2.655971e+00 -3.22652268605802572e-08 -4.61397882669516913e-08 -1.55768919397149630e-09
2.659537e+00 -3.87014729125480756e-08 -1.63292372579573126e-08 -1.91282642758995047e-08
2.663102e+00 -3.51667739914443193e-08  1.90748414834587017e-08 -2.22319085291270733e-08
2.666667e+00 -3.22145491415211327e-08  4.52221307840791570e-08 -1.02899376675315742e-08
2.670232e+00 -3.93802939303284104e-08  5.20739546677993583e-08  8.34452337369169422e-09
2.673797e+00 -5.85959078711118151e-08  3.89552422388198921e-08  2.04678131575871099e-08
2.677362e+00 -8.31487289650739020e-08  1.42434070212141896e-08  1.55471829758147532e-08
2.680927e+00 -1.02515467321054116e-07 -9.36334145171032961e-09 -7.47388917405753882e-09
2.684492e+00 -1.09448622912402604e-07 -2.13701917693056307e-08 -3.84003230086264285e-08
2.688057e+00 -1.04412287616003378e-07 -1.84406627699652551e-08 -6.07427362186575702e-08
2.691622e+00 -9.45606272296626529e-08 -5.38813340463582407e-09 -6.10293096515504545e-08
2.695187e+00 -8.83194659768512062e-08  8.09170446088747184e-09 -3.70479735989571107e-08
2.698752e+00 -8.95489775897721131e-08  1.30777170885908621e-08  2.55061853226343033e-10
2.702317e+00 -9.52973561169359066e-08  6.42533897307047026e-09  3.28722522442549130e-08
2.705882e+00 -9.84331341367790806e-08 -7.53891119355108193e-09  4.64310424236945036e-08
2.709447e+00 -9.29853642505975615e-08 -1.95124315851384776e-08  3.88569471368442356e-08
2.713012e+00 -7.82609040102434847e-08 -2.05296733000239147e-08  2.12808618125794048e-08
2.716578e+00 -5.88957228189531541e-08 -7.17876264087926063e-09  1.02630930979212212e-08
2.720143e+00 -4.10440032070413066e-08  1.61597064382514615e-08  1.61602844414072703e-08
2.723708e+00 -2.76804898154379772e-08  3.92989003790002878e-08  3.53520139066294430e-08
2.727273e+00 -1.65219786522237936e-08  5.13637803912199794e-08  5.18993043238403542e-08
2.730838e+00 -2.04896265969031659e-09  4.62370032619655622e-08  4.81262552703849097e-08
2.734403e+00  1.99489125868311861e-08  2.54337154527170277e-08  1.74642363941591910e-08
2.737968e+00  4.87330634650930533e-08 -2.95314427812822101e-09 -2.91373379536869020e-08
2.741533e+00  7.86252184924102964e-08 -2.83839286430237961e-08 -6.81827370157690086e-08
2.745098e+00  1.02702991805978528e-07 -4.26744514049229659e-08 -7.75667188990032147e-08
2.748663e+00  1.17480463355971660e-07 -4.30146115121332228e-08 -5.08350816647873311e-08
2.752228e+00  1.25113485556976443e-07 -3.20553549521897966e-08 -2.32582563606368656e-09
2.755793e+00  1.31463921006510371e-07 -1.56222424277273857e-08  4.07700786255862869e-08
2.759358e+00  1.41412295998935688e-07  3.36370637800408314e-10  5.49527883183843864e-08
2.762923e+00  1.54889082027538243e-07  1.20218097376168330e-08  3.51868734011005724e-08
2.766488e+00  1.66643980684064497e-07  1.85724402138707540e-08 -1.77729662982806548e-09
2.770053e+00  1.70063394708831613e-07  2.15415103250335092e-08 -2.80929014446679984e-08
2.773619e+00  1.62320141811601555e-07  2.36486691874219736e-08 -2.29862758623983960e-08
2.777184e+00  1.47022667961597716e-07  2.73414968193699024e-08  1.32388248017776598e-08
2.780749e+00  1.32210870604773977e-07  3.35634720151189218e-08  5.86348194314684856e-08
2.784314e+00  1.24883942312550654e-07  4.11323490061006185e-08  8.32236743515655378e-08
2.787879e+00  1.25853225084238357e-07  4.71436345235415398e-08  6.82816604502246927e-08
2.791444e+00  1.28658898402965643e-07  4.84949325380719523e-08  1.88737332824465923e-08
2.795009e+00  1.23522697966394686e-07  4.39182698580524816e-08 -3.86700613525437991e-08
2.798574e+00  1.03749601364474937e-07  3.52646942294130374e-08 -7.30234584896879566e-08
2.802139e+00  7.01866391960360803e-08  2.68859029902267838e-08 -6.76150830701515171e-08
2.805704e+00  3.06366092763291559e-08  2.30542490999881721e-08 -3.11607720184378794e-08
2.809269e+00 -5.35864985505411268e-09  2.48640857953093543e-08  7.96665141953842382e-09
2.812834e+00 -3.26964264632710788e-08  2.88137934001331193e-08  2.01456950473690297e-08
2.816399e+00 -5.35270036377213761e-08  2.84572638291308389e-08 -5.96583206675321454e-09
2.819964e+00 -7.48024927351672598e-08  1.84465212193500269e-08 -5.53109179769114288e-08
2.823529e+00 -1.02427220180529984e-07 -1.61711302367874663e-09 -9.51049415839044134e-08
2.827094e+00 -1.36269088163336423e-07 -2.63055110482788766e-08 -9.50611228643632406e-08
2.830660e+00 -1.69590106676968649e-07 -4.73342267654164042e-08 -4.65987851105388851e-08
2.834225e+00 -1.93196964548014363e-07 -5.84782665952953390e-08  3.09336363688269980e-08
2.837790e+00 -2.01202966791043025e-07 -5.89715437495669871e-08  1.00876286259117412e-07
2.841355e+00 -1.94230210216198417e-07 -5.29285914264241217e-08  1.30134224480108318e-07
2.844920e+00 -1.77911584713288336e-07 -4.53096522523541453e-08  1.07553513624847806e-07
2.848485e+00 -1.58117464138986197e-07 -3.76923328927766415e-08  4.89028878624508775e-08
2.852050e+00 -1.36736234375671172e-07 -2.73912019393304497e-08 -1.38970023798269453e-08
2.855615e+00 -1.11274065366686908e-07 -1.08639640319612735e-08 -5.19839228459829299e-08
2.859180e+00 -7.84562232185626902e-08  1.12492597329126733e-08 -5.51677862265932374e-08
2.862745e+00 -3.87853085908022896e-08  3.18228963758993450e-08 -3.48826373083030014e-08
2.866310e+00  1.85040489067003947e-09  4.02952327938680829e-08 -1.38468882366559420e-08
2.869875e+00  3.51983578290187004e-08  2.95518724174763192e-08 -1.00940571752982637e-08
2.873440e+00  5.63024025188306817e-08  1.73461395614753795e-09 -2.59279678231835253e-08
2.877005e+00  6.75063354774298891e-08 -3.17611096655364587e-08 -4.83175283625192270e-08
2.880570e+00  7.74147983844365742e-08 -5.68780327503541404e-08 -5.93124607996656238e-08
2.884135e+00  9.50168780997759455e-08 -6.58719104546420892e-08 -4.86524500650172323e-08
2.887701e+00  1.22860363971690676e-07 -6.22534371618844392e-08 -1.99842436732725689e-08
2.891266e+00  1.54186728473247838e-07 -5.77774813847719422e-08  1.28621551397842585e-08
2.894831e+00  1.76424355761235772e-07 -6.31994682705652852e-08  3.60204142096711416e-08
2.898396e+00  1.79076549466149165e-07 -7.92412155847444177e-08  4.44991656169246383e-08
2.901961e+00  1.60888260758591929e-07 -9.44318741807031512e-08  4.36850792023423662e-08
2.905526e+00  1.31468940157995300e-07 -9.18480099861800085e-08  4.30356766741188324e-08
2.909091e+00  1.06115928856851977e-07 -6.05053253676946723e-08  4.73024780689657228e-08
2.912656e+00  9.69884717056926449e-08 -3.76047524308282823e-09  5.21972949042816495e-08
2.916221e+00  1.06071040282127997e-07  6.09785870431179246e-08  4.78026979565220082e-08
2.919786e+00  1.24106727709221219e-07  1.11068371669536963e-07  2.70199946396608699e-08
2.923351e+00  1.35870070992553685e-07  1.30216049763293601e-07 -7.54769367670536555e-09
2.926916e+00  1.28379857213688651e-07  1.15644039467606003e-07 -4.37581810901076117e-08
2.930481e+00  9.72744690461718010e-08  7.71076935760646617e-08 -6.73205058818516680e-08
2.934046e+00  4.81655667710016386e-08  2.96395882548768895e-08 -7.10868256543777191e-08
2.937611e+00 -7.01085204905686011e-09 -1.44440301781602082e-08 -5.93623432303181044e-08
2.941176e+00 -5.59728376629997585e-08 -4.93292664756355193e-08 -4.39776621573866591e-08
2.944742e+00 -9.10665937399192619e-08 -7.42022466491988706e-08 -3.50261671019055767e-08
2.948307e+00 -1.11173480911366085e-07 -8.92824082110863042e-08 -3.32454585026810841e-08
2.951872e+00 -1.20478035461699286e-07 -9.33121117052501679e-08 -2.98882087124494402e-08
2.955437e+00 -1.25428150555962348e-07 -8.43483070352450250e-08 -1.43298722039365068e-08
2.959002e+00 -1.31500091826370868e-07 -6.25567903520424851e-08  1.62631597395855267e-08
2.962567e+00 -1.40886101103340538e-07 -3.21281153700647723e-08  5.26531270321343315e-08
2.966132e+00 -1.51614050409932864e-07 -4.43316210705944883e-10  7.82636864859810947e-08
2.969697e+00 -1.58237270145155602e-07  2.49764478687748487e-08  7.98813066521840398e-08
2.973262e+00 -1.53968669103932409e-07  3.95525977245409890e-08  5.67123302535764829e-08
2.976827e+00 -1.33708335530009869e-07  4.28922663778988227e-08  2.11798350881101593e-08
2.980392e+00 -9.68596825762903069e-08  3.79666629128976104e-08 -9.24522025254967932e-09
2.983957e+00 -4.85600353553242935e-08  2.93281918984783215e-08 -2.33938323031775072e-08
2.987522e+00  1.59672945528047407e-09  2.14354151179646404e-08 -2.28755341607074018e-08
2.991087e+00  4.31056028529014772e-08  1.72309028778938242e-08 -1.92523455713345094e-08
2.994652e+00  6.88414920911621315e-08  1.66608276500753478e-08 -2.42882440162958556e-08
2.998217e+00  7.79862390504725636e-08  1.55506919864538678e-08 -4.05878773796046475e-08
3.001783e+00  7.60501191031109528e-08  6.33490085560326271e-09 -5.94059670706621640e-08
3.005348e+00  7.19189777071346096e-08 -1.80715295466792200e-08 -6.69459289221086136e-08
3.008913e+00  7.34119246440868688e-08 -5.81842269248989120e-08 -5.42640843940296974e-08
3.012478e+00  8.35938305323297599e-08 -1.03409500582196725e-07 -2.35616023589303520e-08
3.016043e+00  9.96501169975060933e-08 -1.33590808892814721e-07  1.32857732601642931e-08
3.019608e+00  1.14767826113170368e-07 -1.28186815406243909e-07  4.22367107717074618e-08
3.023173e+00  1.21916106841069073e-07 -7.91301471366493091e-08  5.48129423783746573e-08
3.026738e+00  1.17475267742907015e-07  6.90492628059870819e-10  5.08649676507731951e-08
3.030303e+00  1.02794531224616178e-07  8.03414665073001164e-08  3.56578306519804760e-08
3.033868e+00  8.29090146380164925e-08  1.25580610825589361e-07  1.49859112144497013e-08
3.037433e+00  6.32527372327232845e-08  1.17673129741709842e-07 -7.18295524417150706e-09
3.040998e+00  4.64117028721653511e-08  6.46367467864142173e-08 -2.72561702789999314e-08
3.044563e+00  3.10151384959323654e-08 -2.90956749760328961e-09 -3.96364306721201504e-08
3.048128e+00  1.35693879090264812e-08 -4.94823979945966449e-08 -3.75014130412457619e-08
3.051693e+00 -7.96285461067649118e-09 -5.51833237666015695e-08 -1.77891872623860129e-08
3.055258e+00 -3.14743519886613730e-08 -2.59427895399325115e-08  1.33198405349355033e-08
3.058824e+00 -5.12664573549939772e-08  1.26658620415889866e-08  4.02153441290302199e-08
3.062389e+00 -6.20345442814843077e-08  3.33249222924945096e-08  4.56627567404266891e-08
3.065954e+00 -6.37033408313579943e-08  2.42967692624668750e-08  2.28384562103724567e-08
3.069519e+00 -6.31922674801471411e-08 -5.06237121549731660e-09 -1.69372512883716046e-08
3.073084e+00 -7.07017444118968537e-08 -3.31247183493732941e-08 -4.79546078199998167e-08
3.076649e+00 -9.19534627325545233e-08 -4.17272237440263181e-08 -4.50883656908530092e-08
3.080214e+00 -1.21487687652923157e-07 -2.73287523996873786e-08 -1.14354066288789080e-09
3.083779e+00 -1.42664013962643767e-07 -4.76804769819239114e-10  6.54417364319879345e-08
3.087344e+00 -1.36270294531136506e-07  2.43984670790209621e-08  1.19189526477248669e-07
3.090909e+00 -9.35585548217523301e-08  3.99749984118783187e-08  1.28295350207462533e-07
3.094474e+00 -2.52551193240828839e-08  4.92687238743467658e-08  8.44408611505919696e-08
3.098039e+00  4.07780379945968514e-08  5.93925800865613869e-08  8.41281740463673808e-09
3.101604e+00  7.38565666728771746e-08  7.18670028812239598e-08 -6.26992329249179235e-08
3.105169e+00  5.90802250904254581e-08  7.81182802757525107e-08 -9.85124685700596512e-08
3.108734e+00  8.39271827424992277e-09  6.44591814002293440e-08 -9.32159790776397371e-08
3.112299e+00 -4.42019950580432663e-08  2.31239745840146000e-08 -6.63339552967331768e-08
3.115865e+00 -6.18598955944813281e-08 -3.91170785445566121e-08 -4.62400095147062163e-08
3.119430e+00 -2.73855273858796988e-08 -1.01770722607157891e-07 -4.83421333691132313e-08
3.122995e+00  4.52497325833751146e-08 -1.41081277437772399e-07 -6.36461934833050998e-08
3.126560e+00  1.18336820311480661e-07 -1.43387026171057166e-07 -6.60799449961038659e-08
3.130125e+00  1.52833160217131074e-07 -1.12549540444590148e-07 -3.35121351038534152e-08
3.133690e+00  1.31911837573430599e-07 -6.67697793823804648e-08  3.27297934621744215e-08
3.137255e+00  7.07710546330465270e-08 -2.72558448165860263e-08  1.04554208325214976e-07
3.140820e+00  6.51965670849719174e-09 -6.27795168344169324e-09  1.43646102237870768e-07
3.144385e+00 -2.52238784688495369e-08 -1.89127719537743189e-09  1.27317453475858110e-07
3.147950e+00 -1.19256576067522410e-08 -1.71171349332105604e-09  6.57701283078754730e-08
3.151515e+00  2.96822269393134943e-08  7.69679269799302273e-09 -2.19873223192318058e-09
3.155080e+00  6.61258183105496425e-08  3.21774771243192712e-08 -3.36853651668390017e-08
3.158645e+00  6.95621722243153279e-08  6.70318009917283465e-08 -1.07787671410101791e-08
3.162210e+00  3.52007457194144637e-08  1.00570683895542467e-07  4.55638412929642409e-08
3.165775e+00 -1.70983353660700270e-08  1.21067418893605005e-07  8.75197028025696565e-08
3.169340e+00 -5.71297927753816718e-08  1.22618585857200279e-07  7.18747497113674283e-08
3.172906e+00 -6.43761937288579203e-08  1.06846760206819896e-07 -9.17870316077462256e-09
3.176471e+00 -4.05248544193888626e-08  8.02751675528618783e-08 -1.18951786082639588e-07
3.180036e+00 -6.90466206700187719e-09  4.97160483318162586e-08 -1.96576701428061124e-07
3.183601e+00  1.05416760446378078e-08  1.88631285169966437e-08 -1.95065023929963995e-07
3.187166e+00 -1.67061520201137267e-09 -1.17943965204426375e-08 -1.12763157881655143e-07
3.190731e+00 -3.64685840954275990e-08 -4.19425571568754863e-08  3.16438418948600820e-09
3.194296e+00 -7.16617261051007567e-08 -6.77983359985592869e-08  8.50508188479580528e-08
3.197861e+00 -8.46387412523053148e-08 -8.11976460629045543e-08  8.75645238263415540e-08
3.201426e+00 -6.65477745501177192e-08 -7.33076666904602071e-08  1.72059344538702078e-08
3.204991e+00 -2.72096886583345868e-08 -4.15568956988081992e-08 -7.16943392449807538e-08
3.208556e+00  1.16343108330842979e-08  4.80399013509754854e-09 -1.12889968379879219e-07
3.212121e+00  2.98219187893307080e-08  4.56297433540620217e-08 -7.27809663626716129e-08
3.215686e+00  2.03710894131726391e-08  5.90370051206206080e-08  2.63900985545431779e-08
3.219251e+00 -7.63270408002359770e-09  3.47229159697860889e-08  1.21150422514094992e-07
3.222816e+00 -3.58661553321196646e-08 -1.69644387769145536e-08  1.50171982297256595e-07
3.226381e+00 -4.83626330706136029e-08 -6.76816774263081517e-08  9.71017890274363175e-08
3.229947e+00 -4.04505209932667752e-08 -8.61446363983715309e-08  2.88602761972145143e-09
3.233512e+00 -1.98849803588822011e-08 -5.74753005489028731e-08 -6.20699778204621145e-08
3.237077e+00 -3.06736235672009695e-10  5.73917124022978363e-09 -4.76442917877022298e-08
3.240642e+00  8.03825990613423647e-09  6.92660103279434594e-08  3.87980498765714877e-08
3.244207e+00  4.09551141136504191e-09  9.76881462301636882e-08  1.34683614690984113e-07
3.247772e+00 -5.03501121704617363e-09  7.67019930416838763e-08  1.64083538431580380e-07
3.251337e+00 -1.03999988479866996e-08  2.20170004735173194e-08  9.12758220974434700e-08
3.254902e+00 -7.67957249207902201e-09 -3.19720833564598133e-08 -5.11589501847906258e-08
3.258467e+00  8.87199008530602907e-10 -5.65000083708853194e-08 -1.80318847090156641e-07
3.262032e+00  1.00514895199400943e-08 -4.86907171153754445e-08 -2.16107836648902497e-07
3.265597e+00  1.70946054618405538e-08 -3.27796281623235149e-08 -1.33902676323794564e-07
3.269162e+00  2.43427398463072331e-08 -4.05444039403815582e-08  1.91341887596941143e-08
3.272727e+00  3.62726936222705922e-08 -8.45015606456062922e-08  1.55271594499653035e-07
3.276292e+00  5.36254589418826371e-08 -1.43615092601778682e-07  2.03468063063008289e-07
3.279857e+00  6.99883457270876410e-08 -1.73273199015933987e-07  1.53436748810735400e-07
3.283422e+00  7.47950073567138981e-08 -1.34296413806260688e-07  5.69268148884510430e-08
3.286988e+00  6.14085534878652463e-08 -2.17465349474156323e-08 -1.31840452196497767e-08
3.290553e+00  3.40122889045185319e-08  1.26489041071174490e-07 -1.60212076720117550e-08
3.294118e+00  6.81416418750450634e-09  2.48089130849209465e-07  2.97807253553815260e-08
3.297683e+00 -5.47278380356951199e-09  2.90312831215594194e-07  6.31340877863028019e-08
3.301248e+00  4.52860565738017842e-10  2.38039901873320579e-07  2.90377766653303310e-08
3.304813e+00  1.17891592844782636e-08  1.18837450553873255e-07 -7.68073108878674200e-08
3.308378e+00  7.53769639169442860e-09 -1.61747106951275221e-08 -1.99723192304203151e-07
3.311943e+00 -2.51041671467497697e-08 -1.21324193768440460e-07 -2.60674637723238874e-07
3.315508e+00 -7.76994322550991973e-08 -1.76240850553265677e-07 -2.10080643791412994e-07
3.319073e+00 -1.22070165733926835e-07 -1.86145977005848498e-07 -6.36577218443260090e-08
3.322638e+00 -1.27793945687309928e-07 -1.66855824113068859e-07  1.04467867149677392e-07
3.326203e+00 -8.47961539403627295e-08 -1.28647742443446728e-07  2.06941567142996121e-07
3.329768e+00 -1.45641224282505918e-08 -7.15957039105037293e-08  1.96561827712707701e-07
3.333333e+00  4.00812183272226613e-08  5.74238856385060667e-09  9.29506281783029601e-08
3.336898e+00  4.18879457538401093e-08  9.35598016716752679e-08 -3.37987057957068327e-08
3.340463e+00 -1.48537909359471400e-08  1.66422542563871276e-07 -1.10066148116724285e-07
3.344029e+00 -9.78535613523092655e-08  1.93024070976464728e-07 -1.04414493123228960e-07
3.347594e+00 -1.55892758703114771e-07  1.54660887113353918e-07 -4.25930703502793370e-08
3.351159e+00 -1.51661557531134530e-07  5.98097019554419726e-08  1.60521256489511630e-08
3.354724e+00 -8.63183298996215517e-08 -5.59579162585794291e-08  2.28715350211583522e-08
3.358289e+00  1.23995006743725668e-09 -1.46099969330025806e-07 -2.58846939517100246e-08
3.361854e+00  6.01800221635998880e-08 -1.76323227049612559e-07 -8.78407062687660600e-08
3.365419e+00  6.10392838524322420e-08 -1.41495503418705415e-07 -1.06308336106493471e-07
3.368984e+00  1.38577431899075461e-08 -6.67786655200601981e-08 -5.28060127279842602e-08
3.372549e+00 -4.07825293618395916e-08  7.09051622891399581e-09  4.93410302627363932e-08
3.376114e+00 -6.08395698208827298e-08  4.55326340716430101e-08  1.37443409713277945e-07
3.379679e+00 -3.14617345014238993e-08  3.67104381767563835e-08  1.50889679565273999e-07
3.383244e+00  2.62698955550048715e-08 -5.49160299910661729e-09  7.44339448144168571e-08
3.386809e+00  7.15408844290132489e-08 -5.24129765158150729e-08 -4.64850823722368628e-08
3.390374e+00  7.27844114714048118e-08 -7.80349494718493752e-08 -1.30968195849320020e-07
3.393939e+00  2.93036617451631601e-08 -7.23235727368616107e-08 -1.14327843108291127e-07
3.397504e+00 -2.85306390043501064e-08 -4.31374222364549779e-08  6.75370224001101391e-09
3.401070e+00 -5.95840278727121189e-08 -6.85403038551944514e-09  1.66485048347100775e-07
3.404635e+00 -3.86496258011119906e-08  2.48511715768403296e-08  2.67525644545552311e-07
3.408200e+00  2.75515615954613758e-08  5.22789479925411448e-08  2.41795530624513573e-07
3.411765e+00  1.04138988305247513e-07  8.36584648347828617e-08  9.54601845555436727e-08
3.415330e+00  1.48103586928236879e-07  1.22996396262113663e-07 -9.25883590718148549e-08
3.418895e+00  1.32162913878030269e-07  1.59884060797760601e-07 -2.19635494773521909e-07
3.422460e+00  5.92612659071968625e-08  1.70985521231340397e-07 -2.24260741990979565e-07
3.426025e+00 -3.91291646238795813e-08  1.34690413819547085e-07 -1.24270775639236594e-07
3.429590e+00 -1.19001366531585356e-07  4.96366017536408331e-08 -1.32047525571005890e-09
3.433155e+00 -1.45613289026825862e-07 -5.72628857661716230e-08  5.77054752230367076e-08
3.436720e+00 -1.10475967914070340e-07 -1.41994497627491481e-07  2.19976296975356029e-08
3.440285e+00 -3.53090569241161682e-08 -1.68928657612920416e-07 -6.25564937489677701e-08
3.443850e+00  3.94204779726720157e-08 -1.33809444276942954e-07 -1.08762445725571193e-07
3.447415e+00  7.63462397580994717e-08 -6.69576400707087098e-08 -5.48970596898724433e-08
3.450980e+00  6.23467046371436033e-08 -1.23432525999039225e-08  8.51670226412495862e-08
3.454545e+00  1.67701661022165915e-08  3.87296939547276309e-09  2.25831869672863235e-07
3.458111e+00 -1.95282117290525394e-08 -7.70221594482707079e-09  2.66823258222219639e-07
3.461676e+00 -9.47387187501092484e-09 -8.79313497054319816e-09  1.63966829205160608e-07
3.465241e+00  5.54851791756000457e-08  3.41906729248087760e-08 -3.67183075288419967e-08
3.468806e+00  1.47614202277365047e-07  1.17974360464730943e-07 -2.26689938301478627e-07
3.472371e+00  2.18882756439307554e-07  1.96025691511665156e-07 -3.05575703834416382e-07
3.475936e+00  2.31756217919159120e-07  2.06092145621936443e-07 -2.45459097352122696e-07
3.479501e+00  1.84689127581814680e-07  1.14504106739880214e-07 -1.04138706896884300e-07
3.483066e+00  1.14442166580519265e-07 -5.42253969961922709e-08  2.04344820977723027e-08
3.486631e+00  7.26447409696328231e-08 -2.25587702475991170e-07  6.03883290493969102e-08
3.490196e+00  9.21347365620314069e-08 -3.18001115412966397e-07  2.20835017244570434e-08
3.493761e+00  1.66234855073648068e-07 -2.92233251087310625e-07 -2.61843039872109232e-08
3.497326e+00  2.55069733407410464e-07 -1.73624009608189296e-07 -1.15649332624350764e-08
3.500891e+00  3.13530610384522324e-07 -3.22194233827212672e-08  8.44979158421781674e-08
3.504456e+00  3.20068195192602372e-07  6.44862129541214837e-08  2.09187656103469498e-07
3.508021e+00  2.85896968103367929e-07  9.27762378613181670e-08  2.74616158839933851e-07
3.511586e+00  2.40040590728373472e-07  8.01484408533816498e-08  2.20301919888805046e-07
3.515152e+00  2.04386444730324047e-07  7.65473357303037485e-08  5.68833993703236900e-08
3.518717e+00  1.79637964193803321e-07  1.12816304342786121e-07 -1.38862706297297721e-07
3.522282e+00  1.52528201462608251e-07  1.77230199664680134e-07 -2.72393013486515651e-07
3.525847e+00  1.15795205319352863e-07  2.25568678116229963e-07 -2.88582957264357488e-07
3.529412e+00  8.11656939673870498e-08  2.14726647716213001e-07 -1.99874952687829974e-07
3.532977e+00  7.17507955291615620e-08  1.33808593144899024e-07 -7.02538515397483104e-08
3.536542e+00  9.90016531418351647e-08  1.10631844232915982e-08  2.96012397650220310e-08
3.540107e+00  1.44780376184161180e-07 -1.05328978825378963e-07  6.40238410145339972e-08
3.543672e+00  1.67247384797568955e-07 -1.75941426031789501e-07  4.55931081344281436e-08
3.547237e+00  1.30281612109549547e-07 -1.87748942129531240e-07  1.65873292444667223e-08
3.550802e+00  3.50133858435474373e-08 -1.52073622218853032e-07  1.57187942507816540e-08
3.554367e+00 -7.31616876068268903e-08 -9.02211461317725430e-08  5.30221954877810644e-08
3.557932e+00 -1.31918945223546041e-07 -2.11049477067044785e-08  1.06370921141040500e-07
3.561497e+00 -1.06591606563836421e-07  4.11647416752367771e-08  1.37868893651949068e-07
3.565062e+00 -1.90877000756295889e-08  8.36207237122257140e-08  1.17887061959710734e-07
3.568627e+00  6.27452302297983421e-08  9.43067394445467448e-08  4.31610588102304679e-08
3.572193e+00  7.06676008066698151e-08  6.98063390291669132e-08 -5.93813068728589147e-08
3.575758e+00 -1.49390104201082799e-08  2.38973305985829817e-08 -1.44335711964563705e-07
3.579323e+00 -1.48271046250165145e-07 -1.39310332888841118e-08 -1.70191895691301237e-07
3.582888e+00 -2.46782930613005186e-07 -1.43690533492406209e-08 -1.22643756700868821e-07
3.586453e+00 -2.45893526668465133e-07  3.05090013779437212e-08 -2.66220490756548032e-08
3.590018e+00 -1.41608608743298822e-07  9.74231897405502209e-08  6.24759247073786931e-08
3.593583e+00  7.91673624967712840e-09  1.43863527210990165e-07  8.80310330982980047e-08
3.597148e+00  1.21238512142587192e-07  1.35813744691641496e-07  2.78692474872659556e-08
3.600713e+00  1.44522484004166566e-07  7.17067809012899909e-08 -8.62018834592380556e-08
3.604278e+00  8.01783888051827662e-08 -1.56198291229620279e-08 -1.81869373196623004e-07
3.607843e+00 -2.25293744120579604e-08 -8.11302332244837263e-08 -1.89642835427597329e-07
3.611408e+00 -1.03266224070100538e-07 -9.76497832401661316e-08 -9.03718978690187003e-08
3.614973e+00 -1.25635559666195187e-07 -7.15031299315705873e-08  6.64270705363849297e-08
3.618538e+00 -9.01245948771773718e-08 -3.30102938391444234e-08  1.90550326426254521e-07
3.622103e+00 -2.32819444476382961e-08 -1.09078230051322229e-08  2.10591526930986100e-07
3.625668e+00  4.23612088947620806e-08 -1.17111529714013724e-08  1.24904139883598585e-07
3.629234e+00  8.19508497425722371e-08 -1.96112285398156053e-08  5.97033394210054883e-09
3.632799e+00  8.12616061664547360e-08 -1.46603713442695362e-08 -4.88935267390049612e-08
3.636364e+00  3.58322110871405367e-08  8.01829431554595856e-09  1.18203419064578494e-08
3.639929e+00 -4.64164466228368853e-08  3.48791463287247628e-08  1.52544560269789376e-07
3.643494e+00 -1.40992056260483027e-07  4.83105669966621203e-08  2.71094702660951334e-07
3.647059e+00 -2.10677343451861771e-07  4.42945536190400406e-08  2.69327123382488775e-07
3.650624e+00 -2.23284694255367522e-07  3.59657139026117457e-08  1.24738257242107316e-07
3.654189e+00 -1.75551153118577552e-07  3.88011168516419927e-08 -8.90517353096034070e-08
3.657754e+00 -1.04439383894145951e-07  5.09394577531315502e-08 -2.49261526716207200e-07
3.661319e+00 -7.12608523099323708e-08  4.84020957385631317e-08 -2.65931607591103695e-07
3.664884e+00 -1.23353614225680371e-07  3.16716596912919178e-09 -1.40813683470422109e-07
3.668449e+00 -2.58169715230039921e-07 -8.85995262774595786e-08  3.81331906409749997e-08
3.672014e+00 -4.17837301046043855e-07 -1.92465389328139642e-07  1.60945432797240534e-07
3.675579e+00 -5.22876604488898891e-07 -2.51404168369194153e-07  1.70719542002554958e-07
3.679144e+00 -5.24615866551823629e-07 -2.23372424137935371e-07  9.56161813859019594e-08
3.682709e+00 -4.39487310959235864e-07 -1.13509085657647370e-07  1.75975454546532662e-08
3.686275e+00 -3.39082262422756357e-07  2.49660558160573173e-08  4.98772176713230052e-09
3.689840e+00 -3.01264140446018031e-07  1.24448736265214857e-07  6.10761478817178622e-08
3.693405e+00 -3.56560653001558750e-07  1.47739266557245091e-07  1.26037663657819526e-07
3.696970e+00 -4.68123695288441343e-07  1.10864550228518335e-07  1.27409383297112224e-07
3.700535e+00 -5.59059019935021426e-07  6.68815160667054138e-08  3.81683445641364285e-08
3.704100e+00 -5.66254555638016858e-07  6.32276426325793462e-08 -1.01918722114475747e-07
3.707665e+00 -4.81297933619636756e-07  1.05323543343583517e-07 -2.15813741251236076e-07
3.711230e+00 -3.50375023234139008e-07  1.53936043398284322e-07 -2.44767663853607333e-07
3.714795e+00 -2.36671156911809579e-07  1.57397346516472914e-07 -1.87342767225853832e-07
3.718360e+00 -1.75879273657206584e-07  9.29872952543736511e-08 -9.47254964347244356e-08
3.721925e+00 -1.57593440337147841e-07 -1.44880379248662363e-08 -2.96382265751207198e-08
3.725490e+00 -1.42608103322685412e-07 -1.10291548083240807e-07 -2.21747730276690282e-08
3.729055e+00 -9.79167086324576266e-08 -1.48733373972772013e-07 -5.45983999387177870e-08
3.732620e+00 -2.00448662497108405e-08 -1.23322565207590632e-07 -8.21881948858750692e-08
3.736185e+00  6.93652427602668531e-08 -6.65719231449478058e-08 -6.99439977567955064e-08
3.739750e+00  1.47020106989713387e-07 -2.25502069860495790e-08 -1.62452135151498471e-08
3.743316e+00  2.07015893619333062e-07 -1.54961183733389762e-08  5.13396789628684731e-08
3.746881e+00  2.58926368819752991e-07 -3.80804127348839783e-08  9.98728461895914186e-08
3.750446e+00  3.09536596935823167e-07 -6.47132228015195540e-08  1.13349817059139659e-07
3.754011e+00  3.48541025174669505e-07 -7.49476605004530466e-08  9.79172595539723745e-08
3.757576e+00  3.54574711471334839e-07 -6.63424715498834933e-08  7.09132193418928267e-08
3.761141e+00  3.17917757424593417e-07 -4.84244303193805379e-08  4.67367693107043171e-08
3.764706e+00  2.58419249685692000e-07 -2.74463488964660298e-08  3.11192868595055743e-08
3.768271e+00  2.18545602738485929e-07  9.37187499675014982e-10  2.43661001123292413e-08
3.771836e+00  2.32267482133640808e-07  4.32868394512915251e-08  2.54731230770074333e-08
3.775401e+00  2.93410449673600641e-07  9.33240062184282418e-08  3.07676124903392635e-08
3.778966e+00  3.51563820940045999e-07  1.27452059490987357e-07  2.98007997957996387e-08
3.782531e+00  3.43827516880166935e-07  1.19373320377651879e-07  7.06148771806590610e-09
3.786096e+00  2.41436913063125285e-07  6.39020732328817021e-08 -4.65648037869440135e-08
3.789661e+00  7.56921563930006001e-08 -1.12599011100379173e-08 -1.20102640020539217e-07
3.793226e+00 -7.90178659938769611e-08 -5.97818653681528506e-08 -1.80639900778665546e-07
3.796791e+00 -1.55079746298481032e-07 -4.97354267221363892e-08 -1.90623149940851015e-07
3.800357e+00 -1.38355717828646036e-07  9.54552679692142694e-09 -1.35180931978118058e-07
3.803922e+00 -7.68703434410861733e-08  6.98591910043361950e-08 -3.83744421160232167e-08
3.807487e+00 -4.48793908004087661e-08  7.71948788766868212e-08  4.79404489176794870e-08
3.811052e+00 -8.92723742985287423e-08  1.20717525313122746e-08  7.86237273050133537e-08
3.814617e+00 -1.98010235843001590e-07 -9.37150123387416770e-08  4.87829081602253921e-08
3.818182e+00 -3.12558019105856303e-07 -1.77840693425888307e-07 -6.40667313613775940e-10
3.821747e+00 -3.72408515041198251e-07 -1.90853756594958997e-07 -1.25764201180874832e-08
3.825312e+00 -3.56524089493367762e-07 -1.29670549371244061e-07  4.16647911866951994e-08
3.828877e+00 -2.91466871541146778e-07 -3.62987550809013321e-08  1.37248821443760322e-07
3.832442e+00 -2.23894119136133403e-07  3.58564560108364433e-08  2.11283360582314408e-07
3.836007e+00 -1.82761523681391865e-07  6.07410440446933512e-08  2.09151695519803550e-07
3.839572e+00 -1.62074927321826357e-07  5.32745026651672764e-08  1.26929162249722535e-07
3.843137e+00 -1.35337222541017547e-07  4.89996741989834752e-08  1.65109160342796362e-08
3.846702e+00 -8.55446137022567277e-08  6.87538808280978661e-08 -5.19181174834758280e-08
3.850267e+00 -2.27048738442166187e-08  9.89215261561789045e-08 -4.21499065664415376e-08
3.853832e+00  2.63925854423494011e-08  1.03890092128332680e-07  2.12311809873517150e-08
3.857398e+00  4.58435068148721367e-08  5.97198213257292138e-08  7.26170179525887404e-08
3.860963e+00  4.94263914740041083e-08 -2.01983397424520744e-08  5.68735961298386767e-08
3.864528e+00  7.16928716729835592e-08 -9.03835332856311670e-08 -2.71268682341335216e-08
3.868093e+00  1.37077865182827236e-07 -1.06585755239762718e-07 -1.24699465323057959e-07
3.871658e+00  2.33261815599487944e-07 -6.05933851534249826e-08 -1.66788120671443450e-07
3.875223e+00  3.13447583963780727e-07  1.21180277087831711e-08 -1.22777241723842503e-07
3.878788e+00  3.29042729080337462e-07  5.89392780670750156e-08 -2.42111961888141893e-08
3.882353e+00  2.68329057168921758e-07  5.02251892161844857e-08  5.83987775186559727e-08
3.885918e+00  1.69801421559065851e-07  1.11342802402796573e-09  6.75784468873393686e-08
3.889483e+00  9.75026201675279970e-08 -4.22202601326355198e-08  2.76704384181527146e-10
3.893048e+00  9.54996298149843893e-08 -4.06803209955474033e-08 -9.16343673042498602e-08
3.896613e+00  1.55808202104470482e-07  5.83052528470060499e-09 -1.40426883877098927e-07
3.900178e+00  2.24550571639641551e-07  5.80449103946238612e-08 -1.10730777940530534e-07
3.903743e+00  2.42087480793884101e-07  6.85144969504087788e-08 -2.16727120265223047e-08
3.907308e+00  1.86970969554629611e-07  1.94251301045735713e-08  7.06875620818987588e-08
3.910873e+00  9.09380641619970734e-08 -6.25495658432221704e-08  1.14357565391647356e-07
3.914439e+00  1.45438704003659673e-08 -1.25233901992368984e-07  9.44274301495028642e-08
3.918004e+00  2.73053074042846805e-09 -1.28134642311158798e-07  3.61788654571242421e-08
3.921569e+00  5.37928426492163036e-08 -6.90930471638019648e-08 -1.92136430425583544e-08
3.925134e+00  1.23687696740642113e-07  1.83445426006631205e-08 -4.46265266436056510e-08
3.928699e+00  1.60339934782269196e-07  9.17392337463700926e-08 -4.05265923400096115e-08
3.932264e+00  1.40924467542786678e-07  1.27742235945489369e-07 -2.62205254167866954e-08
3.935829e+00  8.49461328412587774e-08  1.30122067273553350e-07 -2.05572467173435597e-08
3.939394e+00  3.58706264144666717e-08  1.15364558129502509e-07 -2.89432596294539295e-08
3.942959e+00  2.76129500037392214e-08  9.22089205327716036e-08 -4.43332502758159216e-08
3.946524e+00  6.15259071661146998e-08  5.47486974336072653e-08 -5.65925966033230456e-08
3.950089e+00  1.09109153993171238e-07 -5.39095162949915196e-09 -5.93650399038779554e-08
3.953654e+00  1.35307901568210104e-07 -8.07042186970225016e-08 -4.95089736436869104e-08
3.957219e+00  1.23187345913509083e-07 -1.42531138562961276e-07 -2.37538844682560176e-08
3.960784e+00  8.25372421899509873e-08 -1.56803332807505193e-07  1.97999247190263050e-08
3.964349e+00  3.90613348274819334e-08 -1.09658472985088683e-07  7.43346534101910527e-08
3.967914e+00  1.49851582741461728e-08 -2.15961668540926925e-08  1.19226797479637453e-07
3.971480e+00  1.57556792154629861e-08  6.31989565540429751e-08  1.26698207077808682e-07
3.975045e+00  3.01329009793010963e-08  1.05868376876247490e-07  8.01684451509961760e-08
3.978610e+00  4.01612676063282269e-08  9.84136110885664288e-08 -8.38105578093702257e-09
3.982175e+00  3.20679174922642647e-08  6.61056518458591724e-08 -9.82437967114774644e-08
3.985740e+00  1.70775339159555388e-09  4.52592064124106488e-08 -1.42189619000321236e-07
3.989305e+00 -4.56690813886336050e-08  5.42427774339277293e-08 -1.17994781709060616e-07
3.992870e+00 -9.80771917726998538e-08  8.04763890507840923e-08 -4.60131273017241743e-08
3.996435e+00 -1.39969276059039675e-07  9.27748245197067581e-08  2.26829190834816542e-08
4.000000e+00 -1.56901518673452665e-07  6.79153215991183508e-08  4.14886428999875613e-08
