# Author: SW4
# Scenario: test
# Date: UTC  09/20/2017:21:20:07.000
# Bandwith (Hz): 1.234000e+00
# Station: sta01
# Target location (WGS84 longitude, latitude) (deg): 1.181780e+02 3.714014e+01
# Actual location (WGS84 longitude, latitude) (deg): 1.181780e+02 3.714014e+01
# Distance from target to actual location (m): 0.000000e+00
# nColumns: 4
# Column 1: Time (s)
# Column 2: X displacement (m)
# Column 3: Y displacement (m)
# Column 4: Z displacement (m)
0.000000e+00  0.00000000000000000e+00  0.00000000000000000e+00  0.00000000000000000e+00
1.267606e-02  0.00000000000000000e+00  0.00000000000000000e+00  0.00000000000000000e+00
2.535211e-02  0.00000000000000000e+00  0.00000000000000000e+00  0.00000000000000000e+00
3.802817e-02  0.00000000000000000e+00  0.00000000000000000e+00  0.00000000000000000e+00
5.070423e-02  0.00000000000000000e+00  0.00000000000000000e+00  0.00000000000000000e+00
6.338028e-02  0.00000000000000000e+00  0.00000000000000000e+00  0.00000000000000000e+00
7.605634e-02  4.03262694659234804e-34  6.89657360060695825e-34 -2.36140907292458629e-32
8.873239e-02 -6.20745108665948123e-30 -4.92900156367793632e-30 -4.93979287580956958e-29
1.014085e-01 -1.49502200344367374e-28  3.38131182249277398e-28  2.91052332312529752e-27
1.140845e-01  2.68052810416543858e-26  7.53169591490812871e-27  2.28929095074034964e-26
1.267606e-01 -4.98888844419160481e-25 -6.70216810300913167e-25 -9.33763464066263311e-25
1.394366e-01  6.10639169703756119e-24  1.13053014523589669e-23  9.83973947795027511e-24
1.521127e-01 -4.28693164417095113e-23 -9.55949207008752978e-23 -1.68135009736442477e-23
1.647887e-01 -1.81539061856249393e-23  3.26865357115749219e-22 -6.96727928339902715e-22
1.774648e-01  4.11460812876333437e-21  2.75001878232859714e-21  7.13697481810416518e-21
1.901408e-01 -4.91037780710471729e-20 -4.93459879240702501e-20 -4.51166646418966626e-21
2.028169e-01  2.74194206459439951e-19  3.10718991263835477e-19 -3.73717460261584552e-19
2.154930e-01  1.52060995127152951e-19  3.93105118701841088e-20  1.49788679130469504e-18
2.281690e-01 -1.24918849492333866e-17 -1.35909680026136177e-17  1.55048898334940503e-17
2.408451e-01  4.42729831166117539e-17  5.10546657890326397e-17 -9.95662245712959797e-17
2.535211e-01  2.87118513822573025e-16  3.34273920565383751e-16 -4.92558932989488838e-16
2.661972e-01 -1.40239941054123429e-15 -1.67110122790060314e-15  3.35429836037547846e-15
2.788732e-01 -7.09062205804348262e-15 -8.95360900967456740e-15  1.58521317971541129e-14
2.915493e-01  1.96465464386816371e-14  2.34478026822837571e-14 -5.81421153509466566e-14
3.042254e-01  1.59270939446144918e-13  2.09562810439036035e-13 -4.32225152109229676e-13
3.169014e-01  6.42500266787503488e-14  1.32285919377898446e-13  4.32702184684515307e-15
3.295775e-01 -1.94637226691623490e-12 -2.53031999415121033e-12  6.58750127380587379e-12
3.422535e-01 -6.28490842787171948e-12 -9.07430559408359856e-12  1.95019294898765400e-11
3.549296e-01  6.56089232966790385e-13 -1.93477794625198365e-12 -1.44184719617077742e-11
3.676056e-01  5.64142235289254663e-11  7.50541467531500199e-11 -2.45637908263351351e-10
3.802817e-01  1.72776791133488532e-10  2.58621626658163654e-10 -7.21780919379225483e-10
3.929577e-01  2.00955433219131845e-10  3.66501617809830522e-10 -7.03923686317886135e-10
4.056338e-01 -1.85133977688671726e-10 -9.91302558821934576e-11  2.00720712279070817e-09
4.183099e-01 -1.07004086441606403e-09 -1.45521097416830265e-09  1.09122310651149212e-08
4.309859e-01 -2.30981732273423336e-09 -3.82669643500162248e-09  3.41989267275490341e-08
4.436620e-01 -8.77542626929328324e-09 -1.46134793677610563e-08  1.12324025793230134e-07
4.563380e-01 -5.18906354288106387e-08 -8.08512164591283624e-08  4.07407681124317092e-07
4.690141e-01 -2.40228770962154055e-07 -3.69505060989651225e-07  1.34460828410535670e-06
4.816901e-01 -8.18087362731563141e-07 -1.27405467183554105e-06  3.44234536788721236e-06
4.943662e-01 -2.02438812977344450e-06 -3.25165722507279389e-06  5.00724796142820217e-06
5.070423e-01 -2.85780117286499767e-06 -5.04123953429607079e-06 -8.92598630257969181e-06
5.197183e-01  4.09965606741638349e-06  4.20176541691512260e-06 -1.06041346643948582e-04
5.323944e-01  4.90662329373459130e-05  7.06941126141487304e-05 -5.23571402803572200e-04
5.450704e-01  2.27764367737065418e-04  3.45627451663255180e-04 -1.96622525569235254e-03
5.577465e-01  7.95574154696112429e-04  1.24507735474569184e-03 -6.26961679051513902e-03
5.704225e-01  2.34333809440698563e-03  3.76548725520728725e-03 -1.76930191764884080e-02
5.830986e-01  6.06842131000406935e-03  1.00130382124685360e-02 -4.51028248694163511e-02
5.957746e-01  1.40913189823249300e-02  2.39312169949491144e-02 -1.05080399232731519e-01
6.084507e-01  2.96394169237222359e-02  5.20277640797810748e-02 -2.25377580621612228e-01
6.211268e-01  5.67457331629370107e-02  1.03612733633972290e-01 -4.47121195839365826e-01
6.338028e-01  9.89886566690706404e-02  1.89775140017414357e-01 -8.23045705576520126e-01
6.464789e-01  1.56907465675144242e-01  3.20298651362522224e-01 -1.40859546119534995e+00
6.591549e-01  2.24249172592781404e-01  4.98260706790592200e-01 -2.24405703279063218e+00
6.718310e-01  2.84142453905898651e-01  7.13314061493780183e-01 -3.32963698155246224e+00
6.845070e-01  3.07296890579929816e-01  9.36272523727991079e-01 -4.60089586692633290e+00
6.971831e-01  2.54657007413113701e-01  1.11866424251585261e+00 -5.91654482770289114e+00
7.098592e-01  8.58420664368141212e-02  1.20018147149261156e+00 -7.07048852758696622e+00
7.225352e-01 -2.27946947194650779e-01  1.12388616398456054e+00 -7.83255307849846805e+00
7.352113e-01 -6.91014279826366096e-01  8.54606261037962001e-01 -8.00903301890226871e+00
7.478873e-01 -1.27631555566323684e+00  3.92741212891785707e-01 -7.50148445494616212e+00
7.605634e-01 -1.92900950719242514e+00 -2.23548816820814705e-01 -6.33863287568705847e+00
7.732394e-01 -2.57980592773604922e+00 -9.29349270006883832e-01 -4.66658936036743199e+00
7.859155e-01 -3.16194231311439600e+00 -1.65134857683916048e+00 -2.70282452899168790e+00
7.985915e-01 -3.62332483136121519e+00 -2.32330100676414641e+00 -6.77708010603100264e-01
8.112676e-01 -3.92858068630740043e+00 -2.89072241381148798e+00  1.20836978118909966e+00
8.239437e-01 -4.05286605303728376e+00 -3.30517885464919736e+00  2.79762593869187759e+00
8.366197e-01 -3.97531785271212401e+00 -3.51688781210161183e+00  3.96449503903783507e+00
8.492958e-01 -3.68027918228942585e+00 -3.47626625153069213e+00  4.60439156878877487e+00
8.619718e-01 -3.16820329277029522e+00 -3.14842411911742470e+00  4.64121019547153857e+00
8.746479e-01 -2.46981395035604878e+00 -2.53394606330193506e+00  4.05540682810055220e+00
8.873239e-01 -1.65294224277342572e+00 -1.68263704140286285e+00  2.91497236650453750e+00
9.000000e-01 -8.14829105159250888e-01 -6.89570069801198504e-01  1.38449313202910518e+00
9.126761e-01 -6.14047883353090046e-02  3.26726117008090622e-01 -3.02365346342350017e-01
9.253521e-01  5.16948338446179045e-01  1.25300068927360986e+00 -1.90130512630529913e+00
9.380282e-01  8.61949288472398267e-01  2.00202188048257312e+00 -3.22366719669004365e+00
9.507042e-01  9.50999346818884206e-01  2.51651206792899140e+00 -4.18262892845793210e+00
9.633803e-01  7.92360323337547912e-01  2.76003826986610257e+00 -4.80049635249202389e+00
9.760563e-01  4.23964682097161261e-01  2.70977893550948457e+00 -5.17486625629298569e+00
9.887324e-01 -7.25792909347128673e-02  2.36804814189520885e+00 -5.41711194318405376e+00
1.001408e+00 -5.41387442534442598e-01  1.79879383326550069e+00 -5.58578454072478348e+00
1.014085e+00 -7.19987978766653103e-01  1.17546057280252514e+00 -5.63885761132104690e+00
1.026761e+00 -2.34198154084322707e-01  8.07690670489957019e-01 -5.42360607045087573e+00
1.039437e+00  1.34926550894839381e+00  1.10918029100524662e+00 -4.71284321707149889e+00
1.052113e+00  4.39914628870667279e+00  2.48641985772300123e+00 -3.28242720499974272e+00
1.064789e+00  9.04542086519516886e+00  5.16588845202507763e+00 -1.00962225306247499e+00
1.077465e+00  1.50120142325579575e+01  9.01997449260810669e+00  2.04028128375184847e+00
1.090141e+00  2.15347548057479585e+01  1.34758204649193765e+01  5.57446745075357697e+00
1.102817e+00  2.74308049142618557e+01  1.75769447738667353e+01  9.10450188874315813e+00
1.115493e+00  3.13378523247548095e+01  2.02125382441041808e+01  1.20501310713626602e+01
1.128169e+00  3.20728198134989810e+01  2.04540736922677873e+01  1.38871641164994379e+01
1.140845e+00  2.89998011056176779e+01  1.78790367540057957e+01  1.42912512408847405e+01
1.153521e+00  2.22751641052595097e+01  1.27504970517715410e+01  1.32273930244126987e+01
1.166197e+00  1.28695642808057240e+01  5.97061213296824711e+00  1.09539177418083113e+01
1.178873e+00  2.34338105949755215e+00 -1.18290303778533268e+00  7.94178118779707010e+00
1.191549e+00 -7.55656589018017844e+00 -7.43768926309806222e+00  4.74103552589575639e+00
1.204225e+00 -1.53441237472871084e+01 -1.18787775932284898e+01  1.84257952165411809e+00
1.216901e+00 -2.01362369423155627e+01 -1.41450794625309779e+01 -4.21033948155344118e-01
1.229577e+00 -2.17874145510295563e+01 -1.44180993253330225e+01 -1.91261622806850906e+00
1.242254e+00 -2.07960186329260175e+01 -1.32413125471541502e+01 -2.66787185659673920e+00
1.254930e+00 -1.80460283960576895e+01 -1.12710509196432014e+01 -2.83546099979464339e+00
1.267606e+00 -1.44973619425176938e+01 -9.06738400264766042e+00 -2.60807387585407335e+00
1.280282e+00 -1.09358282980877046e+01 -6.99073214964498479e+00 -2.16722968083335621e+00
1.292958e+00 -7.84827263270862474e+00 -5.20660792944887607e+00 -1.65227169208463476e+00
1.305634e+00 -5.42618331072051951e+00 -3.75283604762416223e+00 -1.15222548057664298e+00
1.318310e+00 -3.65233885863424002e+00 -2.61194414284386056e+00 -7.12442084805531950e-01
1.330986e+00 -2.40857370169706497e+00 -1.75286635346035502e+00 -3.47132084865506674e-01
1.343662e+00 -1.55776899231747668e+00 -1.13933102799361663e+00 -5.18520450765315583e-02
1.356338e+00 -9.83667950411871050e-01 -7.24282983831288085e-01  1.86401412815185769e-01
1.369014e+00 -5.98253776049269881e-01 -4.50288086710985302e-01  3.81716523944701958e-01
1.381690e+00 -3.36292977498193812e-01 -2.61509263127588043e-01  5.44265912165087129e-01
1.394366e+00 -1.51026336212074702e-01 -1.18510465817432548e-01  6.77989521949789009e-01
1.407042e+00 -1.35735866536039248e-02 -4.03981372564742123e-03  7.81129960231867204e-01
1.419718e+00  8.84927539482803227e-02  8.38648198342530904e-02  8.49028346373082776e-01
1.432394e+00  1.57045716964923421e-01  1.44550862391159218e-01  8.77640382503449556e-01
1.445070e+00  1.92058649303166740e-01  1.82745929797191953e-01  8.65927085552045006e-01
1.457746e+00  1.97779368244716564e-01  2.07001431527366025e-01  8.16039126803440595e-01
1.470423e+00  1.82858836396085328e-01  2.22632016047180220e-01  7.31684681627586264e-01
1.483099e+00  1.55861275522225284e-01  2.27460039609557518e-01  6.16268758361946167e-01
1.495775e+00  1.21143097878208872e-01  2.15108010390703208e-01  4.72413776753382031e-01
1.508451e+00  7.90749630813431525e-02  1.83046669706409038e-01  3.03259662156464826e-01
1.521127e+00  3.01238223011051007e-02  1.38048126360991813e-01  1.14455692698017211e-01
1.533803e+00 -2.14370929042203180e-02  9.39249132379421231e-02 -8.47754144179210106e-02
1.546479e+00 -6.81024319756934338e-02  6.31252336458702212e-02 -2.82304111686373482e-01
1.559155e+00 -1.03895868104896538e-01  4.89118551147866149e-02 -4.64966740053062599e-01
1.571831e+00 -1.29202893989666084e-01  4.42061252582293326e-02 -6.20545341533405126e-01
1.584507e+00 -1.51189154816968457e-01  3.76243824279816133e-02 -7.39352828368277981e-01
1.597183e+00 -1.78983254504555184e-01  2.16440894188125212e-02 -8.15838219822604294e-01
1.609859e+00 -2.17296059776639766e-01 -3.29919655943548612e-03 -8.50660183282720417e-01
1.622535e+00 -2.63518919428070042e-01 -3.11692338119202265e-02 -8.52614275443966507e-01
1.635211e+00 -3.10398878087397356e-01 -5.62676687424544797e-02 -8.38739935753098798e-01
1.647887e+00 -3.51737086838349811e-01 -7.74888650270858792e-02 -8.31206502918719115e-01
1.660563e+00 -3.86265582070140390e-01 -9.77171830632603544e-02 -8.51338811992866096e-01
1.673239e+00 -4.16834508136937731e-01 -1.19654746029854986e-01 -9.13094099479125232e-01
1.685915e+00 -4.46370113755584663e-01 -1.42350069977921739e-01 -1.01883995499810931e+00
1.698592e+00 -4.74794777198365880e-01 -1.61823057810097898e-01 -1.15896045601680964e+00
1.711268e+00 -4.99856822447592553e-01 -1.75388549744760147e-01 -1.31471793056812447e+00
1.723944e+00 -5.20900480167858837e-01 -1.85906435121182934e-01 -1.46251822970788092e+00
1.736620e+00 -5.41696511118818447e-01 -2.02105432021131987e-01 -1.57798519845019491e+00
1.749296e+00 -5.69184472350789505e-01 -2.34327125948523257e-01 -1.63939946097386624e+00
1.761972e+00 -6.08579682518661014e-01 -2.88685738680480974e-01 -1.63085457729734418e+00
1.774648e+00 -6.58453406770387439e-01 -3.63621493668147611e-01 -1.54527705776161506e+00
1.787324e+00 -7.09378569803474468e-01 -4.50513759247897438e-01 -1.38667444697535691e+00
1.800000e+00 -7.46828165949326106e-01 -5.36754320526007134e-01 -1.17056340446354001e+00
1.812676e+00 -7.56001512507812889e-01 -6.08483682484788457e-01 -9.21979509295084765e-01
1.825352e+00 -7.25660968984576438e-01 -6.51880500247930317e-01 -6.71405518399531998e-01
1.838028e+00 -6.49897370833416810e-01 -6.54380802553298113e-01 -4.49603034511423638e-01
1.850704e+00 -5.28801427106311284e-01 -6.07685695350956401e-01 -2.82331949087187839e-01
1.863380e+00 -3.69245366768124139e-01 -5.12250533945620257e-01 -1.85638703345217204e-01
1.876056e+00 -1.85459517228346388e-01 -3.80331297859370476e-01 -1.62361967065224960e-01
1.888732e+00  2.22607343209838340e-03 -2.34433158651925377e-01 -2.00827119037066321e-01
1.901408e+00  1.71504864602363583e-01 -1.00787280641361360e-01 -2.76804875444501053e-01
1.914085e+00  3.03896651616156088e-01 -1.01449489772274348e-03 -3.59056372926293277e-01
1.926761e+00  3.89242054829039841e-01  5.35967879808479028e-02 -4.17249434924742535e-01
1.939437e+00  4.26297609090618757e-01  6.27453551640112100e-02 -4.29640029033477311e-01
1.952113e+00  4.19278767381097761e-01  3.36463325100239130e-02 -3.87756416390612701e-01
1.964789e+00  3.72734112662451100e-01 -2.35926445470970997e-02 -2.96693490823483785e-01
1.977465e+00  2.87822422632712460e-01 -9.93347493735237397e-02 -1.71692018740880831e-01
1.990141e+00  1.61634611838731096e-01 -1.86092796687576834e-01 -3.31093458952130479e-02
2.002817e+00 -1.08845647294877074e-02 -2.79394904222269924e-01  9.81151781421783081e-02
2.015493e+00 -2.33891370530660114e-01 -3.78318913733029505e-01  2.03534834485249866e-01
2.028169e+00 -5.07488207947406678e-01 -4.84996606177955147e-01  2.69070596778419602e-01
2.040845e+00 -8.24535125038069694e-01 -6.02056255966929355e-01  2.86379197155758436e-01
2.053521e+00 -1.16737950903731269e+00 -7.28149942980129139e-01  2.53986471958723037e-01
2.066197e+00 -1.50539627193989012e+00 -8.53469823603343669e-01  1.77828012320370737e-01
2.078873e+00 -1.79525978743509729e+00 -9.57931685938364974e-01  7.06588765867015439e-02
2.091549e+00 -1.98577260973519509e+00 -1.01377065358569007e+00 -4.98301635780447408e-02
2.104225e+00 -2.02753655962168811e+00 -9.92317202075645333e-01 -1.63838040523309691e-01
2.116901e+00 -1.88557512145281603e+00 -8.72980175967015048e-01 -2.52647539211146133e-01
2.129577e+00 -1.55139017552171410e+00 -6.51696124175720759e-01 -3.01709263949742901e-01
2.142254e+00 -1.05055036162093862e+00 -3.46164399536313061e-01 -3.03232644302468601e-01
2.154930e+00 -4.42727326218823047e-01  4.32206363486976105e-03 -2.57786485493913309e-01
2.167606e+00  1.87220216191502337e-01  3.45660198687459952e-01 -1.74264734948263333e-01
2.180282e+00  7.46204700851242020e-01  6.21690563287546571e-01 -6.77895403835606092e-02
2.192958e+00  1.15432155082236920e+00  7.89692120193198122e-01  4.41473115284825857e-02
2.205634e+00  1.36478889659742930e+00  8.33261962734665573e-01  1.46119758193260285e-01
2.218310e+00  1.37572299582163504e+00  7.67185955509205431e-01  2.28184144658646393e-01
2.230986e+00  1.22893382958476716e+00  6.31678069045511492e-01  2.87110041834243934e-01
2.243662e+00  9.95354923438441341e-01  4.77893280356791017e-01  3.25300297863508947e-01
2.256338e+00  7.52013242297988604e-01  3.50545564311788405e-01  3.48283894578116926e-01
2.269014e+00  5.59017699796348300e-01  2.74637396997350736e-01  3.62068313663776620e-01
2.281690e+00  4.44943239314301742e-01  2.51152797022095087e-01  3.71333545671646059e-01
2.294366e+00  4.05151642345177809e-01  2.62333947643213605e-01  3.78787279690991296e-01
2.307042e+00  4.11952703156046096e-01  2.83052131284697139e-01  3.85436485097572057e-01
2.319718e+00  4.30850812822175744e-01  2.92679052847344467e-01  3.91297643289522268e-01
2.332394e+00  4.35494865087173944e-01  2.82466485444703097e-01  3.96114319507067825e-01
2.345070e+00  4.15700991120359797e-01  2.56145501174485757e-01  3.99807790326542845e-01
2.357746e+00  3.76785646705563859e-01  2.24811412900349200e-01  4.02549760531780487e-01
2.370423e+00  3.32430092748383199e-01  1.99584618417525200e-01  4.04506488588371738e-01
2.383099e+00  2.95663494049902387e-01  1.86001295181593695e-01  4.05453133732763038e-01
2.395775e+00  2.72507141436486966e-01  1.82559525909217146e-01  4.04528202031704198e-01
2.408451e+00  2.60705686452723795e-01  1.83292827537606728e-01  4.00320308170734107e-01
2.421127e+00  2.53019362281554805e-01  1.82117811796368601e-01  3.91277879093969438e-01
2.433803e+00  2.42315873426513340e-01  1.76135752124580297e-01  3.76238198976923621e-01
2.446479e+00  2.25276025280401249e-01  1.66209058970107654e-01  3.54821340327621138e-01
2.459155e+00  2.02945549482607013e-01  1.55091720154263785e-01  3.27547724135313800e-01
2.471831e+00  1.78582307542571733e-01  1.44853234890885307e-01  2.95705975680295441e-01
2.484507e+00  1.54812483510792104e-01  1.35442714352355636e-01  2.61090752120284320e-01
2.497183e+00  1.32119464685184290e-01  1.25121928090072915e-01  2.25714301067084427e-01
2.509859e+00  1.09364664139863496e-01  1.12085241444659520e-01  1.91537219127555614e-01
2.522535e+00  8.54834796300501798e-02  9.58913517872211629e-02  1.60238358430296740e-01
2.535211e+00  6.08339027333662380e-02  7.77263440645635517e-02  1.33054613589869225e-01
2.547887e+00  3.72312439377639401e-02  5.95429092437102445e-02  1.10714892508616186e-01
2.560563e+00  1.68705190380547682e-02  4.29282758860722313e-02  9.34437174857284669e-02
2.573239e+00  1.13910572329736694e-03  2.85762271630846179e-02  8.09678531354219300e-02
2.585915e+00 -9.79574449742726984e-03  1.65825980234496489e-02  7.24904982575697854e-02
2.598592e+00 -1.65270793883235054e-02  7.06784329287670193e-03  6.66940097418326772e-02
2.611268e+00 -1.96915870880725735e-02  4.39791127118702803e-04  6.18989157937802972e-02
2.623944e+00 -1.96793988439806951e-02 -2.96606165917975926e-03  5.64506964993152227e-02
2.636620e+00 -1.69194648824204444e-02 -3.51394143047255953e-03  4.92393925082443007e-02
2.649296e+00 -1.22978660950621172e-02 -2.53611554992435023e-03  4.01094835363555446e-02
2.661972e+00 -7.14611860552027446e-03 -1.89511556510228675e-03  2.99233917489641205e-02
2.674648e+00 -2.65343990941672905e-03 -3.06042445288300623e-03  2.02164120836745391e-02
2.687324e+00  8.92848659340696204e-04 -6.30169419693517308e-03  1.26021244263515887e-02
2.700000e+00  4.43667366007771593e-03 -1.05125645913593697e-02  8.19993337040104790e-03
2.712676e+00  9.75783012942602578e-03 -1.37282189688957643e-02  7.29781494701982683e-03
2.725352e+00  1.85913620647110804e-02 -1.39562612534930037e-02  9.30493948854081016e-03
2.738028e+00  3.18175516605331277e-02 -9.82525364954319608e-03  1.29193757353689674e-02
2.750704e+00  4.91514300952980362e-02 -7.99714490683690600e-04  1.64074578619777152e-02
2.763380e+00  6.93465544544740742e-02  1.29296561890716102e-02  1.79342256985992390e-02
2.776056e+00  9.05931236991031757e-02  3.05903612436560744e-02  1.59190773635336756e-02
2.788732e+00  1.10786854520402170e-01  5.08244252569443403e-02  9.37246460905379573e-03
2.801408e+00  1.27612788253850334e-01  7.16117490705976550e-02 -1.87299078545933207e-03
2.814085e+00  1.38644350027715857e-01  9.03549039334256426e-02 -1.71262399827237163e-02
2.826761e+00  1.41668580031758057e-01  1.04281653928739934e-01 -3.50212683729660829e-02
2.839437e+00  1.35226897248767158e-01  1.11084612560255730e-01 -5.38517990201624608e-02
2.852113e+00  1.19126542304831218e-01  1.09529345797410402e-01 -7.19338150884030469e-02
2.864789e+00  9.46426595812778770e-02  9.97720581482062496e-02 -8.78918262335699474e-02
2.877465e+00  6.43144048490399273e-02  8.33066620121968582e-02 -1.00832992814206240e-01
2.890141e+00  3.14696419344039843e-02  6.26451933686234946e-02 -1.10430249764618071e-01
2.902817e+00 -2.98405644126550993e-04  4.08875021390393834e-02 -1.16942176246774943e-01
2.915493e+00 -2.75715916934156126e-02  2.12618659346520827e-02 -1.21163806538733779e-01
2.928169e+00 -4.74781750679530642e-02  6.63714904932448044e-03 -1.24272839364796051e-01
2.940845e+00 -5.80463984197224156e-02 -9.76912213118201391e-04 -1.27549467409229123e-01
2.953521e+00 -5.84906927419496792e-02 -8.25784125601338012e-04 -1.32008829562703517e-01
2.966197e+00 -4.92708342083102782e-02  6.47704231874660953e-03 -1.38056577281238491e-01
2.978873e+00 -3.18046478384231626e-02  1.92256688110971873e-02 -1.45309407396040063e-01
2.991549e+00 -7.92390683506816358e-03  3.51973391337925129e-02 -1.52680090444763328e-01
3.004225e+00  2.06226242668876118e-02  5.22625007702852071e-02 -1.58717636126250589e-01
3.016901e+00  5.23037948010741452e-02  6.87453110220557218e-02 -1.62071245891450139e-01
3.029577e+00  8.55089194713038875e-02  8.34172017231962631e-02 -1.61884461036258503e-01
3.042254e+00  1.18078048672875621e-01  9.52409528193804145e-02 -1.57966746626441279e-01
3.054930e+00  1.47065088770106489e-01  1.03116625334012516e-01 -1.50713567286286432e-01
3.067606e+00  1.68979663568944366e-01  1.05829846401784680e-01 -1.40875729956797313e-01
3.080282e+00  1.80419283915131318e-01  1.02228888699789217e-01 -1.29330241571599003e-01
3.092958e+00  1.78768719124846709e-01  9.15063759351252420e-02 -1.16951476565680210e-01
3.105634e+00  1.62685673732062580e-01  7.34423011827653044e-02 -1.04575287146291176e-01
3.118310e+00  1.32335088740305168e-01  4.85602277673920710e-02 -9.29765402721665635e-02
3.130986e+00  8.95259900285931692e-02  1.82411621356050706e-02 -8.27941978200532475e-02
3.143662e+00  3.78546100479990044e-02 -1.51735612006808785e-02 -7.44144124594819795e-02
3.156338e+00 -1.72827516643902883e-02 -4.83718583703343780e-02 -6.78854632870965757e-02
3.169014e+00 -6.91221536139416670e-02 -7.73324681366761718e-02 -6.29309731053510901e-02
3.181690e+00 -1.10618685358369370e-01 -9.79938447555147585e-02 -5.90614352463151443e-02
3.194366e+00 -1.36026507586015200e-01 -1.07256815938845604e-01 -5.57219081814347914e-02
3.207042e+00 -1.42440150606888527e-01 -1.03994812577111490e-01 -5.24090753523927810e-02
3.219718e+00 -1.30675552954572310e-01 -8.96295547998074982e-02 -4.87392154388253812e-02
3.232394e+00 -1.05130399024558382e-01 -6.79539047727698436e-02 -4.44942593492905561e-02
3.245070e+00 -7.26857990801369064e-02 -4.41916736309036148e-02 -3.96679750794836361e-02
3.257746e+00 -4.10249479492920122e-02 -2.36006648471975590e-02 -3.44889661948394252e-02
3.270423e+00 -1.68257846595280779e-02 -1.00850425766686822e-02 -2.93677157512983456e-02
3.283099e+00 -4.22123537569252423e-03 -5.24246863566658981e-03 -2.47452678774975759e-02
3.295775e+00 -3.86189259840292358e-03 -8.10333621499907328e-03 -2.08975494478366997e-02
3.308451e+00 -1.28848215723828367e-02 -1.56203042391295562e-02 -1.78059581026328954e-02
3.321127e+00 -2.59581266222579064e-02 -2.37770545726823136e-02 -1.51823269581684173e-02
3.333803e+00 -3.72188159617070427e-02 -2.89996411218225343e-02 -1.26409521587377560e-02
3.346479e+00 -4.24492391717942938e-02 -2.93979111161093293e-02 -9.91183477605904993e-03
3.359155e+00 -4.05604832316941166e-02 -2.53400635375881610e-02 -6.96316155846204033e-03
3.371831e+00 -3.36627827437624150e-02 -1.90755140090870662e-02 -3.96786783903869955e-03
3.384507e+00 -2.56893469586836481e-02 -1.35459034886392417e-02 -1.15645574049671996e-03
3.397183e+00 -2.03177585099499139e-02 -1.09551653428297067e-02  1.33604715261961826e-03
3.409859e+00 -1.92962786125915088e-02 -1.18251126955943725e-02  3.53921350920586653e-03
3.422535e+00 -2.19814844910975159e-02 -1.49975961622245448e-02  5.61750951672979754e-03
3.435211e+00 -2.61366022540478471e-02 -1.84946082894626961e-02  7.79280352142930951e-03
3.447887e+00 -2.93382589974459512e-02 -2.06628248903434272e-02  1.02793440152812825e-02
3.460563e+00 -3.01271799245972464e-02 -2.09234316920028293e-02  1.32513432375682780e-02
3.473239e+00 -2.83731388609368869e-02 -1.97720033431037640e-02  1.68227173403116999e-02
3.485915e+00 -2.48925964713192227e-02 -1.81791067448071678e-02  2.10160340967451460e-02
3.498592e+00 -2.07519267628334288e-02 -1.68766447187078360e-02  2.57280986856961054e-02
3.511268e+00 -1.67131057912407871e-02 -1.59829201691081106e-02  3.07257958896367846e-02
3.523944e+00 -1.30337978219660488e-02 -1.51055993606004774e-02  3.56962258753922776e-02
3.536620e+00 -9.56767326386304996e-03 -1.37290558675072453e-02  4.03351776105396256e-02
3.549296e+00 -5.99668013159254144e-03 -1.15675916369911355e-02  4.44253244908848072e-02
3.561972e+00 -2.06086975911944125e-03 -8.68326654129432211e-03  4.78614583859541184e-02
3.574648e+00  2.27777904582486578e-03 -5.38112078651728758e-03  5.06201143237642662e-02
3.587324e+00  6.77178309609376139e-03 -2.02838079478463544e-03  5.27111117867168771e-02
3.600000e+00  1.09550448137972229e-02  1.07115238764723670e-03  5.41545209627008889e-02
3.612676e+00  1.43346621686737414e-02  3.71833647354382919e-03  5.49945883395575805e-02
3.625352e+00  1.66249587589192109e-02  5.82259051554267094e-03  5.53235744005205476e-02
3.638028e+00  1.78853644122922879e-02  7.40871398264178038e-03  5.52782142172489194e-02
3.650704e+00  1.84613705029041432e-02  8.61360884504324374e-03  5.49965299189919404e-02
3.663380e+00  1.87543441119572968e-02  9.63522022137650730e-03  5.45595487154684200e-02
3.676056e+00  1.89696903751514594e-02  1.06316516052605767e-02  5.39579659778004067e-02
3.688732e+00  1.90115698490162313e-02  1.16263263854816338e-02  5.31049593599021083e-02
3.701408e+00  1.85846504808938086e-02  1.24896878605270361e-02  5.18832521607378444e-02
3.714085e+00  1.74120487991403540e-02  1.30145532280323741e-02  5.01969171437493047e-02
3.726761e+00  1.54039681006318176e-02  1.30267298286880617e-02  4.80061594651712414e-02
3.739437e+00  1.26690808596168596e-02  1.24468696277400762e-02  4.53427999404848112e-02
3.752113e+00  9.39643700516805402e-03  1.12695032998939362e-02  4.23138949992113156e-02
3.764789e+00  5.73559239202009723e-03  9.50503644951797115e-03  3.90932312674990706e-02
3.777465e+00  1.78752540948681543e-03  7.16454606753573562e-03  3.58911873306241025e-02
3.790141e+00 -2.29233869962017179e-03  4.32054157873638673e-03  3.29011850077868748e-02
3.802817e+00 -6.18623885345446524e-03  1.19203758706639567e-03  3.02418902147777446e-02
3.815493e+00 -9.42169785863041301e-03 -1.83904413217417370e-03  2.79271946672222798e-02
3.828169e+00 -1.15232330047145091e-02 -4.32819088859211047e-03  2.58837363195745518e-02
3.840845e+00 -1.22175484347206813e-02 -5.93799719845310506e-03  2.40031918568152612e-02
3.853521e+00 -1.15537506602758581e-02 -6.56728259326897195e-03  2.21920537055792580e-02
3.866197e+00 -9.86214701055346081e-03 -6.35672216479595160e-03  2.03895835742917524e-02
3.878873e+00 -7.59409055725077196e-03 -5.58247434172176246e-03  1.85571123476359102e-02
3.891549e+00 -5.16398056859965638e-03 -4.52949948470659624e-03  1.66670288414176651e-02
3.904225e+00 -2.89351751488415958e-03 -3.43594316896390093e-03  1.47138430470502707e-02
3.916901e+00 -1.06128251818577465e-03 -2.52428621144652624e-03  1.27384781213458233e-02
3.929577e+00  2.85255468879575024e-05 -2.05313860289402326e-03  1.08334078737618630e-02
3.942254e+00  5.26201672786652926e-05 -2.30728158765047646e-03  9.10825730591397278e-03
3.954930e+00 -1.22958894387031263e-03 -3.50392551825789425e-03  7.63294986740488315e-03
3.967606e+00 -3.84908290146270936e-03 -5.67409957641621440e-03  6.40053737676958903e-03
3.980282e+00 -7.57510789554774206e-03 -8.60930378056495166e-03  5.33830557539734588e-03
3.992958e+00 -1.19841678506255288e-02 -1.19197201458371184e-02  4.35410945146832984e-03
4.005634e+00 -1.66058472596037308e-02 -1.51693717504063699e-02  3.37479784885721642e-03
4.018310e+00 -2.10483262309560347e-02 -1.80025373026314363e-02  2.34621549527967797e-03
4.030986e+00 -2.50308148445713349e-02 -2.01922821899454472e-02  1.20729785589096137e-03
4.043662e+00 -2.83266880644205375e-02 -2.16065415071460543e-02 -1.19906525690939537e-04
4.056338e+00 -3.06866259117734436e-02 -2.21453382879139987e-02 -1.69724124673903257e-03
4.069014e+00 -3.18168746823657839e-02 -2.17111863465222696e-02 -3.51404449841376905e-03
4.081690e+00 -3.14366681283526836e-02 -2.02343613239174061e-02 -5.46008236979119745e-03
4.094366e+00 -2.93775571922412874e-02 -1.77255212121849547e-02 -7.36390190597279674e-03
4.107042e+00 -2.56628812044376528e-02 -1.43104671287699551e-02 -9.07792278275000933e-03
4.119718e+00 -2.05287874433647093e-02 -1.02233537818233553e-02 -1.05488857564413428e-02
4.132394e+00 -1.43922829611168902e-02 -5.77074414177788930e-03 -1.18214788276049983e-02
4.145070e+00 -7.79848595390678686e-03 -1.29661376009071808e-03 -1.29776281551583408e-02
4.157746e+00 -1.37123222350992390e-03  2.83517367044309153e-03 -1.40661936113614765e-02
4.170423e+00  4.23601711991782644e-03  6.25205581845028613e-03 -1.50804816078727259e-02
4.183099e+00  8.40905818710994783e-03  8.60281279067495047e-03 -1.59934397051318990e-02
4.195775e+00  1.06719613364766666e-02  9.61962674808438008e-03 -1.68082523280417874e-02
4.208451e+00  1.07976957189477862e-02  9.19705030750614383e-03 -1.75718961659360358e-02
4.221127e+00  8.88850028077773843e-03  7.45134829311669845e-03 -1.83378829549642706e-02
4.233803e+00  5.38634151412578383e-03  4.72660271298119654e-03 -1.91143521219271986e-02
4.246479e+00  9.99662605129872329e-04  1.53752387549603250e-03 -1.98471772875088749e-02
4.259155e+00 -3.43609225688451406e-03 -1.53513308793838741e-03 -2.04538505216002899e-02
4.271831e+00 -7.12743209192039009e-03 -3.96680509523030227e-03 -2.08772459657854785e-02
4.284507e+00 -9.48265424194097949e-03 -5.40008910469800835e-03 -2.11122260655218913e-02
4.297183e+00 -1.02315723597326980e-02 -5.72265748774073834e-03 -2.11857224898909027e-02
4.309859e+00 -9.48065998735890883e-03 -5.09413201047940502e-03 -2.11153519012500131e-02
4.322535e+00 -7.68432648939416322e-03 -3.90644978730688743e-03 -2.08896511940620012e-02
4.335211e+00 -5.52498188937013655e-03 -2.67410432675321830e-03 -2.04884832303209828e-02
4.347887e+00 -3.71858697430354958e-03 -1.87542051965613457e-03 -1.99211909982692746e-02
4.360563e+00 -2.79456723229520171e-03 -1.79418950436808079e-03 -1.92417957543453769e-02
4.373239e+00 -2.92387679462733285e-03 -2.42409444475077951e-03 -1.85215204740641973e-02
4.385915e+00 -3.86677842141179258e-03 -3.48082236308842625e-03 -1.78000006501500656e-02
4.398592e+00 -5.07401225732783626e-03 -4.52214126763424845e-03 -1.70584385954255791e-02
4.411268e+00 -5.91241240930747737e-03 -5.12772448062104400e-03 -1.62395993364481891e-02
4.423944e+00 -5.92586521346922038e-03 -5.06334752872692438e-03 -1.52991920068170518e-02
4.436620e+00 -5.01799168581616977e-03 -4.36149571906514853e-03 -1.42471043381185627e-02
4.449296e+00 -3.47363428948651480e-03 -3.28837675583762380e-03 -1.31465893868740174e-02
4.461972e+00 -1.81130069146381444e-03 -2.21668269362628725e-03 -1.20756619293285999e-02
4.474648e+00 -5.40991260313536566e-04 -1.46247083441623229e-03 -1.10847907784653813e-02
4.487324e+00  5.27393398143912977e-05 -1.15876780323099842e-03 -1.01826460142366605e-02
4.500000e+00  6.45291630923977328e-07 -1.22136628125616266e-03 -9.35354975836414845e-03
4.512676e+00 -4.18960270336094941e-04 -1.41869278800788230e-03 -8.58386545739887180e-03
4.525352e+00 -8.53463994225946740e-04 -1.50668017753220447e-03 -7.87153981181132854e-03
4.538028e+00 -1.05465246987569749e-03 -1.35665616403988815e-03 -7.21370049660067288e-03
4.550704e+00 -9.73077341857531033e-04 -1.00894417686194578e-03 -6.59028829571575540e-03
4.563380e+00 -7.35627269347098101e-04 -6.28186097751352130e-04 -5.96441233815745136e-03
4.576056e+00 -5.39807585749826034e-04 -3.93867706066863995e-04 -5.30219072827333576e-03
4.588732e+00 -5.34612150667108303e-04 -3.95112933459393150e-04 -4.59524347276714026e-03
4.601408e+00 -7.50500147624354663e-04 -5.90622065974595102e-04 -3.86545578858584621e-03
4.614085e+00 -1.10244782209868654e-03 -8.49224321834730835e-04 -3.14724212451118280e-03
4.626761e+00 -1.44793100365229153e-03 -1.03517345049697210e-03 -2.46277065053985330e-03
4.639437e+00 -1.65984792249776101e-03 -1.07990799916218762e-03 -1.81083097921823084e-03
4.652113e+00 -1.67797700525759578e-03 -1.00029290920763199e-03 -1.17646879472596121e-03
4.664789e+00 -1.52122636894874903e-03 -8.64318225484280648e-04 -5.50144296916700343e-04
4.677465e+00 -1.26346556312300967e-03 -7.38014277139259619e-04  6.20367782663827497e-05
4.690141e+00 -9.89267024998096529e-04 -6.50753592758284956e-04  6.45843774584287989e-04
4.702817e+00 -7.50488730267090940e-04 -5.93288061715522208e-04  1.19576254337023092e-03
4.715493e+00 -5.42591256652064655e-04 -5.36695408867566117e-04  1.72452945892023366e-03
4.728169e+00 -3.11346458602680622e-04 -4.51167490986425872e-04  2.25632424259934652e-03
4.740845e+00  1.34213963480174885e-05 -3.13328920460867282e-04  2.80940565669424028e-03
4.753521e+00  4.74663688438892270e-04 -1.06326999220640445e-04  3.38283230916710392e-03
4.766197e+00  1.05939371144952521e-03  1.77382354347906584e-04  3.95758119286929166e-03
4.778873e+00  1.70111372247555266e-03  5.28438468701348347e-04  4.50929999746896727e-03
4.791549e+00  2.31120429490380653e-03  9.16087564623786093e-04  5.02086861934095911e-03
4.804225e+00  2.81856992764962589e-03  1.29511682362535457e-03  5.48549794107790374e-03
4.816901e+00  3.19259795704389003e-03  1.62289930552771589e-03  5.90109638888911860e-03
4.829577e+00  3.43773587389396146e-03  1.87498565125804664e-03  6.26446357631191882e-03
4.842254e+00  3.56917261736443281e-03  2.04768440032774548e-03  6.57250925771799867e-03
4.854930e+00  3.59262951227855070e-03  2.14774862603773565e-03  6.82885457566747428e-03
4.867606e+00  3.50607172468444432e-03  2.18117750008267391e-03  7.04749011476507679e-03
4.880282e+00  3.32134635630857052e-03  2.15348190834364689e-03  7.24740096721937250e-03
4.892958e+00  3.08587929968969334e-03  2.08226497904456971e-03  7.44059162996621361e-03
4.905634e+00  2.88280340713140387e-03  2.00949277741753734e-03  7.62290643342253011e-03
4.918310e+00  2.80397483785630591e-03  1.99801009978184830e-03  7.77569018786303332e-03
4.930986e+00  2.91219795621065541e-03  2.10906689060084626e-03  7.87726762592086231e-03
4.943662e+00  3.21843832348548287e-03  2.37435184425459529e-03  7.91518512601496575e-03
4.956338e+00  3.68862493413442665e-03  2.78217012663254564e-03  7.89034261876433128e-03
4.969014e+00  4.27219491476387141e-03  3.28763265885603350e-03  7.81142896817146014e-03
4.981690e+00  4.92863330206191799e-03  3.83832085668515564e-03  7.68612323978343226e-03
4.994366e+00  5.63167000191702738e-03  4.39487095145015081e-03  7.51740951760299092e-03
5.007042e+00  6.35117235404615219e-03  4.93146447426629896e-03  7.30736245676693284e-03
5.019718e+00  7.03251056792576160e-03  5.41950812727340185e-03  7.06337226768599582e-03
5.032394e+00  7.59517706237695153e-03  5.81260766314427128e-03  6.79993364684552265e-03
5.045070e+00  7.95577801370263467e-03  6.05009192193706278e-03  6.53334343433950582e-03
5.057746e+00  8.05943754254117781e-03  6.08020651577841596e-03  6.27314212255337088e-03
5.070423e+00  7.89596898050010966e-03  5.88594926080146692e-03  6.01734051194725752e-03
5.083099e+00  7.48992929700781958e-03  5.49289914268451078e-03  5.75507506178296515e-03
5.095775e+00  6.87540922826095080e-03  4.95271606366080169e-03  5.47407125370030345e-03
5.108451e+00  6.07788861496873396e-03  4.31550405302969994e-03  5.16718406971589973e-03
5.121127e+00  5.11784219322165747e-03  3.61282595404986825e-03  4.83389610922300983e-03
5.133803e+00  4.03116401416425598e-03  2.86362496885370424e-03  4.47731274477098512e-03
5.146479e+00  2.88655830265860999e-03  2.09532799431981324e-03  4.10112088336551245e-03
5.159155e+00  1.78270379343147467e-03  1.35956173535942311e-03  3.71008412068344999e-03
5.171831e+00  8.24907264552337659e-04  7.26938002853082135e-04  3.31318062835128831e-03
5.184507e+00  9.64354290188417407e-05  2.62771878725185520e-04  2.92537480109169570e-03
5.197183e+00 -3.58429287421387641e-04  7.99197403063400322e-07  2.56451070934114473e-03
5.209859e+00 -5.34147018977683256e-04 -6.71094676081460898e-05  2.24360960608015018e-03
5.222535e+00 -4.54912379809146452e-04  1.92406799040329176e-05  1.96345950703867220e-03
5.235211e+00 -1.68647145573326627e-04  2.08164980461199393e-04  1.71119090667248602e-03
5.247887e+00  2.53040903032619605e-04  4.50302511922201433e-04  1.46643390411779935e-03
5.260563e+00  7.16426958115750842e-04  7.00351295909786681e-04  1.21146284152151909e-03
5.273239e+00  1.11803911960184073e-03  9.12143481435683445e-04  9.39004349524338194e-04
5.285915e+00  1.36860595191163692e-03  1.03883547251217511e-03  6.52998640690102545e-04
5.298592e+00  1.41815799016487562e-03  1.04419408755198999e-03  3.63000450066841584e-04
5.311268e+00  1.26872558498535102e-03  9.19471984227673042e-04  7.74423591594253940e-05
5.323944e+00  9.68880502253933735e-04  6.93599667561823458e-04 -1.99202516579422137e-04
5.336620e+00  5.95278539918423530e-04  4.27383685355585690e-04 -4.64215336062833350e-04
5.349296e+00  2.31475768309755554e-04  1.92571195243609362e-04 -7.12707179875067781e-04
5.361972e+00 -4.89191232880167962e-05  4.62134691186238294e-05 -9.36907929269688603e-04
5.374648e+00 -1.94756248463685881e-04  1.25559606074336560e-05 -1.13046137779717584e-03
5.387324e+00 -1.88436103117201975e-04  7.88862690641133865e-05 -1.29456512308880295e-03
5.400000e+00 -5.43367289713651469e-05  2.04041808912693143e-04 -1.44071408026825412e-03
5.412676e+00  1.42084561768015302e-04  3.33523721294771861e-04 -1.58696951065342919e-03
5.425352e+00  3.10827838815197054e-04  4.15291398534206482e-04 -1.74947521167020557e-03
5.438028e+00  3.68161996216052889e-04  4.13251700886942998e-04 -1.93477368264151719e-03
5.450704e+00  2.69876799689306639e-04  3.17041190108774266e-04 -2.13775188564348717e-03
5.463380e+00  3.03632941014786448e-05  1.46021173094344092e-04 -2.34559954673773394e-03
5.476056e+00 -2.83100919814224296e-04 -5.51920732052286860e-05 -2.54412359513769230e-03
5.488732e+00 -5.78711362129394379e-04 -2.30920072006810445e-04 -2.72191993268741444e-03
5.501408e+00 -7.77690741443453986e-04 -3.35360433072880442e-04 -2.87067155041323494e-03
5.514085e+00 -8.43818604870293586e-04 -3.52040886778582556e-04 -2.98381104573195713e-03
5.526761e+00 -7.93022191105219754e-04 -3.01847040965402401e-04 -3.05691856068571362e-03
5.539437e+00 -6.81304313445026859e-04 -2.33898030228072286e-04 -3.09069524054170512e-03
5.552113e+00 -5.78042067944196350e-04 -2.01913789750829040e-04 -3.09401303549311502e-03
5.564789e+00 -5.36305993235518513e-04 -2.37278909938055976e-04 -3.08322685409854330e-03
5.577465e+00 -5.72215533078969255e-04 -3.33285741529433077e-04 -3.07616634758265620e-03
5.590141e+00 -6.61468009304569610e-04 -4.49611507958378581e-04 -3.08372362818319559e-03
5.602817e+00 -7.54246826163749583e-04 -5.34876515467466122e-04 -3.10446463668178924e-03
5.615493e+00 -8.01733567290993372e-04 -5.54745808285974870e-04 -3.12589562990729132e-03
5.628169e+00 -7.81150906157638387e-04 -5.09507383022100337e-04 -3.13161473824217964e-03
5.640845e+00 -7.06040310295719250e-04 -4.31413754133949201e-04 -3.10956562049698399e-03
5.653521e+00 -6.16330595714100881e-04 -3.64678381166469597e-04 -3.05604807696879333e-03
5.666197e+00 -5.54465366958093982e-04 -3.41166150729564632e-04 -2.97390027835493353e-03
5.678873e+00 -5.42174289460840364e-04 -3.66268606786719012e-04 -2.86781196992245361e-03
5.691549e+00 -5.71792146052057387e-04 -4.21859384157452770e-04 -2.74120349516837614e-03
5.704225e+00 -6.16049723260957550e-04 -4.81686908187875919e-04 -2.59707159989600294e-03
5.716901e+00 -6.48001852446562386e-04 -5.27454864507492511e-04 -2.44130273074900320e-03
5.729577e+00 -6.57279589116904002e-04 -5.55817036889402782e-04 -2.28434843386744919e-03
5.742254e+00 -6.53188755939337461e-04 -5.74454459011041049e-04 -2.13862409785056185e-03
5.754930e+00 -6.55161734556890165e-04 -5.92889546932730857e-04 -2.01296483855163341e-03
5.767606e+00 -6.79137037602458703e-04 -6.15748090234449199e-04 -1.90807730547883862e-03
5.780282e+00 -7.28904233779494623e-04 -6.41980513733272831e-04 -1.81643686072061614e-03
5.792958e+00 -7.95518743386225673e-04 -6.67783750364529544e-04 -1.72683061369096171e-03
5.805634e+00 -8.61916712970756550e-04 -6.88970517341333738e-04 -1.63006917392693605e-03
5.818310e+00 -9.08331662448329876e-04 -7.00803649775451061e-04 -1.52184757106149540e-03
5.830986e+00 -9.16620851070723921e-04 -6.96918664000914512e-04 -1.40168309203493038e-03
5.843662e+00 -8.74465894095862611e-04 -6.70462260648748928e-04 -1.27010622838820463e-03
5.856338e+00 -7.80095948391951524e-04 -6.18195153723074403e-04 -1.12735071006446084e-03
5.869014e+00 -6.45348527254647726e-04 -5.44559744292083818e-04 -9.75012789296837235e-04
5.881690e+00 -4.93687662507444553e-04 -4.61835200980107677e-04 -8.18772134336718778e-04
5.894366e+00 -3.52489596369630971e-04 -3.85299518198502526e-04 -6.68679926059588320e-04
5.907042e+00 -2.43445009753411387e-04 -3.26429379555770536e-04 -5.35518871551878320e-04
5.919718e+00 -1.77136745503735885e-04 -2.89249241242134011e-04 -4.25189058293520047e-04
5.932394e+00 -1.54968777255450280e-04 -2.72529530692388721e-04 -3.35038588038515681e-04
5.945070e+00 -1.75587030103041910e-04 -2.75422866707276254e-04 -2.55072837946776541e-04
5.957746e+00 -2.39291381443224049e-04 -3.01174856819134116e-04 -1.73417901209492215e-04
5.970423e+00 -3.46132330426999156e-04 -3.55169185931693829e-04 -8.21738739013649834e-05
5.983099e+00 -4.89514561027158787e-04 -4.38425326696221011e-04  2.01382139376531486e-05
5.995775e+00 -6.51845616816333216e-04 -5.42082271922014899e-04  1.30359746328518304e-04
6.008451e+00 -8.07607598410211690e-04 -6.48173030494137857e-04  2.44397542725155817e-04
6.021127e+00 -9.32878282439421401e-04 -7.36896784369206644e-04  3.59508661522753650e-04
6.033803e+00 -1.01449778230171391e-03 -7.95286684620897274e-04  4.73609075133873405e-04
6.046479e+00 -1.05201158115562823e-03 -8.20950344729354307e-04  5.83077610273005946e-04
6.059155e+00 -1.05133885132947195e-03 -8.18328474120101471e-04  6.81912286417444679e-04
6.071831e+00 -1.01594619642961627e-03 -7.91064779577689147e-04  7.63682661111867844e-04
6.084507e+00 -9.43183790388059796e-04 -7.37280530549121876e-04  8.25115433588788534e-04
6.097183e+00 -8.28634447419839860e-04 -6.51769229186920378e-04  8.68609786967602633e-04
6.109859e+00 -6.74192057709704852e-04 -5.33167060802322568e-04  9.01617058923511643e-04
6.122535e+00 -4.92373033051947948e-04 -3.89946355139379611e-04  9.33153424668459511e-04
6.135211e+00 -3.02734687478829431e-04 -2.39790797674036286e-04  9.69810497197602628e-04
6.147887e+00 -1.23262474529834223e-04 -1.02343264959481309e-04  1.01366445555636678e-03
6.160563e+00  3.60424571309273344e-05  9.17308058142515555e-06  1.06273936364360507e-03
6.173239e+00  1.72313285234869146e-04  9.13870508392666320e-05  1.11293309085465169e-03
6.185915e+00  2.83231104090024143e-04  1.47469130126336959e-04  1.15974157022636672e-03
6.198592e+00  3.61333739242897343e-04  1.80621437954560967e-04  1.19887547965130312e-03
6.211268e+00  3.95064035341169590e-04  1.90309986431828388e-04  1.22627787910526450e-03
6.223944e+00  3.76395264574772047e-04  1.74423365945675448e-04  1.23866030670120213e-03
6.236620e+00  3.08971102806027478e-04  1.35002655414130472e-04  1.23487045626642145e-03
6.249296e+00  2.10079607835768350e-04  8.21117123463109804e-05  1.21729309162847362e-03
6.261972e+00  1.04695206695155118e-04  3.19873306865838057e-05  1.19205971616918004e-03
6.274648e+00  1.58735203139395324e-05  1.26617499282117384e-07  1.16728898588280730e-03
6.287324e+00 -4.20076694518151629e-05 -5.84317670204559642e-06  1.14989003980243260e-03
6.300000e+00 -6.38382755796570566e-05  1.15869305002425285e-05  1.14267375328975748e-03
6.312676e+00 -5.02104640264247967e-05  4.34811370258976400e-05  1.14336379983228102e-03
6.325352e+00 -4.37020475052819765e-06  8.06940867749330205e-05  1.14591409868431532e-03
6.338028e+00  6.75054428756794871e-05  1.17965663701130024e-04  1.14328983983671018e-03
6.350704e+00  1.54024696513238877e-04  1.53318576530674788e-04  1.13003367751802531e-03
6.363380e+00  2.38091288497275665e-04  1.84332652292228339e-04  1.10325221325620207e-03
6.376056e+00  3.00591713944730493e-04  2.05506571622939135e-04  1.06207163614262267e-03
6.388732e+00  3.26816210743584919e-04  2.09539244139221982e-04  1.00664974182178334e-03
6.401408e+00  3.11633454792890701e-04  1.91758422429044099e-04  9.37802086649121205e-04
6.414085e+00  2.60295905841379134e-04  1.54267914695112573e-04  8.57594704431309226e-04
6.426761e+00  1.84969422588038697e-04  1.06290623064490830e-04  7.70176245998349207e-04
6.439437e+00  9.98459310998968944e-05  5.99907942817090012e-05  6.81594825514880514e-04
6.452113e+00  1.77488161165481750e-05  2.46251832997492352e-05  5.98170262506359830e-04
6.464789e+00 -5.11410336740950036e-05  2.84770401457035706e-06  5.24222381697331263e-04
6.477465e+00 -9.98381317557843582e-05 -8.91351416330648373e-06  4.60470413079568585e-04
6.490141e+00 -1.25720623706308642e-04 -1.68636759256694777e-05  4.04113850959482402e-04
6.502817e+00 -1.31949787811014199e-04 -2.58882885941130745e-05  3.50533894260780972e-04
6.515493e+00 -1.27293234815624060e-04 -3.77990565779293686e-05  2.95435106194357215e-04
6.528169e+00 -1.22969859871372924e-04 -5.19739606378811169e-05  2.36223169906101834e-04
6.540845e+00 -1.27458020684227333e-04 -6.68115239677888562e-05  1.72263523324198782e-04
6.553521e+00 -1.42243269978058098e-04 -8.05237474401188053e-05  1.04437582887357728e-04
6.566197e+00 -1.61340595900032766e-04 -9.09340813899343231e-05  3.47132826580468686e-05
6.578873e+00 -1.75190747027567146e-04 -9.53218210943078658e-05 -3.39420020315469087e-05
6.591549e+00 -1.76730534985934510e-04 -9.16487888704051439e-05 -9.76970073444918461e-05
6.604225e+00 -1.66023365448698951e-04 -8.09330976093266332e-05 -1.52554245815301115e-04
6.616901e+00 -1.50837157351051533e-04 -6.88890591609143103e-05 -1.95584941670180610e-04
6.629577e+00 -1.43052812298177193e-04 -6.49382713023449092e-05 -2.26090958035308039e-04
6.642254e+00 -1.53000594104704294e-04 -7.81248074970504941e-05 -2.45881373704823908e-04
6.654930e+00 -1.84685828090719420e-04 -1.11794749138118747e-04 -2.58365101999636802e-04
6.667606e+00 -2.34147879716192829e-04 -1.60569556745685551e-04 -2.67046057926626228e-04
6.680282e+00 -2.91435879809846170e-04 -2.12090181290118941e-04 -2.74359113799780370e-04
6.692958e+00 -3.44973733158841409e-04 -2.52903462192373527e-04 -2.81436809978543635e-04
6.705634e+00 -3.86146311554566785e-04 -2.75118130808498017e-04 -2.88696287785433629e-04
6.718310e+00 -4.11954859897438106e-04 -2.79648929421849721e-04 -2.96494800793134234e-04
6.730986e+00 -4.24612904129637850e-04 -2.73951301999032966e-04 -3.05198855765587802e-04
6.743662e+00 -4.28571323289519274e-04 -2.66114728444506450e-04 -3.14741616016666009e-04
6.756338e+00 -4.26808194998006332e-04 -2.59621456561534212e-04 -3.24204076316666719e-04
6.769014e+00 -4.18614467122114739e-04 -2.52200398568782908e-04 -3.31951603035386309e-04
6.781690e+00 -4.00247407625667166e-04 -2.39146074037159572e-04 -3.36485020884098353e-04
6.794366e+00 -3.68050764802690879e-04 -2.18209217214443071e-04 -3.37467707768011123e-04
6.807042e+00 -3.22096846176237763e-04 -1.92152762738951303e-04 -3.36158161655372278e-04
6.819718e+00 -2.68112266290501081e-04 -1.67368427546043370e-04 -3.34993474278312976e-04
6.832394e+00 -2.16506093056132234e-04 -1.50155949449315218e-04 -3.36541130658075764e-04
6.845070e+00 -1.79038382104393715e-04 -1.43624608171029371e-04 -3.42320318838765952e-04
6.857746e+00 -1.64899946380711490e-04 -1.47264463016762143e-04 -3.52139070122911449e-04
6.870423e+00 -1.77934011896729350e-04 -1.58841530861837134e-04 -3.64172132765620393e-04
6.883099e+00 -2.15779701572502223e-04 -1.76336598652247783e-04 -3.75532971755023978e-04
6.895775e+00 -2.70745248280148255e-04 -1.98163407380999709e-04 -3.83135412192423582e-04
6.908451e+00 -3.31749507001394804e-04 -2.21981979975952872e-04 -3.84613736962320337e-04
6.921127e+00 -3.86760574381658220e-04 -2.43746740650215211e-04 -3.78983837828051565e-04
6.933803e+00 -4.25363805825134647e-04 -2.58409209306761781e-04 -3.66954534530719719e-04
6.946479e+00 -4.40938231675779620e-04 -2.62154750719437635e-04 -3.50824327003923357e-04
6.959155e+00 -4.31707871085782423e-04 -2.54344515062520022e-04 -3.33849101957287605e-04
6.971831e+00 -4.00218424025023571e-04 -2.37409094669676968e-04 -3.19336864567705656e-04
6.984507e+00 -3.51541121091866922e-04 -2.14792106585757309e-04 -3.09873486603467541e-04
6.997183e+00 -2.91276070612872409e-04 -1.88659689644444346e-04 -3.06847359258862634e-04
7.009859e+00 -2.24577603200892502e-04 -1.59283163621081662e-04 -3.10388066460261106e-04
7.022535e+00 -1.56566987073506066e-04 -1.26671114802568514e-04 -3.19661366922512232e-04
7.035211e+00 -9.32720072287984356e-05 -9.29602916061288696e-05 -3.33199945819047762e-04
7.047887e+00 -4.17475669248410484e-05 -6.32555532149720452e-05 -3.49167744442231221e-04
7.060563e+00 -8.67873461910688785e-06 -4.39523227332593762e-05 -3.65646628069699834e-04
7.073239e+00  1.90311782029782472e-06 -3.96383923424228890e-05 -3.80892204832977970e-04
7.085915e+00 -9.80794564559921146e-06 -5.08017968455767225e-05 -3.93550435243653020e-04
7.098592e+00 -3.97637615113157283e-05 -7.40305091208367377e-05 -4.02825771821247803e-04
7.111268e+00 -8.21571197483330685e-05 -1.04381462983849232e-04 -4.08438236909225861e-04
7.123944e+00 -1.31740171077993442e-04 -1.37843701979635649e-04 -4.10399892639145474e-04
7.136620e+00 -1.84735023801961540e-04 -1.72016242363629967e-04 -4.08800254563384060e-04
7.149296e+00 -2.37895489802017425e-04 -2.04834700805694899e-04 -4.03630475585727304e-04
7.161972e+00 -2.86888171890636444e-04 -2.32848247414523592e-04 -3.94678621371515959e-04
7.174648e+00 -3.25713924745421558e-04 -2.50972650024789280e-04 -3.81518435171335885e-04
7.187324e+00 -3.47962635413458774e-04 -2.54361205981938198e-04 -3.63495542497173352e-04
7.200000e+00 -3.49183845790068659e-04 -2.41068851490770813e-04 -3.39798578303379022e-04
7.212676e+00 -3.28693885161869548e-04 -2.13436693531475231e-04 -3.09764293131009020e-04
7.225352e+00 -2.89553787409559604e-04 -1.77140930541863347e-04 -2.73293129004660443e-04
7.238028e+00 -2.36996707293817758e-04 -1.38584819742297507e-04 -2.31185379326578655e-04
7.250704e+00 -1.76738689829085470e-04 -1.02491795813594160e-04 -1.85164896270547394e-04
7.263380e+00 -1.14387454675510052e-04 -7.12727830634786479e-05 -1.37348136420675700e-04
7.276056e+00 -5.59962269643412663e-05 -4.61443175059210000e-05 -8.94082135219211136e-05
7.288732e+00 -8.59970138248593957e-06 -2.85782445626581157e-05 -4.19828854219238550e-05
7.301408e+00  2.06123330621571575e-05 -2.06667019450055578e-05  5.39118029850846164e-06
7.314085e+00  2.65530025648491693e-05 -2.40767855279914708e-05  5.37181601461385476e-05
7.326761e+00  8.53270999774924321e-06 -3.85020111241362174e-05  1.03617108646725521e-04
7.339437e+00 -2.90396840423705010e-05 -6.10008704667567452e-05  1.54731610757793454e-04
7.352113e+00 -7.81676089772832317e-05 -8.68499749955575241e-05  2.05770083139190766e-04
7.364789e+00 -1.30054143665281899e-04 -1.11250274632956764e-04  2.54936824591607764e-04
7.377465e+00 -1.77295074573178039e-04 -1.30694477983287058e-04  3.00536873709961378e-04
7.390141e+00 -2.14335136050415928e-04 -1.43264048080805087e-04  3.41365465699431541e-04
7.402817e+00 -2.36700364210373917e-04 -1.48003935710735009e-04  3.76587717667140672e-04
7.415493e+00 -2.40447973805074335e-04 -1.44247550613786787e-04  4.05482172906583235e-04
7.428169e+00 -2.22917559423943957e-04 -1.31674614588088402e-04  4.27343159036804835e-04
7.440845e+00 -1.84534214097209314e-04 -1.10998309090219928e-04  4.41429395280497100e-04
7.453521e+00 -1.30099630304034202e-04 -8.45305734806186030e-05  4.47073444702165371e-04
7.466197e+00 -6.81325502365164970e-05 -5.59895539996193951e-05  4.43910473006070127e-04
7.478873e+00 -8.31035315386298330e-06 -2.94496823769693342e-05  4.31923260661652274e-04
7.491549e+00  4.15797524057672573e-05 -8.00783637405942935e-06  4.11519923986004680e-04
7.504225e+00  7.74611148992014094e-05  6.97251208775109891e-06  3.83805189881201937e-04
7.516901e+00  9.87482890876637437e-05  1.57058816352629735e-05  3.50637881044702361e-04
7.529577e+00  1.06831695621314397e-04  1.92700463423827716e-05  3.14392859580473567e-04
7.542254e+00  1.03714880025894350e-04  1.88755789447253220e-05  2.77527119011482162e-04
7.554930e+00  9.15768125540672629e-05  1.55471273236558592e-05  2.41833739301447129e-04
7.567606e+00  7.30030187042534837e-05  1.02675195051711052e-05  2.07860850633797753e-04
7.580282e+00  5.10641204844439797e-05  4.19505567082693391e-06  1.75088240952035561e-04
7.592958e+00  2.86867902662841334e-05 -1.34732718868537687e-06  1.42583450513952370e-04
7.605634e+00  7.76626211586397485e-06 -5.05639984769770312e-06  1.09775423099970896e-04
7.618310e+00 -1.10058546266136189e-05 -5.88621108049636219e-06  7.70877851119811401e-05
7.630986e+00 -2.72817306857662009e-05 -3.21462493806327097e-06  4.58348669308569447e-05
7.643662e+00 -3.98119574720778280e-05  3.14308737174111662e-06  1.74625585974165487e-05
7.656338e+00 -4.59384887891566373e-05  1.29302323091031217e-05 -7.09091028133495290e-06
7.669014e+00 -4.25927864202566147e-05  2.53580561182605039e-05 -2.76887107278737807e-05
7.681690e+00 -2.82991754635643811e-05  3.90722812252485206e-05 -4.48824785771839466e-05
7.694366e+00 -4.68022035787350414e-06  5.22577792340253868e-05 -5.92958936848813543e-05
7.707042e+00  2.36676001042934390e-05  6.28803099894868056e-05 -7.11185647780003603e-05
7.719718e+00  5.08980960047500749e-05  6.90868150657473936e-05 -8.01338181310557677e-05
7.732394e+00  7.21507625039963094e-05  6.96360356176739802e-05 -8.59297794926923138e-05
7.745070e+00  8.48292319727451277e-05  6.42177645646782906e-05 -8.82112893790105269e-05
7.757746e+00  8.83114614478202643e-05  5.36592209050647576e-05 -8.71369411651419967e-05
7.770423e+00  8.28277227709837136e-05  3.99006878203934291e-05 -8.32405134566770877e-05
7.783099e+00  6.86716383944928344e-05  2.55903360572026114e-05 -7.71186598080242732e-05
7.795775e+00  4.63970137461079877e-05  1.33913863538092266e-05 -6.92468966264231400e-05
7.808451e+00  1.77847992596893649e-05  5.21834012811843337e-06 -5.97119609856914453e-05
7.821127e+00 -1.34126193800792024e-05  1.73634099761317812e-06 -4.79905970675966980e-05
7.833803e+00 -4.18173119230350117e-05  2.48685401202239079e-06 -3.30755664170794765e-05
7.846479e+00 -6.17699739315145761e-05  6.53331329969675390e-06 -1.37039808496390642e-05
7.859155e+00 -6.89360137747854355e-05  1.31068419617099124e-05  1.12631917158344449e-05
7.871831e+00 -6.14416544868051076e-05  2.18277594998357947e-05  4.21457735143514653e-05
7.884507e+00 -4.01664272601618289e-05  3.23237576852694744e-05  7.79783153913733007e-05
7.897183e+00 -8.38806570400974458e-06  4.35372382631484756e-05  1.16568831537356007e-04
7.909859e+00  2.88112611179173096e-05  5.34546556049356490e-05  1.54898783822060392e-04
7.922535e+00  6.53209384198343305e-05  5.96033884522617968e-05  1.89939543178727527e-04
7.935211e+00  9.51017290959831415e-05  5.99807770473427624e-05  2.19505805046925004e-04
7.947887e+00  1.13536257996412542e-04  5.38765260911382068e-05  2.42418017389548022e-04
7.960563e+00  1.18636739652581920e-04  4.20426893915952100e-05  2.58096767869430777e-04
7.973239e+00  1.11473849071895266e-04  2.60797204952446789e-05  2.65955887058780445e-04
7.985915e+00  9.54261469067666629e-05  7.69642157761443213e-06  2.64776080448677112e-04
7.998592e+00  7.46031818077426114e-05 -1.15218507602312509e-05  2.52689760267285331e-04
8.011268e+00  5.23218984261411975e-05 -2.98754457250498234e-05  2.27961445798652897e-04
8.023944e+00  3.04366341289899234e-05 -4.51859872483947243e-05  1.89890188436069821e-04
8.036620e+00  9.76677670671307661e-06 -5.48181081225495787e-05  1.39508438384676345e-04
8.049296e+00 -8.92712597290640003e-06 -5.64524485817950624e-05  7.98698477323426745e-05
8.061972e+00 -2.43013243580097098e-05 -4.91188189603036180e-05  1.55309826951429737e-05
8.074648e+00 -3.45562827932594440e-05 -3.36668360974292798e-05 -4.83823225430988498e-05
8.087324e+00 -3.81563531830057687e-05 -1.24524515495841996e-05 -1.06974389566595843e-04
8.100000e+00 -3.45769632979532276e-05  1.15455059380153601e-05 -1.56333865510984262e-04
8.112676e+00 -2.44848570267441766e-05  3.56647938043718198e-05 -1.94036676137827906e-04
8.125352e+00 -9.28866176483260575e-06  5.78784553094255624e-05 -2.19181535481707032e-04
8.138028e+00  9.46917212973398446e-06  7.65086986732169578e-05 -2.32355575925500114e-04
8.150704e+00  3.04652658247529336e-05  8.99933272864792804e-05 -2.35489522865543581e-04
8.163380e+00  5.25552960390803016e-05  9.70499706907848846e-05 -2.31364593219420705e-04
8.176056e+00  7.44712776766011804e-05  9.71907499969478026e-05 -2.23196745053261107e-04
8.188732e+00  9.46489488052747776e-05  9.12769529065244375e-05 -2.14363497291861113e-04
8.201408e+00  1.11407156988763608e-04  8.15065098755404316e-05 -2.07989305493060187e-04
8.214085e+00  1.23289482860713902e-04  7.06806222723926387e-05 -2.06669572488165336e-04
8.226761e+00  1.29344452849661104e-04  6.13374512392477080e-05 -2.12254595604175346e-04
8.239437e+00  1.29248270029850280e-04  5.52565669090787162e-05 -2.25279107317004535e-04
8.252113e+00  1.23264315011143870e-04  5.34580639410862129e-05 -2.44461463706542690e-04
8.264789e+00  1.12233011845973185e-04  5.65409607168598771e-05 -2.66629963534743960e-04
8.277465e+00  9.77240830655527558e-05  6.48217113293068670e-05 -2.86926710604634336e-04
8.290141e+00  8.21479596245185047e-05  7.79576779955057386e-05 -2.99613236852887027e-04
8.302817e+00  6.85844522357682487e-05  9.44851943185113287e-05 -2.99430341950433733e-04
8.315493e+00  6.02486410123397419e-05  1.11814924349121683e-04 -2.82682677776066853e-04
8.328169e+00  5.96666628205807302e-05  1.26860435798892160e-04 -2.47868935455656993e-04
8.340845e+00  6.79237832817361368e-05  1.37126439351159838e-04 -1.95946083180717940e-04
8.353521e+00  8.43966228234144749e-05  1.41603375347368359e-04 -1.29936682553710963e-04
8.366197e+00  1.07018506213262861e-04  1.40817794510416012e-04 -5.42875643238280886e-05
8.378873e+00  1.32889819294588953e-04  1.36145251878525556e-04  2.54919688742554834e-05
8.391549e+00  1.58971772059226819e-04  1.28979684341521561e-04  1.03253237864502952e-04
8.404225e+00  1.82560332071681961e-04  1.20275186453655625e-04  1.72738137203328043e-04
8.416901e+00  2.01501044005816902e-04  1.10718590234728937e-04  2.28000362156518274e-04
8.429577e+00  2.14359064720821135e-04  1.01259990152668191e-04  2.64094964643109948e-04
8.442254e+00  2.20613213216506554e-04  9.33595347790870873e-05  2.77930677374754070e-04
8.454930e+00  2.20802559704655159e-04  8.86705788071995602e-05  2.68724785304373800e-04
8.467606e+00  2.16516871387572842e-04  8.84007779631597340e-05  2.38217096275888831e-04
8.480282e+00  2.10023532955852402e-04  9.27628285481536742e-05  1.90662408997798166e-04
8.492958e+00  2.03511060371964450e-04  1.00887755469707474e-04  1.32230875444995440e-04
8.505634e+00  1.98280463251556207e-04  1.11252020745194446e-04  7.01350139931187350e-05
8.518310e+00  1.94218475778780051e-04  1.22239596086737160e-04  1.17280242435395949e-05
8.530986e+00  1.89742602318644844e-04  1.32455856635408487e-04 -3.66631108895723907e-05
8.543662e+00  1.82275695300537956e-04  1.40722435247182261e-04 -7.07568866524015626e-05
8.556338e+00  1.69030094660029164e-04  1.45899528002659153e-04 -8.87512307776152704e-05
8.569014e+00  1.47797914830399715e-04  1.46769246846533465e-04 -9.14060231036289533e-05
8.581690e+00  1.17651213318876847e-04  1.42139187673585279e-04 -8.16831876307111903e-05
8.594366e+00  7.95123124529937831e-05  1.31090558752902989e-04 -6.39029524509154178e-05
8.607042e+00  3.65014459264197065e-05  1.13186064123530294e-04 -4.30331303857391380e-05
8.619718e+00 -6.05067304175825911e-06  8.85799172705826847e-05 -2.42297571719340362e-05
8.632394e+00 -4.11533300511118246e-05  5.80994861648240362e-05 -1.23448950753235795e-05
8.645070e+00 -6.14227054615886642e-05  2.33692445267295425e-05 -1.15569685324255462e-05
8.657746e+00 -6.08192807256954649e-05 -1.30047596833192619e-05 -2.49689311931849580e-05
8.670423e+00 -3.63365358675833380e-05 -4.72850733947099657e-05 -5.38666403365578618e-05
8.683099e+00  1.09091033590188417e-05 -7.47114767088962720e-05 -9.70666874421950558e-05
8.695775e+00  7.55769042059543965e-05 -9.00153330480771112e-05 -1.50679616646221551e-04
8.708451e+00  1.48907793050061807e-04 -8.82722617141723314e-05 -2.08235773541955453e-04
8.721127e+00  2.19986387907647820e-04 -6.59529016749561977e-05 -2.61461391346268755e-04
8.733803e+00  2.77121832645848502e-04 -2.19830396683674570e-05 -3.01652678052839480e-04
8.746479e+00  3.09249601794365689e-04  4.14756179508416389e-05 -3.21077004799953528e-04
8.759155e+00  3.07421469718834192e-04  1.18707092389005789e-04 -3.14259765164757998e-04
8.771831e+00  2.66519340849738192e-04  2.00642849824178240e-04 -2.79011966600235849e-04
8.784507e+00  1.86992121481853034e-04  2.75705650576060421e-04 -2.16766051711016861e-04
8.797183e+00  7.59594145439498354e-05  3.31289655590942663e-04 -1.32328298166683181e-04
8.809859e+00 -5.29241751028089244e-05  3.55642936271803774e-04 -3.32559105543794677e-05
8.822535e+00 -1.81071390078134631e-04  3.39965567440634968e-04  7.12746591858782141e-05
8.835211e+00 -2.87831708311040953e-04  2.80462677901660682e-04  1.71799639589179863e-04
8.847887e+00 -3.53950380874196613e-04  1.79862994661354481e-04  2.59697436547369519e-04
8.860563e+00 -3.64825968410341980e-04  4.80281203310013632e-05  3.28179156432314859e-04
8.873239e+00 -3.13110383019001948e-04 -9.86033080102185176e-05  3.72957191317089545e-04
8.885915e+00 -2.00365694782744260e-04 -2.38995081056193805e-04  3.92386234091462028e-04
8.898592e+00 -3.74474435728125909e-05 -3.50725466733649099e-04  3.87401056887356641e-04
8.911268e+00  1.56634571088092755e-04 -4.13753890389078596e-04  3.61322102018143358e-04
8.923944e+00  3.57483852774090078e-04 -4.14029538446688986e-04  3.19362315387679578e-04
8.936620e+00  5.39464160185139483e-04 -3.46163921830593168e-04  2.68043798654292150e-04
8.949296e+00  6.80295836146070599e-04 -2.14514898998185017e-04  2.14500125871585571e-04
8.961972e+00  7.64805038542480968e-04 -3.26472042623280069e-05  1.65458013346566989e-04
8.974648e+00  7.86853146647407118e-04  1.78569659359757065e-04  1.26228258528425025e-04
8.987324e+00  7.49139036519460644e-04  3.93973152365112542e-04  9.99612734108571062e-05
9.000000e+00  6.61319825631713661e-04  5.87693799188531243e-04  8.71299657447048537e-05
