# Author: SW4
# Scenario: test
# Date: UTC  09/20/2017:21:20:07.000
# Bandwith (Hz): 1.234000e+00
# Station: sta10
# Target location (WGS84 longitude, latitude) (deg): 1.182594e+02 3.718865e+01
# Actual location (WGS84 longitude, latitude) (deg): 1.182594e+02 3.718865e+01
# Distance from target to actual location (m): 0.000000e+00
# nColumns: 4
# Column 1: Time (s)
# Column 2: X displacement (m)
# Column 3: Y displacement (m)
# Column 4: Z displacement (m)
0.000000e+00  0.00000000000000000e+00  0.00000000000000000e+00  0.00000000000000000e+00
1.267606e-02  0.00000000000000000e+00  0.00000000000000000e+00  0.00000000000000000e+00
2.535211e-02  0.00000000000000000e+00  0.00000000000000000e+00  0.00000000000000000e+00
3.802817e-02  0.00000000000000000e+00  0.00000000000000000e+00  0.00000000000000000e+00
5.070423e-02  0.00000000000000000e+00  0.00000000000000000e+00  0.00000000000000000e+00
6.338028e-02  0.00000000000000000e+00  0.00000000000000000e+00  0.00000000000000000e+00
7.605634e-02  0.00000000000000000e+00  0.00000000000000000e+00  0.00000000000000000e+00
8.873239e-02 -9.60644278194568136e-125 -6.23978091177379440e-124 3.72644097585240565e-123
1.014085e-01 1.79263188685660141e-118 2.58814716551661651e-118 5.22662122062425577e-117
1.140845e-01 1.67559387019497764e-114 -2.44886857691762086e-114 3.36845577748751391e-113
1.267606e-01 -2.00767822762503438e-111 2.54087122316668179e-112 2.66757893806176233e-110
1.394366e-01 3.93398417430453127e-109 -1.73048492020013344e-108 1.27239769771817944e-107
1.521127e-01 -4.25626589312953738e-106 -1.76967684837518192e-106 1.73499006672328303e-105
1.647887e-01 -6.34904825755568198e-104 -1.26372278590722038e-103 1.19273940894567976e-103
1.774648e-01 -5.89364193040163710e-102 1.10109791904049673e-102 -3.24853465319999326e-101
1.901408e-01 1.37730373791887828e-100 -1.85539220501256038e-100  1.46268954477073133e-99
2.028169e-01  3.70524855318781262e-98  4.69944575704341878e-98 -1.10740862255829871e-97
2.154930e-01 -3.16178906899007712e-96 -2.53101687705674598e-96  1.01069526985941653e-95
2.281690e-01  2.24533845412879020e-94  8.34417393210722758e-95 -6.45340622873964238e-94
2.408451e-01 -1.49062331282840489e-92 -1.00982351437053272e-93  3.15486338233934576e-92
2.535211e-01  8.51609753487077621e-91 -1.40896460370613491e-91 -1.30464009176669200e-90
2.661972e-01 -4.11853667960495427e-89  1.56504876981338879e-89  4.72524789472336153e-89
2.788732e-01  1.71251831481488083e-87 -9.94453244858150012e-88 -1.51590518175962289e-87
2.915493e-01 -6.18284273705747301e-86  4.71122208857061055e-86  4.35240520428861086e-86
3.042254e-01  1.94465214358075631e-84 -1.79323622255910596e-84 -1.13359534746265597e-84
3.169014e-01 -5.33444753344232921e-83  5.66821713270640481e-83  2.71068105091298953e-83
3.295775e-01  1.27733725870925159e-81 -1.51418977423762517e-81 -5.99029615752286431e-82
3.422535e-01 -2.67233850461555584e-80  3.45299585139938778e-80  1.22298116987320455e-80
3.549296e-01  4.88887679519852475e-79 -6.75805868501835318e-79 -2.29218614780316531e-79
3.676056e-01 -7.82454843258809289e-78  1.13685091666618221e-77  3.90513055781653009e-78
3.802817e-01  1.09528382394313028e-76 -1.63909011453932572e-76 -5.97969975943466115e-77
3.929577e-01 -1.33896013599956418e-75  2.00688847789027744e-75  8.13397026802133666e-76
4.056338e-01  1.42448906560644672e-74 -2.04327230332818916e-74 -9.70448506692340949e-75
4.183099e-01 -1.30945287942277740e-73  1.64590279552536976e-73  9.99164849953133896e-74
4.309859e-01  1.02480960015570028e-72 -8.99056619581877392e-73 -8.65382983674938301e-73
4.436620e-01 -6.60016840067407418e-72  5.97324564711328655e-73  5.99104280322030477e-72
4.563380e-01  3.16663378022583481e-71  5.73281970928227263e-71 -2.86668548851342747e-71
4.690141e-01 -6.36854386221559572e-71 -8.22669643287117631e-70  2.68150434519041242e-71
4.816901e-01 -7.93173542456575597e-70  7.12473372508187385e-69  1.19844542977127367e-69
4.943662e-01  1.30197466603000449e-68 -4.16273175426862934e-68 -1.53114261951630705e-68
5.070423e-01 -1.21974508991602058e-67  1.28531614611405435e-67  1.16660750165460602e-67
5.197183e-01  8.63567171500203171e-67  4.02601102992823584e-67 -6.19760782645944887e-67
5.323944e-01 -4.67198061545656283e-66 -8.51832213941940146e-66  2.11175149870765554e-66
5.450704e-01  1.65417813100329445e-65  6.08932907326935651e-65 -1.53748173282075724e-66
5.577465e-01 -8.85644107947691761e-67 -2.34316177945132273e-64 -3.50255693376040267e-65
5.704225e-01 -5.08510824838113958e-64  5.66533115004428468e-65  2.78048038430622127e-64
5.830986e-01  4.23920207420354300e-63  5.80664781107228477e-63 -1.31500772572992034e-63
5.957746e-01 -1.90786036913183431e-62 -4.08815366766122792e-62  4.94505201256782918e-63
6.084507e-01  3.19387877678456548e-62  1.28714660446397512e-61 -1.68020503348933522e-62
6.211268e-01  2.24358619805005659e-61  9.73487589559128076e-62  3.48675365271158454e-62
6.338028e-01 -2.07901447385630473e-60 -3.12660516038103023e-60  2.16547783472788438e-61
6.464789e-01  7.63559065985083540e-60  1.49474789683277865e-59 -3.09709773344005804e-60
6.591549e-01 -2.87781557323182406e-60 -2.06171220505488663e-59  1.76641022832106614e-59
6.718310e-01 -1.18751186714830935e-58 -1.49257828568353763e-58 -4.08143035145747454e-59
6.845070e-01  6.16991012417685470e-58  9.96288430242394878e-58 -1.53981969476536622e-58
6.971831e-01 -9.44563490465839397e-58 -2.04630971989840462e-57  1.68828908805271231e-57
7.098592e-01 -4.99290986509605520e-57 -5.65355695799623315e-57 -5.61341119088981925e-57
7.225352e-01  3.28978758169382933e-56  4.84945410907845192e-56 -3.46922702856367202e-57
7.352113e-01 -5.85342422229346858e-56 -1.03631078908095136e-55  1.07783306616063849e-55
7.478873e-01 -1.96529905998838098e-55 -2.20047764138094087e-55 -3.85526712256737513e-55
7.605634e-01  1.32830862353960021e-54  1.85267704182001368e-54 -1.18674770941601195e-55
7.732394e-01 -2.02855996886342887e-54 -3.28825182967124408e-54  5.87858309401426111e-54
7.859155e-01 -7.38418763597148991e-54 -8.57415471535111554e-54 -1.83724786944038676e-53
7.985915e-01  3.92178041358616966e-53  5.19630834739991269e-53 -1.85324269732634197e-53
8.112676e-01 -4.31329443163634899e-53 -6.51949378094243690e-53  2.95576662337883118e-52
8.239437e-01 -1.57883793763086913e-52 -1.72070637313822781e-52 -6.41004997184757196e-52
8.366197e-01  6.36777471014294569e-52  7.38361783681221899e-52 -1.93573548745636327e-51
8.492958e-01 -1.87592072540048114e-51 -2.46540691696095793e-51  1.39127581959231546e-50
8.619718e-01  7.49899216242341216e-51  1.13414883010553962e-50 -1.44875957347869443e-50
8.746479e-01  1.00450302403315188e-50  7.09309099327043451e-51 -1.51553909277325424e-49
8.873239e-01 -2.75772981360494108e-49 -3.58511761854649702e-49  6.61117964865709372e-49
9.000000e-01  6.60873527245286249e-49  9.46458905948978591e-49  5.62276537560108610e-49
9.126761e-01  3.84395086751990548e-48  4.64025364570841446e-48 -1.26759989991645465e-47
9.253521e-01 -1.52848488615710508e-47 -2.05315705848128086e-47  1.27178330008875176e-47
9.380282e-01 -5.31308856374792905e-47 -5.72366610213332291e-47  2.25539320263570012e-46
9.507042e-01  7.55507134324921583e-47  9.93673717432869946e-47 -2.16309860407853549e-46
9.633803e-01  1.80650878566639299e-45  1.96242631208706648e-45 -5.57151959450263821e-45
9.760563e-01  5.67144594060801429e-45  7.43424413443117603e-45 -3.55227948278667809e-45
9.887324e-01 -7.42414039564953522e-44 -8.40124536780275117e-44  1.75480253039004837e-43
1.001408e+00 -2.98702449511910294e-43 -3.86117564917601939e-43  3.54111793637575643e-43
1.014085e+00  2.43568570806117215e-42  2.79156288857260975e-42 -5.34954205854940138e-42
1.026761e+00  1.13295825509466675e-41  1.43836334545319288e-41 -1.65370880181114621e-41
1.039437e+00 -6.30043664282187645e-41 -7.18454277593363344e-41  1.40706343711321956e-40
1.052113e+00 -3.82072362859923917e-40 -4.76275395530522028e-40  6.26790931139242315e-40
1.064789e+00  1.22911196258064813e-39  1.36522797271994153e-39 -2.98792252212482340e-39
1.077465e+00  1.14411376122753874e-38  1.40363861578964893e-38 -2.02999968773812594e-38
1.090141e+00 -1.31703148390788081e-38 -1.28349107624590188e-38  4.32751264670305782e-38
1.102817e+00 -2.93701968376581743e-37 -3.55248313930256921e-37  5.55557160709967887e-37
1.115493e+00 -2.10471268862069224e-37 -3.22774842330208066e-37 -2.77053059578392902e-38
1.128169e+00  6.14703815535444911e-36  7.32267947306324513e-36 -1.24345517911325950e-35
1.140845e+00  1.65429645735994556e-35  2.12288382935025429e-35 -2.36269280767443761e-35
1.153521e+00 -9.44063125218202078e-35 -1.09723087068656152e-34  2.11272330008448911e-34
1.166197e+00 -5.34965294533783200e-34 -6.62426644052716576e-34  9.25916266963042653e-34
1.178873e+00  6.65924041835081548e-34  6.91243752103282232e-34 -2.09220855130015129e-33
1.191549e+00  1.16519232870475988e-32  1.41452630648909873e-32 -2.23093204576917958e-32
1.204225e+00  1.51715394654522945e-32  2.04860514579065489e-32 -1.40121519013088550e-32
1.216901e+00 -1.70504094137634131e-31 -2.02582341173320054e-31  3.62974718951120073e-31
1.229577e+00 -6.84311169840085660e-31 -8.55472983590882307e-31  1.14178735112882368e-30
1.242254e+00  1.11058634152541730e-30  1.22192496839672223e-30 -3.16733557488512804e-30
1.254930e+00  1.39683531404706809e-29  1.70568678741528290e-29 -2.67340284819032241e-29
1.267606e+00  1.95576299496036725e-29  2.58988284870947895e-29 -2.10677192882539378e-29
1.280282e+00 -1.60079747324966745e-28 -1.90699370973296500e-28  3.50821005443884282e-28
1.292958e+00 -7.28937141527479511e-28 -9.07271135834982017e-28  1.27637856450607656e-27
1.305634e+00  2.61432275565100781e-28  2.11396440902151155e-28 -1.46969459018999523e-27
1.318310e+00  1.08894731784655263e-26  1.32615987846165951e-26 -2.19550946205952022e-26
1.330986e+00  2.77635510412326555e-26  3.52281158354778158e-26 -4.33126171601162643e-26
1.343662e+00 -6.19742945317804262e-26 -7.18551315239390280e-26  1.61850339925107548e-25
1.356338e+00 -5.35966737959780759e-25 -6.61213563290025043e-25  1.02938480763003948e-24
1.369014e+00 -8.31036025190713849e-25 -1.07905869709078964e-24  1.07129891514298470e-24
1.381690e+00  3.92517263689779121e-24  4.70357184500889556e-24 -9.12069618415665733e-24
1.394366e+00  2.15941353029187361e-23  2.68798763421097172e-23 -4.02412536857223147e-23
1.407042e+00  2.18415050350903224e-23  2.90873563525149779e-23 -2.05213233976521192e-23
1.419718e+00 -1.69152797873559825e-22 -2.05589515634149374e-22  3.77660438096501799e-22
1.432394e+00 -7.58225110400107903e-22 -9.49653531750683689e-22  1.39573046644280239e-21
1.445070e+00 -6.28968125182750296e-22 -8.46345346850030685e-22  4.83916798784601112e-22
1.457746e+00  5.60146979842307899e-21  6.86199410428097996e-21 -1.24338231843946251e-20
1.470423e+00  2.38100509581766017e-20  2.99421667217896702e-20 -4.41234828759908822e-20
1.483099e+00  2.29794834177242308e-20  3.04387320386352501e-20 -2.36739864529154280e-20
1.495775e+00 -1.43479841658418910e-19 -1.76442737439211252e-19  3.25958209183935645e-19
1.508451e+00 -6.60530808435286670e-19 -8.32987223076316724e-19  1.25239375116149517e-18
1.521127e+00 -8.87782715112928406e-19 -1.15488608538230424e-18  1.23628352552947762e-18
1.533803e+00  2.61030396373293942e-18  3.20160131541705683e-18 -6.36281219223515903e-18
1.546479e+00  1.54153940353871588e-17  1.94848642453227031e-17 -3.02368609505375202e-17
1.559155e+00  2.90006581442387967e-17  3.74067312846385469e-17 -4.76469699168643697e-17
1.571831e+00 -2.26312790386551952e-17 -2.66121099820991021e-17  7.29795868013907653e-17
1.584507e+00 -2.79347530954782260e-16 -3.53475316756592946e-16  5.71838988407313522e-16
1.597183e+00 -7.16039629068184841e-16 -9.21908653627065565e-16  1.28672843641587358e-15
1.609859e+00 -3.46291923088843351e-16 -4.85805962210296588e-16  1.74753865708276963e-16
1.622535e+00  3.56150084285148115e-15  4.47859676122543037e-15 -7.72645620620655844e-15
1.635211e+00  1.27774638254928030e-14  1.64277194489283462e-14 -2.40985342216606200e-14
1.647887e+00  1.54869843697449556e-14  2.06415416226465568e-14 -2.31346800663716436e-14
1.660563e+00 -3.33391591098293739e-14 -4.04450963566359247e-14  7.96868705421165558e-14
1.673239e+00 -1.89255010654647767e-13 -2.40082990545886347e-13  3.64407908499587613e-13
1.685915e+00 -3.18473358215508690e-13 -4.14376990087642216e-13  5.03029091294148028e-13
1.698592e+00  3.93124784592860088e-13  4.65235245367413884e-13 -1.11531995004635615e-12
1.711268e+00  3.70564587336486639e-12  4.63874297466130850e-12 -7.51344763957265159e-12
1.723944e+00  9.75603102226938407e-12  1.22855007745214600e-11 -1.72538091904719589e-11
1.736620e+00  5.56555330870506069e-12  6.84468621930349129e-12 -1.44806441794561342e-12
1.749296e+00 -6.06210272883077906e-11 -7.76734298214418891e-11  1.42544062912083993e-10
1.761972e+00 -2.97898719366120857e-10 -3.79551447621569580e-10  6.08315161575523026e-10
1.774648e+00 -7.64221056845416185e-10 -9.66958667120334488e-10  1.41731361859837237e-09
1.787324e+00 -8.92979005189970263e-10 -1.09434905835461596e-09  1.21767243924890729e-09
1.800000e+00  2.11544146123471283e-09  2.87125688417164970e-09 -5.85274751467243800e-09
1.812676e+00  1.60537584696513093e-08  2.09702062722427963e-08 -3.50159856369009931e-08
1.825352e+00  5.44864402162881858e-08  7.04538767956340519e-08 -1.10187333395197485e-07
1.838028e+00  1.22196892123177938e-07  1.56325130889843409e-07 -2.29912137727861892e-07
1.850704e+00  1.50376953698019323e-07  1.85904647894059276e-07 -2.30707472683591184e-07
1.863380e+00 -1.81043902974131861e-07 -2.64070885865347377e-07  5.68815663010174902e-07
1.876056e+00 -1.78878658438104853e-06 -2.39743803809269487e-06  4.02373726919975800e-06
1.888732e+00 -6.58347099586733344e-06 -8.70613236685868923e-06  1.38191637397691267e-05
1.901408e+00 -1.71940105230044937e-05 -2.25624781369588200e-05  3.45576971070524501e-05
1.914085e+00 -3.38051018990039704e-05 -4.39339635835678572e-05  6.46942049743203006e-05
1.926761e+00 -4.30524659614467959e-05 -5.44541310988849259e-05  7.31027371963875993e-05
1.939437e+00  1.03260661198412347e-05  2.06284857450136086e-05 -5.91921895993682406e-05
1.952113e+00  2.82846388012307839e-04  3.92166023123406780e-04 -6.59005156675261791e-04
1.964789e+00  1.13767657603233317e-03  1.54894142185509390e-03 -2.47143884058601991e-03
1.977465e+00  3.30325166148361798e-03  4.47185672741030361e-03 -6.97329010742007808e-03
1.990141e+00  8.06836367479121450e-03  1.08990348464650128e-02 -1.67544089017801663e-02
2.002817e+00  1.74537341377419171e-02  2.35625339213737933e-02 -3.58473565966826516e-02
2.015493e+00  3.42450678110153353e-02  4.62430486539856661e-02 -6.97790968868096662e-02
2.028169e+00  6.17306885020782528e-02  8.34310644537071960e-02 -1.25038183008710335e-01
2.040845e+00  1.02999207899559242e-01  1.39396559696135236e-01 -2.07676222737402660e-01
2.053521e+00  1.59761340324779039e-01  2.16611786369491160e-01 -3.20974144249081939e-01
2.066197e+00  2.30877407069512569e-01  3.13761556048189727e-01 -4.62526362011043690e-01
2.078873e+00  3.11047204773766850e-01  4.23946804845301728e-01 -6.21632730230938568e-01
2.091549e+00  3.90324843382850450e-01  5.33971346037674488e-01 -7.78297090180134821e-01
2.104225e+00  4.55091119885453921e-01  6.25573712372567869e-01 -9.05090708879804584e-01
2.116901e+00  4.90733396870350058e-01  6.78964503547798359e-01 -9.72416639881374611e-01
2.129577e+00  4.85590389148976509e-01  6.78104509044538339e-01 -9.56371998346819407e-01
2.142254e+00  4.34973433997209946e-01  6.16148678652927773e-01 -8.46924266971194606e-01
2.154930e+00  3.43676974806129076e-01  4.98923183742980669e-01 -6.53260962688812952e-01
2.167606e+00  2.25678396176180657e-01  3.44661371490815605e-01 -4.03620945557423005e-01
2.180282e+00  1.00735068763718710e-01  1.79559116144411390e-01 -1.38799705305529569e-01
2.192958e+00 -1.10744828207577899e-02  3.05103366262031300e-02  9.88387664957252193e-02
2.205634e+00 -9.48206237186960954e-02 -8.22527633411373610e-02  2.76888003865249421e-01
2.218310e+00 -1.44088095198420418e-01 -1.49760699391548541e-01  3.80601428905316896e-01
2.230986e+00 -1.61085326495627124e-01 -1.74563949299642196e-01  4.14084437223811885e-01
2.243662e+00 -1.53850262290868650e-01 -1.67077203962887666e-01  3.95241899969491217e-01
2.256338e+00 -1.32123265011773461e-01 -1.40093115142169627e-01  3.47406869394309370e-01
2.269014e+00 -1.03752988513833314e-01 -1.03968273862173652e-01  2.91550918997492747e-01
2.281690e+00 -7.28371598609059007e-02 -6.41085096707597751e-02  2.41911181177181661e-01
2.294366e+00 -3.97266666040957533e-02 -2.09414477199350475e-02  2.05619910616836071e-01
2.307042e+00 -2.24502424581374043e-03  2.84835326554673252e-02  1.84917453062088483e-01
2.319718e+00  4.26499807409629339e-02  8.82994327232972387e-02  1.79804381964371901e-01
2.332394e+00  9.72007017664861667e-02  1.61609295871388031e-01  1.89605827831754392e-01
2.345070e+00  1.61304598711721314e-01  2.48412547440271997e-01  2.13139271203440256e-01
2.357746e+00  2.31242278543366986e-01  3.43866418436497401e-01  2.48123340561276384e-01
2.370423e+00  2.99105440909042952e-01  4.37459215098348508e-01  2.90718933049805006e-01
2.383099e+00  3.53494617076782591e-01  5.13878712516320113e-01  3.35780414741927824e-01
2.395775e+00  3.81773300421410833e-01  5.55986825814073993e-01  3.77874221436714064e-01
2.408451e+00  3.73506161162255268e-01  5.49424317902569737e-01  4.12669016855290338e-01
2.421127e+00  3.24034487634045798e-01  4.87451112886221505e-01  4.38037512176654875e-01
2.433803e+00  2.36859612661202507e-01  3.74231300992641736e-01  4.54214711294809226e-01
2.446479e+00  1.23810474793017461e-01  2.25166013698755885e-01  4.62706452112048305e-01
2.459155e+00  2.75155572374055678e-03  6.39163193249642630e-02  4.64285860746054491e-01
2.471831e+00 -1.06502836025875194e-01 -8.30172054883727417e-02  4.57064662071033800e-01
2.484507e+00 -1.86765821083403449e-01 -1.92424265636069514e-01  4.35852894661162893e-01
2.497183e+00 -2.27151003281984065e-01 -2.49348286535148400e-01  3.93554797050664096e-01
2.509859e+00 -2.24893377693286212e-01 -2.49598458770763670e-01  3.24332034489327070e-01
2.522535e+00 -1.85091452815410784e-01 -1.99491121682116801e-01  2.27226029408214264e-01
2.535211e+00 -1.18774395274471256e-01 -1.13348054985350888e-01  1.08476629402004351e-01
2.547887e+00 -4.00115721829362864e-02 -9.69835118541876283e-03 -1.87833446731738053e-02
2.560563e+00  3.71973084948858668e-02  9.28440380862203957e-02 -1.37620270224666691e-01
2.573239e+00  1.01616660386177421e-01  1.79189683515329407e-01 -2.32050274452575395e-01
2.585915e+00  1.46540965899945419e-01  2.40181609473340746e-01 -2.91560946853782588e-01
2.598592e+00  1.70303180574465279e-01  2.73342814234294018e-01 -3.13672418584053647e-01
2.611268e+00  1.75520331264233581e-01  2.81930268104262971e-01 -3.03764853549041924e-01
2.623944e+00  1.67472797142148661e-01  2.72807731765825512e-01 -2.72627159911081940e-01
2.636620e+00  1.52280433300237439e-01  2.54022558147599997e-01 -2.33035221104148677e-01
2.649296e+00  1.35486126999286388e-01  2.32912566902850837e-01 -1.96764371302924984e-01
2.661972e+00  1.21315660286242299e-01  2.15111917607462511e-01 -1.72850950077553772e-01
2.674648e+00  1.12488907301028632e-01  2.04291158177320881e-01 -1.67074094888596786e-01
2.687324e+00  1.10261213893887017e-01  2.02199303654967633e-01 -1.82033454055709309e-01
2.700000e+00  1.14447500323552775e-01  2.08675706131658090e-01 -2.17132335361391621e-01
2.712676e+00  1.23399581389119592e-01  2.21595632456570324e-01 -2.68181146870838882e-01
2.725352e+00  1.34081685345186719e-01  2.36949476746222604e-01 -3.26905322957783295e-01
2.738028e+00  1.42415058408687567e-01  2.49288841588025445e-01 -3.81020985837413617e-01
2.750704e+00  1.43956049553184640e-01  2.52627267230192465e-01 -4.15511939912994732e-01
2.763380e+00  1.34813651376717830e-01  2.41669842064625190e-01 -4.15300119928280975e-01
2.776056e+00  1.12579543161739085e-01  2.13068131119331428e-01 -3.68837355507158182e-01
2.788732e+00  7.69878011458283162e-02  1.66321472536030662e-01 -2.71559265039503950e-01
2.801408e+00  3.00734444209749471e-02  1.04012385314470754e-01 -1.27934133342075818e-01
2.814085e+00 -2.42392593657958962e-02  3.12769633693633572e-02  4.88153422610843532e-02
2.826761e+00 -8.09682954648800884e-02 -4.52948375760172661e-02  2.39414778384692689e-01
2.839437e+00 -1.35004577955128213e-01 -1.18900764333840017e-01  4.22803769224679382e-01
2.852113e+00 -1.81808422823588306e-01 -1.83457301489149044e-01  5.80485977647611229e-01
2.864789e+00 -2.17709125706445433e-01 -2.33994639196530158e-01  6.99547021100458855e-01
2.877465e+00 -2.39901457744125579e-01 -2.66640689122932928e-01  7.73635807499171602e-01
2.890141e+00 -2.46405169375531669e-01 -2.78561238992429572e-01  8.02168166167003482e-01
2.902817e+00 -2.36217955598116425e-01 -2.68180194414381290e-01  7.88695737144592623e-01
2.915493e+00 -2.09669206186058055e-01 -2.35695068681955777e-01  7.39452842243198960e-01
2.928169e+00 -1.68731533442064013e-01 -1.83546971928165575e-01  6.62596664040022709e-01
2.940845e+00 -1.16959446347439003e-01 -1.16371623100659988e-01  5.67959818361473245e-01
2.953521e+00 -5.88822470262531372e-02 -4.01759997595592458e-02  4.66683024987349482e-01
2.966197e+00  1.00533622909204320e-03  3.90600661085388975e-02  3.70147497639081613e-01
2.978873e+00  5.92342917301857813e-02  1.16753315896767906e-01  2.88126814360175176e-01
2.991549e+00  1.13854460678970454e-01  1.90369377255194622e-01  2.26709237958069548e-01
3.004225e+00  1.64157084227198269e-01  2.58986572530549519e-01  1.86907541196091320e-01
3.016901e+00  2.09728552183822498e-01  3.21960346637398531e-01  1.64718643313178342e-01
3.029577e+00  2.49296735353071480e-01  3.77384262368976431e-01  1.52758614822779804e-01
3.042254e+00  2.80002473912945415e-01  4.21224036799754287e-01  1.42817863093787745e-01
3.054930e+00  2.97613003826932010e-01  4.47743510207354922e-01  1.28219219995782258e-01
3.067606e+00  2.97802043844017650e-01  4.51244628358492716e-01  1.05022916524474666e-01
3.080282e+00  2.78084981389968733e-01  4.28474181940550480e-01  7.18337667545141528e-02
3.092958e+00  2.39551138868999342e-01  3.80628760780536257e-01  2.87895457391209621e-02
3.105634e+00  1.87437446266278340e-01  3.13944705418201297e-01 -2.32834740030098339e-02
3.118310e+00  1.29987809984307034e-01  2.38409053432996676e-01 -8.28328334942716044e-02
3.130986e+00  7.58459358755416424e-02  1.64947305623098922e-01 -1.46701790640018953e-01
3.143662e+00  3.10701267229193424e-02  1.02161053641640048e-01 -2.09178360478686515e-01
3.156338e+00 -2.75557824093573475e-03  5.39567598397083306e-02 -2.61945374562867039e-01
3.169014e+00 -2.82399645923570100e-02  1.90819563370631939e-02 -2.95456851881195581e-01
3.181690e+00 -4.97493580395347926e-02 -7.19758268859990117e-03 -3.01454796981981299e-01
3.194366e+00 -7.00530241520612301e-02 -2.99386529619390697e-02 -2.75673373594559734e-01
3.207042e+00 -8.78894884125133863e-02 -5.11593606202898413e-02 -2.19633784082918365e-01
3.219718e+00 -9.78496892277532226e-02 -6.76752384335940482e-02 -1.40835667697283756e-01
3.232394e+00 -9.26880508295173933e-02 -7.11499686738512466e-02 -5.12970131480135413e-02
3.245070e+00 -6.68236020756905191e-02 -5.06605898842512406e-02  3.50909928803143228e-02
3.257746e+00 -1.92200597543458682e-02  2.76942242519153531e-03  1.05724524875695156e-01
3.270423e+00  4.56440668694557475e-02  9.10137765715527958e-02  1.52307623218253196e-01
3.283099e+00  1.18810796456113490e-01  2.04966734882104262e-01  1.73105245429130888e-01
3.295775e+00  1.88960006672753533e-01  3.23901368063112205e-01  1.73777514842478720e-01
3.308451e+00  2.44481730847228573e-01  4.19287711453098622e-01  1.66235902295942289e-01
3.321127e+00  2.74972615606807191e-01  4.62739509594938092e-01  1.65408186017214826e-01
3.333803e+00  2.72416778143764360e-01  4.35814149644541626e-01  1.84612050938708389e-01
3.346479e+00  2.32611730819362705e-01  3.37963193544046692e-01  2.31054480738625750e-01
3.359155e+00  1.56979817897218599e-01  1.88968503717673431e-01  3.03236446999088638e-01
3.371831e+00  5.41383064563126029e-02  2.40542083891696137e-02  3.91410179047924633e-01
3.384507e+00 -5.98600646608210205e-02 -1.17107034618974190e-01  4.80917694404375151e-01
3.397183e+00 -1.63438607487834925e-01 -2.03507727840071734e-01  5.56934405394793219e-01
3.409859e+00 -2.33500464239410260e-01 -2.22989906109243435e-01  6.08600267018635899e-01
3.422535e+00 -2.50498066211996273e-01 -1.85677258142844775e-01  6.31032174823865422e-01
3.435211e+00 -2.03052454831363333e-01 -1.19716677105501809e-01  6.24912461037542832e-01
3.447887e+00 -9.08197902750452479e-02 -6.14724875990083838e-02  5.94492429637251019e-01
3.460563e+00  7.49919870633462687e-02 -4.41611598751388210e-02  5.45316962411067752e-01
3.473239e+00  2.73302582868670152e-01 -8.88711084778429361e-02  4.82647422221547995e-01
3.485915e+00  4.76447994681401199e-01 -2.00331911704906607e-01  4.10812849729214447e-01
3.498592e+00  6.54436490061251708e-01 -3.67675465978902827e-01  3.33102999385503640e-01
3.511268e+00  7.79634786448542227e-01 -5.68782603076706139e-01  2.51676814749103139e-01
3.523944e+00  8.31343807200538909e-01 -7.76164345781313103e-01  1.67265526529196823e-01
3.536620e+00  7.99543449573138498e-01 -9.62602029110748103e-01  7.88897487638573619e-02
3.549296e+00  6.86928745121294759e-01 -1.10549021783427803e+00 -1.59581164655503774e-02
3.561972e+00  5.08517652512759710e-01 -1.18950872199112156e+00 -1.20350253488202441e-01
3.574648e+00  2.88692998604325735e-01 -1.20767702374995634e+00 -2.36275668819035362e-01
3.587324e+00  5.63355342982845911e-02 -1.16106961824338817e+00 -3.62844960420824147e-01
3.600000e+00 -1.60696152673937831e-01 -1.05762252673648116e+00 -4.95096946643633462e-01
3.612676e+00 -3.40388369478631214e-01 -9.10552994559898465e-01 -6.24019559107332089e-01
3.625352e+00 -4.69745233109046922e-01 -7.36839057063497727e-01 -7.37967171365586205e-01
3.638028e+00 -5.45954745443336442e-01 -5.55901543689475308e-01 -8.25123729218439683e-01
3.650704e+00 -5.75655236977399065e-01 -3.88234102597120045e-01 -8.76250509377761944e-01
3.663380e+00 -5.72625262479108499e-01 -2.53531012239711639e-01 -8.86828114894587238e-01
3.676056e+00 -5.54314898892974472e-01 -1.68092549009324854e-01 -8.57894470273430021e-01
3.688732e+00 -5.37794113112994632e-01 -1.41874562801758169e-01 -7.95320465394916409e-01
3.701408e+00 -5.35932854809017090e-01 -1.76119503395134019e-01 -7.07805725027776611e-01
3.714085e+00 -5.54754087439610855e-01 -2.62624965878062111e-01 -6.04342532092997820e-01
3.726761e+00 -5.92681730405023699e-01 -3.85196135817083285e-01 -4.92117443899474760e-01
3.739437e+00 -6.41804274357014037e-01 -5.22926204656227078e-01 -3.75681223932110842e-01
3.752113e+00 -6.90542543625283334e-01 -6.54166959779772461e-01 -2.57715665001095162e-01
3.764789e+00 -7.26641882284517093e-01 -7.59848818959982131e-01 -1.41019355321382905e-01
3.777465e+00 -7.39474580468270859e-01 -8.25293061143763773e-01 -3.07200095436868138e-02
3.790141e+00 -7.21188618539834181e-01 -8.40522809431217044e-01  6.44902383765187659e-02
3.802817e+00 -6.66930663662095635e-01 -7.99806807568438138e-01  1.32956531865733002e-01
3.815493e+00 -5.74789685050826060e-01 -7.01358980259576992e-01  1.62581911205984725e-01
3.828169e+00 -4.46029985427576103e-01 -5.47713909679701572e-01  1.44488791684733248e-01
3.840845e+00 -2.85709228741473698e-01 -3.46603352026790934e-01  7.65015538048733484e-02
3.853521e+00 -1.03249416106848096e-01 -1.11613389863380347e-01 -3.48583127318734531e-02
3.866197e+00  8.77014487728108999e-02  1.38186577973141378e-01 -1.74648414042345657e-01
3.878873e+00  2.70570428432378052e-01  3.80071994369758803e-01 -3.22058660550521181e-01
3.891549e+00  4.28266195495375923e-01  5.90775408531576396e-01 -4.54535734547263981e-01
3.904225e+00  5.46121868951718215e-01  7.50199901516694134e-01 -5.52355896833719440e-01
3.916901e+00  6.14552451702144342e-01  8.44825127550616894e-01 -6.02470666006479361e-01
3.929577e+00  6.30690002951377005e-01  8.69963366319632336e-01 -6.00707152627516061e-01
3.942254e+00  5.98581971769421295e-01  8.30283263188577036e-01 -5.51863499320621287e-01
3.954930e+00  5.27936512002949998e-01  7.38393375319845058e-01 -4.67786886723454642e-01
3.967606e+00  4.31760420508363885e-01  6.11741094606872093e-01 -3.64042933008343839e-01
3.980282e+00  3.23512855958956735e-01  4.68590571933801603e-01 -2.56153060119252762e-01
3.992958e+00  2.14549211252370892e-01  3.24242422051710499e-01 -1.56464401698526323e-01
4.005634e+00  1.12578905943161903e-01  1.88708791019862876e-01 -7.24607287087090379e-02
4.018310e+00  2.15470444315003645e-02  6.65961382805402152e-02 -6.78603729422655802e-03
4.030986e+00 -5.71759673412062935e-02 -4.09330182309939963e-02  4.13652626841546564e-02
4.043662e+00 -1.22945594737619554e-01 -1.33171038327650343e-01  7.42796423160998059e-02
4.056338e+00 -1.74252639037396490e-01 -2.07384992893721337e-01  9.40503338064026251e-02
4.069014e+00 -2.08149491538342113e-01 -2.58135838496448111e-01  1.01792670176038116e-01
4.081690e+00 -2.20935345323339916e-01 -2.78802637845485035e-01  9.78690823092074752e-02
4.094366e+00 -2.09744145370250851e-01 -2.64630531352131326e-01  8.28086585625685961e-02
4.107042e+00 -1.74304982006633163e-01 -2.15868841580615811e-01  5.83815949163044925e-02
4.119718e+00 -1.18142129636192139e-01 -1.39495888255983691e-01  2.83092306051149871e-02
4.132394e+00 -4.87724838414385631e-02 -4.86389590295407195e-02 -1.72072507938818937e-03
4.145070e+00  2.31680971276097374e-02  4.02192491089738216e-02 -2.48098660437710943e-02
4.157746e+00  8.56572976740280212e-02  1.11244405988234832e-01 -3.42009058177650260e-02
4.170423e+00  1.27520490266110953e-01  1.52991878435136647e-01 -2.48436188470501050e-02
4.183099e+00  1.40739938841111134e-01  1.60553131858546833e-01  5.31848476425103751e-03
4.195775e+00  1.22363961441366451e-01  1.35445679670627900e-01  5.47786819138693579e-02
4.208451e+00  7.55387148532265379e-02  8.35042918071703111e-02  1.18798577055989688e-01
4.221127e+00  9.30821802611661239e-03  1.18186707297637528e-02  1.90450825700301113e-01
4.233803e+00 -6.28868127759467099e-02 -7.39113723675000889e-02  2.61879407361779337e-01
4.246479e+00 -1.25708344841308078e-01 -1.70504607769809358e-01  3.25243440507874904e-01
4.259155e+00 -1.64815979267816465e-01 -2.76554551126552917e-01  3.73086270147990173e-01
4.271831e+00 -1.69470306724644998e-01 -3.90326895901033311e-01  3.98309634544950941e-01
4.284507e+00 -1.34315860560227318e-01 -5.07416969737917611e-01  3.94254448179857109e-01
4.297183e+00 -6.01143512913666009e-02 -6.19371257905518724e-01  3.55373233068805416e-01
4.309859e+00  4.65174410283644424e-02 -7.14039739008829333e-01  2.78612199600051458e-01
4.322535e+00  1.74153010732025160e-01 -7.77692707498768843e-01  1.65114133222248105e-01
4.335211e+00  3.08149135107298133e-01 -7.98232371446334632e-01  2.15062071207479805e-02
4.347887e+00  4.32589997703755225e-01 -7.68423950342420281e-01 -1.39947265533801213e-01
4.360563e+00  5.32404383794456093e-01 -6.88076499523546992e-01 -3.02673832263354592e-01
4.373239e+00  5.95441011455460134e-01 -5.64471060749897613e-01 -4.48409682984967362e-01
4.385915e+00  6.14221291954219373e-01 -4.10907170613485417e-01 -5.60450859835233239e-01
4.398592e+00  5.87053532318299487e-01 -2.43825161337841934e-01 -6.26681246512098333e-01
4.411268e+00  5.18239135896811365e-01 -7.93827979067931455e-02 -6.41607677385279462e-01
4.423944e+00  4.17245954765828819e-01  6.95063843830474315e-02 -6.06937441447834680e-01
4.436620e+00  2.96941706632767422e-01  1.94871281267475660e-01 -5.30633300010002973e-01
4.449296e+00  1.71214041744127993e-01  2.93787101320197197e-01 -4.24760924284950991e-01
4.461972e+00  5.24805843976292041e-02  3.67116188230956375e-01 -3.02716208395445108e-01
4.474648e+00 -5.03539318849353032e-02  4.17550799694103580e-01 -1.76528469566561930e-01
4.487324e+00 -1.33039256821663565e-01  4.47760840721743492e-01 -5.48599829032818537e-02
4.500000e+00 -1.96007112011862550e-01  4.59260619267865378e-01  5.79094831155357107e-02
4.512676e+00 -2.43378428228174931e-01  4.52214035806690173e-01  1.61436825861602823e-01
4.525352e+00 -2.81310310806875352e-01  4.26003111689675418e-01  2.58226451746423558e-01
4.538028e+00 -3.16171948098800226e-01  3.80167401352134449e-01  3.51910602398447570e-01
4.550704e+00 -3.52990117395090341e-01  3.15337800804070145e-01  4.45473808045250053e-01
4.563380e+00 -3.94418064831796256e-01  2.33956631537181992e-01  5.39841312485203506e-01
4.576056e+00 -4.40260845076604290e-01  1.40744726611489429e-01  6.33122200353023357e-01
4.588732e+00 -4.87450092452078654e-01  4.29270482335332298e-02  7.20635123757535467e-01
4.601408e+00 -5.30358408398660441e-01 -4.98486064803046816e-02  7.95675386654273176e-01
4.614085e+00 -5.61440105931664268e-01 -1.26072199904535526e-01  8.50827955335994868e-01
4.626761e+00 -5.72271408849723606e-01 -1.73589992788730274e-01  8.79517387132071282e-01
4.639437e+00 -5.55032666557768617e-01 -1.81497383182960492e-01  8.77441061975896219e-01
4.652113e+00 -5.04301877965257273e-01 -1.42437932351860502e-01  8.43572237849167128e-01
4.664789e+00 -4.18794749661557109e-01 -5.47693760779860706e-02  7.80532811229911805e-01
4.677465e+00 -3.02535510096001492e-01  7.60555757315722336e-02  6.94284633732133671e-01
4.690141e+00 -1.64990777299363400e-01  2.37426787864796762e-01  5.93227855238617208e-01
4.702817e+00 -1.99597986965262611e-02  4.11044251825957274e-01  4.86895177623709541e-01
4.715493e+00  1.16610671704178409e-01  5.75713108038102939e-01  3.84486445277823274e-01
4.728169e+00  2.29384870611573227e-01  7.10892041276037334e-01  2.93507247001352778e-01
4.740845e+00  3.06302826901724723e-01  8.00202107042078725e-01  2.18762513644835510e-01
4.753521e+00  3.40530624563174233e-01  8.34094554149241385e-01  1.61902376180805663e-01
4.766197e+00  3.31289889168513041e-01  8.11078842250811283e-01  1.21610177615238055e-01
4.778873e+00  2.83457084159310202e-01  7.37276223518646079e-01  9.43675550767856253e-02
4.791549e+00  2.06119058964571500e-01  6.24498760231718020e-01  7.55690441856796957e-02
4.804225e+00  1.10505113360186438e-01  4.87438911663638563e-01  6.06545807191552211e-02
4.816901e+00  7.84212904747628829e-03  3.40769183920518193e-01  4.59411637492759747e-02
4.829577e+00 -9.23382280941052735e-02  1.96912554028913278e-01  2.89764284623220125e-02
4.842254e+00 -1.83085099647548988e-01  6.49527460769681875e-02  8.45219514004216105e-03
4.854930e+00 -2.60042864227952475e-01 -4.92898482563082010e-02 -1.60974325008103776e-02
4.867606e+00 -3.20838985373155861e-01 -1.42412170723151571e-01 -4.45299301573605089e-02
4.880282e+00 -3.64287866293481255e-01 -2.12434139571571201e-01 -7.60823261722591432e-02
4.892958e+00 -3.89850216758721224e-01 -2.58218438804035333e-01 -1.09151761465258956e-01
4.905634e+00 -3.97585866915942165e-01 -2.79561444372942891e-01 -1.41111290706042503e-01
4.918310e+00 -3.88539039987530421e-01 -2.77810166701955241e-01 -1.68469399039220813e-01
4.930986e+00 -3.65245728073744502e-01 -2.56548360145309184e-01 -1.87553439830057789e-01
4.943662e+00 -3.31967323942705228e-01 -2.21810634724914524e-01 -1.95627399746499925e-01
4.956338e+00 -2.94359714291623109e-01 -1.81457045457047633e-01 -1.92080321686492472e-01
4.969014e+00 -2.58520149581618008e-01 -1.43692557435647961e-01 -1.79191732577873908e-01
4.981690e+00 -2.29608625354241092e-01 -1.15097810769145048e-01 -1.62073008832587739e-01
4.994366e+00 -2.10421941327677997e-01 -9.87956096885166390e-02 -1.47665891563129814e-01
5.007042e+00 -2.00359056884889225e-01 -9.34091458525805329e-02 -1.43027157284395579e-01
5.019718e+00 -1.95153118731546976e-01 -9.32567886268575036e-02 -1.53392805854814768e-01
5.032394e+00 -1.87579763118331605e-01 -8.98460314351684775e-02 -1.80595198725957917e-01
5.045070e+00 -1.69111939098566477e-01 -7.43069102311991747e-02 -2.22289538875290987e-01
5.057746e+00 -1.32218409822304900e-01 -4.00854179569552632e-02 -2.72198213841936987e-01
5.070423e+00 -7.27598547531619760e-02  1.48946495663777462e-02 -3.21303823633967867e-01
5.083099e+00  8.19047691885977681e-03  8.72611826684793201e-02 -3.59700061027717677e-01
5.095775e+00  1.03705993058142376e-01  1.68737682495580105e-01 -3.78686224485553224e-01
5.108451e+00  2.01862744407278277e-01  2.48081813991455458e-01 -3.72666273403463311e-01
5.121127e+00  2.87970729646113754e-01  3.13880007968814989e-01 -3.40466548850269113e-01
5.133803e+00  3.47619853011784496e-01  3.57393511250572893e-01 -2.85797689887303918e-01
5.146479e+00  3.69711009964495796e-01  3.74628624722495474e-01 -2.16743363175764675e-01
5.159155e+00  3.48655690079145042e-01  3.67043787190941051e-01 -1.44347749514717016e-01
5.171831e+00  2.85217278248013406e-01  3.40738841257315739e-01 -8.05682633075582022e-02
5.184507e+00  1.85913821193705059e-01  3.04452236717163538e-01 -3.60155297971030824e-02
5.197183e+00  6.13278783435398309e-02  2.67049806989679006e-01 -1.79698358307947767e-02
5.209859e+00 -7.60788057065469869e-02  2.35297441561771348e-01 -2.91099164804449612e-02
5.222535e+00 -2.14034564691335943e-01  2.12541204901223774e-01 -6.72205404389401573e-02
5.235211e+00 -3.41984909807285964e-01  1.98553930859676098e-01 -1.25905130358094142e-01
5.247887e+00 -4.51922912698113688e-01  1.90400171064453727e-01 -1.96089233872636437e-01
5.260563e+00 -5.38602801421283139e-01  1.83876620518181072e-01 -2.67928851335928753e-01
5.273239e+00 -5.99336863638978867e-01  1.74993909984366064e-01 -3.32676417232357524e-01
5.285915e+00 -6.33576817792001590e-01  1.61074055628535800e-01 -3.84110887432727366e-01
5.298592e+00 -6.42415627651247823e-01  1.41262191288636402e-01 -4.19278883422329551e-01
5.311268e+00 -6.28081540349079148e-01  1.16477806010352888e-01 -4.38475886680494142e-01
5.323944e+00 -5.93471100912693950e-01  8.89728078578271853e-02 -4.44572735238794758e-01
5.336620e+00 -5.41774258669463271e-01  6.16962086959493769e-02 -4.41924000358460689e-01
5.349296e+00 -4.76246090435165970e-01  3.76219996196879083e-02 -4.35155883988606329e-01
5.361972e+00 -4.00146569426654108e-01  1.91376580700826186e-02 -4.28114433300264441e-01
5.374648e+00 -3.16805357173428670e-01  7.56037555384221020e-03 -4.23172468398639978e-01
5.387324e+00 -2.29707158048671450e-01  2.85166830457547630e-03 -4.20975639464795381e-01
5.400000e+00 -1.42475014957857471e-01  3.60847229532991563e-03 -4.20592634650124808e-01
5.412676e+00 -5.86715155508980013e-02  7.38186168595468106e-03 -4.19953995418158366e-01
5.425352e+00  1.85755608632422464e-02  1.12972109230630498e-02 -4.16432683334582443e-01
5.438028e+00  8.70259358543648276e-02  1.28429685641523426e-02 -4.07431238761099657e-01
5.450704e+00  1.45705764291949841e-01  1.06077761440520613e-02 -3.90875902325676927e-01
5.463380e+00  1.95062992228822729e-01  4.72634540607695663e-03 -3.65558049544787156e-01
5.476056e+00  2.36806213010436944e-01 -3.13572225859021832e-03 -3.31297278878197932e-01
5.488732e+00  2.73425215099351804e-01 -1.02887385439179632e-02 -2.88927688656705484e-01
5.501408e+00  3.07488380699272146e-01 -1.38900327042795514e-02 -2.40132224123895677e-01
5.514085e+00  3.40886478512693214e-01 -1.19331150080631710e-02 -1.87169909400871248e-01
5.526761e+00  3.74221752948235786e-01 -4.06789414838167919e-03 -1.32553694215835349e-01
5.539437e+00  4.06514641285197709e-01  7.98977476383591623e-03 -7.87382103882681844e-02
5.552113e+00  4.35322865927115388e-01  2.05898568741502350e-02 -2.78660012756974419e-02
5.564789e+00  4.57259936260859035e-01  2.88102093049783792e-02  1.83987083033886091e-02
5.577465e+00  4.68793242013160971e-01  2.75025299189225157e-02  5.89420063085256477e-02
5.590141e+00  4.67126768228539657e-01  1.24771803755097371e-02  9.31911208569312227e-02
5.602817e+00  4.50950714585817647e-01 -1.84582349899623452e-02  1.21050369843996322e-01
5.615493e+00  4.20874930943200720e-01 -6.48625350746781792e-02  1.42812541366876572e-01
5.628169e+00  3.79444165593851856e-01 -1.23588130769995613e-01  1.59069702767507509e-01
5.640845e+00  3.30737894874672145e-01 -1.89293735383605777e-01  1.70632850141132164e-01
5.653521e+00  2.79657884277744073e-01 -2.55417528286784212e-01  1.78453516519702288e-01
5.666197e+00  2.31076632055532166e-01 -3.15372834756819487e-01  1.83531883783460026e-01
5.678873e+00  1.89042394659528101e-01 -3.63683032828691355e-01  1.86802264436288362e-01
5.691549e+00  1.56208204574346476e-01 -3.96806064091736577e-01  1.89007216345285195e-01
5.704225e+00  1.33584374308469117e-01 -4.13497065162345190e-01  1.90595357832721163e-01
5.716901e+00  1.20628297970177628e-01 -4.14685926647928194e-01  1.91689354360264158e-01
5.729577e+00  1.15606873494859541e-01 -4.02964550646060016e-01  1.92157899815814243e-01
5.742254e+00  1.16115449424017012e-01 -3.81854171995538949e-01  1.91789366387178528e-01
5.754930e+00  1.19622019194484078e-01 -3.55042469577668884e-01  1.90519329921595731e-01
5.767606e+00  1.23923817916039472e-01 -3.25749399773664683e-01  1.88630843082466720e-01
5.780282e+00  1.27444232104082289e-01 -2.96319831819367607e-01  1.86843130179022654e-01
5.792958e+00  1.29346156304951526e-01 -2.68074054374182913e-01  1.86236601235920091e-01
5.805634e+00  1.29480018958980203e-01 -2.41392001867833578e-01  1.88019227497170094e-01
5.818310e+00  1.28211753444070264e-01 -2.15970603917686799e-01  1.93199395929551931e-01
5.830986e+00  1.26185526531657793e-01 -1.91173796113638744e-01  2.02269219053395954e-01
5.843662e+00  1.24071751372195255e-01 -1.66386826304469104e-01  2.15003931356327588e-01
5.856338e+00  1.22340331593485521e-01 -1.41290068222669707e-01  2.30446555630846317e-01
5.869014e+00  1.21089470022907056e-01 -1.15987358624274492e-01  2.47086906899343289e-01
5.881690e+00  1.19954624462835543e-01 -9.09639210259605008e-02  2.63183330962565964e-01
5.894366e+00  1.18117370708577196e-01 -6.69037847819898002e-02  2.77135952362757509e-01
5.907042e+00  1.14423920313135988e-01 -4.44477783467438700e-02  2.87812991078280678e-01
5.919718e+00  1.07603984161978875e-01 -2.39960498648207343e-02  2.94754702728405427e-01
5.932394e+00  9.65555757368087159e-02 -5.63765367795892886e-03  2.98220124709930423e-01
5.945070e+00  8.06398792980951434e-02  1.07702959796042563e-02  2.99084240854679717e-01
5.957746e+00  5.99230292642629336e-02  2.54219061571200958e-02  2.98625071309870316e-01
5.970423e+00  3.53125852415395944e-02  3.83730570873255239e-02  2.98256020188093052e-01
5.983099e+00  8.55992375387091761e-03  4.94325789280703268e-02  2.99259401418735083e-01
5.995775e+00 -1.78757556672005935e-02  5.81762715968522914e-02  3.02566897744535712e-01
6.008451e+00 -4.10891104613805222e-02  6.40637475667775735e-02  3.08617015589291499e-01
6.021127e+00 -5.80929532886354794e-02  6.65949007135611115e-02  3.17302672184451739e-01
6.033803e+00 -6.62500560077501355e-02  6.54378190802371862e-02  3.28006787273327494e-01
6.046479e+00 -6.37171438593173989e-02  6.04882077727532455e-02  3.39711629589545261e-01
6.059155e+00 -4.98217155509135395e-02  5.18602200289048770e-02  3.51158978879433370e-01
6.071831e+00 -2.52800973108747440e-02  3.98377995568156562e-02  3.61032682278665473e-01
6.084507e+00  7.81802443186927279e-03  2.48238638815519996e-02  3.68132986939826268e-01
6.097183e+00  4.62825053451214816e-02  7.31516437932589695e-03  3.71513879079436171e-01
6.109859e+00  8.63068157225565513e-02 -1.20867141126373735e-02  3.70561620343163700e-01
6.122535e+00  1.24055876076421795e-01 -3.26348069389984924e-02  3.65004998466506414e-01
6.135211e+00  1.56224475699328458e-01 -5.33863316558206638e-02  3.54863664392846778e-01
6.147887e+00  1.80451978687123704e-01 -7.31695775815688065e-02  3.40356127456493907e-01
6.160563e+00  1.95530340040970585e-01 -9.05955785439878786e-02  3.21798357693385162e-01
6.173239e+00  2.01401143675866895e-01 -1.04133360257732857e-01  2.99523666167740066e-01
6.185915e+00  1.98980879179136122e-01 -1.12251113803721034e-01  2.73844154092457270e-01
6.198592e+00  1.89873147583618729e-01 -1.13606432158466789e-01  2.45057232746895531e-01
6.211268e+00  1.76027325495935305e-01 -1.07253499418256640e-01  2.13484073359930721e-01
6.223944e+00  1.59396853671446015e-01 -9.28281936416661957e-02  1.79516804842049654e-01
6.236620e+00  1.41644456482330455e-01 -7.06733466556730139e-02  1.43651237021833550e-01
6.249296e+00  1.23935833310829746e-01 -4.18733600950296353e-02  1.06490836272181769e-01
6.261972e+00  1.06852285861418955e-01 -8.17861154437725564e-03  6.87208904490409639e-02
6.274648e+00  9.04326713440958968e-02  2.81833936695016565e-02  3.10631801105544607e-02
6.287324e+00  7.43283845427918921e-02  6.47903960783997313e-02 -5.77352824165187472e-03
6.300000e+00  5.80294504056710417e-02  9.93557208848968448e-02 -4.11343769044299132e-02
6.312676e+00  4.11038287931386886e-02  1.30040926666306345e-01 -7.44456255771122760e-02
6.325352e+00  2.33907146855615901e-02  1.55681213648925121e-01 -1.05231532879218825e-01
6.338028e+00  5.10184240052518733e-03  1.75871666969508567e-01 -1.33128964864775184e-01
6.350704e+00 -1.31913208383004302e-02  1.90897451902858117e-01 -1.57906498562963432e-01
6.363380e+00 -3.06777192612426447e-02  2.01531485276229105e-01 -1.79488537362278017e-01
6.376056e+00 -4.64998914340741254e-02  2.08755103901891947e-01 -1.97977353058901212e-01
6.388732e+00 -5.99664385070037761e-02  2.13471978583103322e-01 -2.13661360567564185e-01
6.401408e+00 -7.07246464552533649e-02  2.16281615279619754e-01 -2.26999117188485089e-01
6.414085e+00 -7.88457594796606598e-02  2.17360226734683609e-01 -2.38575189179990876e-01
6.426761e+00 -8.48013708360969010e-02  2.16469332409144954e-01 -2.49032946085153056e-01
6.439437e+00 -8.93412336135184504e-02  2.13081898882512860e-01 -2.58996455627896305e-01
6.452113e+00 -9.33095082412302851e-02  2.06588069022881543e-01 -2.68996251976190592e-01
6.464789e+00 -9.74496267576574066e-02  1.96524011069309973e-01 -2.79411670107905963e-01
6.477465e+00 -1.02245345581587155e-01  1.82763743238119558e-01 -2.90437648611956867e-01
6.490141e+00 -1.07831103188834460e-01  1.65626568960080017e-01 -3.02078834615670311e-01
6.502817e+00 -1.13985183738696733e-01  1.45877675146865921e-01 -3.14169763148364700e-01
6.515493e+00 -1.20200108887487223e-01  1.24627781553012115e-01 -3.26416710731724291e-01
6.528169e+00 -1.25809413338919762e-01  1.03160580248561173e-01 -3.38453927448965908e-01
6.540845e+00 -1.30140186466822433e-01  8.27289922846744519e-02 -3.49904271846624204e-01
6.553521e+00 -1.32657706355233190e-01  6.43628550869591864e-02 -3.60432727304642153e-01
6.566197e+00 -1.33072843800262436e-01  4.87242180496349694e-02 -3.69782215793755475e-01
6.578873e+00 -1.31393675645325475e-01  3.60346320671644030e-02 -3.77785138739535176e-01
6.591549e+00 -1.27916655896883474e-01  2.60834700079504711e-02 -3.84350280017693335e-01
6.604225e+00 -1.23165499774219395e-01  1.83094929071673934e-02 -3.89431093237341430e-01
6.616901e+00 -1.17794616914098954e-01  1.19331176694863744e-02 -3.92985847748046013e-01
6.629577e+00 -1.12477810916813373e-01  6.10845478520410500e-03 -3.94941413887170911e-01
6.642254e+00 -1.07803033474312956e-01  6.46851808037059725e-05 -3.95170730001270953e-01
6.654930e+00 -1.04191324896204029e-01 -6.78565065260670289e-03 -3.93490148894087344e-01
6.667606e+00 -1.01852904887220597e-01 -1.47829333402630485e-02 -3.89677913953350941e-01
6.680282e+00 -1.00785613770851989e-01 -2.40035715196069456e-02 -3.83509791885737472e-01
6.692958e+00 -1.00811514827224766e-01 -3.42865511334080747e-02 -3.74803279545501355e-01
6.705634e+00 -1.01638934872695624e-01 -4.52964973506347277e-02 -3.63458968573690255e-01
6.718310e+00 -1.02932513096277087e-01 -5.66122396588670043e-02 -3.49487811537624704e-01
6.730986e+00 -1.04374735711140018e-01 -6.78246034182166946e-02 -3.33016689465565729e-01
6.743662e+00 -1.05708360417121242e-01 -7.86230405261921089e-02 -3.14270866089786105e-01
6.756338e+00 -1.06757233670722568e-01 -8.88512439617427374e-02 -2.93538375295496590e-01
6.769014e+00 -1.07429737963387950e-01 -9.85188388247327379e-02 -2.71125718321701237e-01
6.781690e+00 -1.07712142819197998e-01 -1.07767950232646362e-01 -2.47315150601262523e-01
6.794366e+00 -1.07658317275865431e-01 -1.16805480051454705e-01 -2.22331775775972823e-01
6.807042e+00 -1.07379261060768963e-01 -1.25819785138444495e-01 -1.96325381306415719e-01
6.819718e+00 -1.07032843309775139e-01 -1.34902138440357283e-01 -1.69369096772705313e-01
6.832394e+00 -1.06812157383582143e-01 -1.43989790207665863e-01 -1.41474979436833515e-01
6.845070e+00 -1.06929980402822269e-01 -1.52841145512946197e-01 -1.12624802709607119e-01
6.857746e+00 -1.07596738826356481e-01 -1.61046911870380366e-01 -8.28116906817074200e-02
6.870423e+00 -1.08990545634962271e-01 -1.68075146536090375e-01 -5.20848400133458039e-02
6.883099e+00 -1.11221004680171209e-01 -1.73342962012549701e-01 -2.05869208180416256e-02
6.895775e+00 -1.14293262721933311e-01 -1.76303241005229816e-01  1.14260778368269166e-02
6.908451e+00 -1.18082944424632616e-01 -1.76531669614361675e-01  4.35888394006637009e-02
6.921127e+00 -1.22332786909328445e-01 -1.73798651799509540e-01  7.54541739344713885e-02
6.933803e+00 -1.26676214970680934e-01 -1.68112919184801063e-01  1.06536893012398173e-01
6.946479e+00 -1.30683580508384717e-01 -1.59728784891411402e-01  1.36363213341843537e-01
6.959155e+00 -1.33918138885050525e-01 -1.49115872355166768e-01  1.64515019646100102e-01
6.971831e+00 -1.35985848488614058e-01 -1.36897112977338642e-01  1.90661724426978291e-01
6.984507e+00 -1.36567300396794072e-01 -1.23766315523002046e-01  2.14576984773521690e-01
6.997183e+00 -1.35428779075609435e-01 -1.10399612565545216e-01  2.36141273578527738e-01
7.009859e+00 -1.32417655208636631e-01 -9.73752176437417682e-02  2.55333335811320172e-01
7.022535e+00 -1.27451177338406746e-01 -8.51135104312524260e-02  2.72214087216289480e-01
7.035211e+00 -1.20506583027634007e-01 -7.38452398101731439e-02  2.86906253683454515e-01
7.047887e+00 -1.11616412919024674e-01 -6.36104912858979493e-02  2.99572500712250833e-01
7.060563e+00 -1.00868911990651094e-01 -5.42859540015593611e-02  3.10394134812855715e-01
7.073239e+00 -8.84111926881156474e-02 -4.56337523093575601e-02  3.19551761371321630e-01
7.085915e+00 -7.44523918896312920e-02 -3.73622249426550160e-02  3.27208624568888828e-01
7.098592e+00 -5.92644272746712733e-02 -2.91878626989706957e-02  3.33496891873942991e-01
7.111268e+00 -4.31783828513509632e-02 -2.08882165038406752e-02  3.38507176211422567e-01
7.123944e+00 -2.65749155097651131e-02 -1.23377578048272599e-02  3.42282204265269230e-01
7.136620e+00 -9.86769902168253832e-03 -3.52206555999690996e-03  3.44816350214632583e-01
7.149296e+00  6.51995694229297144e-03  5.47016226225415392e-03  3.46063024912946271e-01
7.161972e+00  2.21837207832721178e-02  1.44736631605066526e-02  3.45950837276883416e-01
7.174648e+00  3.67690888671368746e-02  2.32849112920855902e-02  3.44406719758639901e-01
7.187324e+00  5.00004165957977434e-02  3.17037658291044466e-02  3.41380745141475761e-01
7.200000e+00  6.17035287724486056e-02  3.95703625478670967e-02  3.36865146227804557e-01
7.212676e+00  7.18174331680360573e-02  4.67909216750846471e-02  3.30900900109143636e-01
7.225352e+00  8.03917406053874795e-02  5.33486320701389016e-02  3.23569452770317512e-01
7.238028e+00  8.75687196573493726e-02  5.92984034510045596e-02  3.14972953490350815e-01
7.250704e+00  9.35523577073441581e-02  6.47469730281225730e-02  3.05210652694760498e-01
7.263380e+00  9.85704466705887433e-02  6.98226857409511154e-02  2.94359553669179930e-01
7.276056e+00  1.02838037313150193e-01  7.46419048826581916e-02  2.82464161950328418e-01
7.288732e+00  1.06530240476698471e-01  7.92804771849963397e-02  2.69535696722269791e-01
7.301408e+00  1.09769047966432581e-01  8.37578295631007663e-02  2.55558253775670707e-01
7.314085e+00  1.12623963047798301e-01  8.80377625853804024e-02  2.40499325215934923e-01
7.326761e+00  1.15122107406194329e-01  9.20448651170376886e-02  2.24323589747356444e-01
7.339437e+00  1.17261957630995006e-01  9.56907273857874052e-02  2.07009656423971095e-01
7.352113e+00  1.19026170529824074e-01  9.89016533803806636e-02  1.88568214725816863e-01
7.364789e+00  1.20391630600924102e-01  1.01640065603277555e-01  1.69057720038325920e-01
7.377465e+00  1.21336912655993834e-01  1.03914546434839772e-01  1.48592525080759208e-01
7.390141e+00  1.21847794436258747e-01  1.05777040413832402e-01  1.27339858644690468e-01
7.402817e+00  1.21920821039836771e-01  1.07308938344382307e-01  1.05505869080691747e-01
7.415493e+00  1.21564450953411105e-01  1.08600007412727045e-01  8.33149335810368930e-02
7.428169e+00  1.20797677469666492e-01  1.09725312367062441e-01  6.09883226164270320e-02
7.440845e+00  1.19646841469265158e-01  1.10725390136453938e-01  3.87273583729584245e-02
7.453521e+00  1.18141725232216332e-01  1.11593958537393526e-01  1.67034863732981285e-02
7.466197e+00  1.16311545381441700e-01  1.12275464109337378e-01 -4.94494328410585802e-03
7.478873e+00  1.14180762255358129e-01  1.12672308246592343e-01 -2.61106744306705656e-02
7.491549e+00  1.11764623214820405e-01  1.12659459991281741e-01 -4.67118572447797545e-02
7.504225e+00  1.09065214256815715e-01  1.12103048758352752e-01 -6.66839326187435577e-02
7.516901e+00  1.06069671729226253e-01  1.10879550157331891e-01 -8.59704384266214428e-02
7.529577e+00  1.02752050717882265e-01  1.08892880659552785e-01 -1.04514447623714368e-01
7.542254e+00  9.90789024475157987e-02  1.06087442702847007e-01 -1.22252361874050863e-01
7.554930e+00  9.50168087695203167e-02  1.02455555852237035e-01 -1.39111064842116577e-01
7.567606e+00  9.05393218640091063e-02  9.80380007841868545e-02 -1.55008305110000355e-01
7.580282e+00  8.56315018639046549e-02  9.29171271100022317e-02 -1.69855346365591103e-01
7.592958e+00  8.02918210676939192e-02  8.72033844847464323e-02 -1.83560797160140926e-01
7.605634e+00  7.45323859115363807e-02  8.10178761043253010e-02 -1.96034913552899870e-01
7.618310e+00  6.83785324090725039e-02  7.44748048282596886e-02 -2.07194058643108359e-01
7.630986e+00  6.18682115586977957e-02  6.76677233220379648e-02 -2.16965116236945227e-01
7.643662e+00  5.50510972273160690e-02  6.06621568680198106e-02 -2.25289637876218141e-01
7.656338e+00  4.79875034517336652e-02  5.34950828133047770e-02 -2.32127633713039516e-01
7.669014e+00  4.07475982475492340e-02  4.61799197256990562e-02 -2.37461144004553981e-01
7.681690e+00  3.34113135870714034e-02  3.87148158660638314e-02 -2.41297662444568961e-01
7.694366e+00  2.60685409565231500e-02  3.10922127854068829e-02 -2.43672896948087303e-01
7.707042e+00  1.88182294070191256e-02  2.33083690623885863e-02 -2.44651564775105218e-01
7.719718e+00  1.17647765518688156e-02  1.53720477282740728e-02 -2.44324651583283703e-01
7.732394e+00  5.01105487977501936e-03  7.31156932034391412e-03 -2.42802356254533142e-01
7.745070e+00 -1.35095133622422400e-03 -8.20874169542029262e-04 -2.40203571815611860e-01
7.757746e+00 -7.24964608224102497e-03 -8.94888505846710113e-03 -2.36644265176732066e-01
7.770423e+00 -1.26410341206738969e-02 -1.69763097892843204e-02 -2.32227539887180506e-01
7.783099e+00 -1.75121137141762417e-02 -2.47962200076529762e-02 -2.27037255769231117e-01
7.795775e+00 -2.18801767876715542e-02 -3.23028789052539206e-02 -2.21135493582930637e-01
7.808451e+00 -2.57886154208657147e-02 -3.94041504026212824e-02 -2.14562929614400516e-01
7.821127e+00 -2.93000813744231405e-02 -4.60314864026701367e-02 -2.07340971287762105e-01
7.833803e+00 -3.24878042038132253e-02 -5.21451322306155027e-02 -1.99475119656929822e-01
7.846479e+00 -3.54259884474309589e-02 -5.77333972127880429e-02 -1.90959701117176917e-01
7.859155e+00 -3.81805703014568357e-02 -6.28063647927181445e-02 -1.81784185471027537e-01
7.871831e+00 -4.08018763773459886e-02 -6.73858369534720003e-02 -1.71940727444414188e-01
7.884507e+00 -4.33204540565942028e-02 -7.14942442318102084e-02 -1.61431833353100768e-01
7.897183e+00 -4.57464676939133355e-02 -7.51454019907685372e-02 -1.50276754088863262e-01
7.909859e+00 -4.80720271312203920e-02 -7.83393045885525247e-02 -1.38515542080766135e-01
7.922535e+00 -5.02752437785470782e-02 -8.10618730355018302e-02 -1.26210359495417229e-01
7.935211e+00 -5.23249475817562440e-02 -8.32891174802693063e-02 -1.13444090708385500e-01
7.947887e+00 -5.41855453502491022e-02 -8.49940457352189732e-02 -1.00316416668206773e-01
7.960563e+00 -5.58218775912386472e-02 -8.61542602727443790e-02 -8.69375053458129321e-02
7.973239e+00 -5.72037931196390376e-02 -8.67585574116820357e-02 -7.34197535397193568e-02
7.985915e+00 -5.83097140723168178e-02 -8.68116176466167816e-02 -5.98687148256572821e-02
7.998592e+00 -5.91282711226946284e-02 -8.63365823008969968e-02 -4.63750904307938180e-02
8.011268e+00 -5.96575361287342912e-02 -8.53755618599366106e-02 -3.30097746373931022e-02
8.023944e+00 -5.99022989699820527e-02 -8.39879099895452647e-02 -1.98231031519399102e-02
8.036620e+00 -5.98706154854417721e-02 -8.22458813985515041e-02 -6.84802523041761011e-03
8.049296e+00 -5.95709416015364618e-02 -8.02275384345213505e-02  5.89427182150308905e-03
8.061972e+00 -5.90105310213599882e-02 -7.80075676652045163e-02  1.83880190875711572e-02
8.074648e+00 -5.81949198321924585e-02 -7.56477012270739962e-02  3.06168516226097108e-02
8.087324e+00 -5.71278822810770207e-02 -7.31890946770624440e-02  4.25582974755132626e-02
8.100000e+00 -5.58114573154476282e-02 -7.06487750727477631e-02  5.41787338012503297e-02
8.112676e+00 -5.42461938700155785e-02 -6.80211923954414377e-02  6.54293716703755190e-02
8.125352e+00 -5.24320884246124649e-02 -6.52844696376174288e-02  7.62446067010530831e-02
8.138028e+00 -5.03704960816353103e-02 -6.24096678675549188e-02  8.65441480412330322e-02
8.150704e+00 -4.80667526789861563e-02 -5.93706681630082819e-02  9.62392811053736225e-02
8.163380e+00 -4.55327835844192216e-02 -5.61522514770840392e-02  1.05241922027798751e-01
8.176056e+00 -4.27889193806970797e-02 -5.27544685620001466e-02  1.13473882970759984e-01
8.188732e+00 -3.98644368791705936e-02 -4.91923229775191317e-02  1.20873768793632666e-01
8.201408e+00 -3.67966718175870219e-02 -4.54910722143981455e-02  1.27400119320710603e-01
8.214085e+00 -3.36286987191385320e-02 -4.16787664386330178e-02  1.33031075731536330e-01
8.226761e+00 -3.04056401878993153e-02 -3.77785504587839771e-02  1.37762040615946824e-01
8.239437e+00 -2.71698798557519078e-02 -3.38033843417992960e-02  1.41602976642945022e-01
8.252113e+00 -2.39559072564900326e-02 -2.97549608083660620e-02  1.44576338905021168e-01
8.264789e+00 -2.07860207297226075e-02 -2.56269665315052506e-02  1.46715719709465731e-01
8.277465e+00 -1.76682293891113722e-02 -2.14112264665838811e-02  1.48064570266057127e-01
8.290141e+00 -1.45971597383739039e-02 -1.71043804347958787e-02  1.48674120098577417e-01
8.302817e+00 -1.15577875336449944e-02 -1.27128546796350349e-02  1.48599851993165832e-01
8.315493e+00 -8.53088591384571805e-03 -8.25489164721804163e-03  1.47896410482480006e-01
8.328169e+00 -5.49865681874571206e-03 -3.75970032981561789e-03  1.46611459311576098e-01
8.340845e+00 -2.44925601530937695e-03  7.35292506312741861e-04  1.44779621673066100e-01
8.353521e+00  6.20398594622788161e-04  5.18780007373348482e-03  1.42418005902190031e-01
8.366197e+00  3.70347701935507326e-03  9.55357330580267408e-03  1.39524767083544610e-01
8.378873e+00  6.78330621802706799e-03  1.37883629072102915e-02  1.36081680903666791e-01
8.391549e+00  9.83413743195639053e-03  1.78491061890683200e-02  1.32060893993485334e-01
8.404225e+00  1.28222380650352182e-02  2.16949104272847366e-02  1.27435051556806539e-01
8.416901e+00  1.57072142538588200e-02  2.52885322727439583e-02  1.22189147858591765e-01
8.429577e+00  1.84437749632112395e-02  2.85987894651770110e-02  1.16331854333404802e-01
8.442254e+00  2.09843953432337881e-02  3.16036862735858889e-02  1.09903836052632320e-01
8.454930e+00  2.32833663314244640e-02  3.42933554902889529e-02  1.02980801949928730e-01
8.467606e+00  2.53023098982124162e-02  3.66716018564858387e-02  9.56698450409522033e-02
8.480282e+00  2.70164184377655429e-02  3.87550468888594318e-02  8.80989824329215243e-02
8.492958e+00  2.84198167093771964e-02  4.05696405991200007e-02  8.04014931386654724e-02
8.505634e+00  2.95280439399306337e-02  4.21452721621699070e-02  7.26982153123625213e-02
8.518310e+00  3.03760947872365981e-02  4.35098140999899408e-02  6.50818148761429655e-02
8.530986e+00  3.10117488041966871e-02  4.46839671387735254e-02  5.76067677385181179e-02
8.543662e+00  3.14855412708805321e-02  4.56778756484641779e-02  5.02873789717470029e-02
8.556338e+00  3.18399520324273849e-02  4.64898857221445611e-02  4.31039960488813698e-02
8.569014e+00  3.21007259786949342e-02  4.71073598341035654e-02  3.60153798304928552e-02
8.581690e+00  3.22725904645496317e-02  4.75093108305610565e-02  2.89736965824838877e-02
8.594366e+00  3.23402852298418989e-02  4.76705579605094035e-02  2.19382383127125595e-02
8.607042e+00  3.22743203641754420e-02  4.75669516077621493e-02  1.48848326199446448e-02
8.619718e+00  3.20397147514111663e-02  4.71809674074931407e-02  7.80960270371202064e-03
8.632394e+00  3.16053877381389167e-02  4.65066647744806980e-02  7.27646996983978426e-04
8.645070e+00  3.09519680349161427e-02  4.55528361490142308e-02 -6.33132019228386037e-03
8.657746e+00  3.00764509540538856e-02  4.43434061483630251e-02 -1.33277985470790106e-02
8.670423e+00  2.89930916342173335e-02  4.29147363686346872e-02 -2.02158196928600466e-02
8.683099e+00  2.77308758881523489e-02  4.13102650897171908e-02 -2.69441346928699366e-02
8.695775e+00  2.63286295963399489e-02  3.95736987702475090e-02 -3.34561448034466427e-02
8.708451e+00  2.48291315024183057e-02  3.77424692969003522e-02 -3.96903882574379946e-02
8.721127e+00  2.32734969757975481e-02  3.58431387647057953e-02 -4.55832854088864259e-02
8.733803e+00  2.16967809855728999e-02  3.38899191600890992e-02 -5.10747088300957316e-02
8.746479e+00  2.01253324518149389e-02  3.18865805171782493e-02 -5.61153768720087306e-02
8.759155e+00  1.85760008768768546e-02  2.98309540567052826e-02 -6.06738070507214858e-02
8.771831e+00  1.70569422892093703e-02  2.77204421782003205e-02 -6.47401982329707942e-02
8.784507e+00  1.55695036761299040e-02  2.55567425969943467e-02 -6.83254111503462380e-02
8.797183e+00  1.41104932965735851e-02  2.33484016529654538e-02 -7.14548846315005565e-02
8.809859e+00  1.26741782839314143e-02  2.11107061229921199e-02 -7.41591489587129921e-02
8.822535e+00  1.12536087299322744e-02  1.88634173592733545e-02 -7.64639044880702085e-02
8.835211e+00  9.84122287413872164e-03  1.66274456450110769e-02 -7.83829007402181699e-02
8.847887e+00  8.42903429497287443e-03  1.44216030466369632e-02 -7.99158731709235653e-02
8.860563e+00  7.00891097865946784e-03  1.22602113086936644e-02 -8.10519673917739353e-02
8.873239e+00  5.57338401577076818e-03  1.01518121033698522e-02 -8.17771352372426291e-02
8.885915e+00  4.11711823995200305e-03  8.09883916543092594e-03 -8.20825976433797178e-02
8.898592e+00  2.63880515659376718e-03  6.09801009060033285e-03 -8.19711905035005600e-02
8.911268e+00  1.14290292020242045e-03  4.14123856599763265e-03 -8.14593829829046018e-02
8.923944e+00 -3.59512821096312940e-04  2.21693262722775369e-03 -8.05744915473887713e-02
8.936620e+00 -1.85137184960625675e-03  3.11599464513020194e-04 -7.93484040157977771e-02
8.949296e+00 -3.31188776480180816e-03 -1.58831406996794546e-03 -7.78103636388673969e-02
8.961972e+00 -4.72016470744377522e-03 -3.49440999957623902e-03 -7.59815501454183945e-02
8.974648e+00 -6.05931163396271691e-03 -5.41420587758249632e-03 -7.38733081322416330e-02
8.987324e+00 -7.31997634825252118e-03 -7.34901201255492003e-03 -7.14894138765219678e-02
9.000000e+00 -8.50232962837529048e-03 -9.29212777455586288e-03 -6.88313000945866699e-02
