# Author: SW4
# Scenario: test
# Date: UTC  11/27/2017:20:16:31.000
# Bandwith (Hz): 1.234000e+00
# Station: sta10
# Target location (WGS84 longitude, latitude) (deg): 1.182594e+02 3.718865e+01
# Actual location (WGS84 longitude, latitude) (deg): 1.182594e+02 3.718865e+01
# Distance from target to actual location (m): 0.000000e+00
# nColumns: 4
# Column 1: Time (s)
# Column 2: X displacement (m)
# Column 3: Y displacement (m)
# Column 4: Z displacement (m)
0.000000e+00  0.00000000000000000e+00  0.00000000000000000e+00  0.00000000000000000e+00
8.387698e-03  0.00000000000000000e+00  0.00000000000000000e+00  0.00000000000000000e+00
1.677540e-02  0.00000000000000000e+00  0.00000000000000000e+00  0.00000000000000000e+00
2.516309e-02  0.00000000000000000e+00  0.00000000000000000e+00  0.00000000000000000e+00
3.355079e-02  0.00000000000000000e+00  0.00000000000000000e+00  0.00000000000000000e+00
4.193849e-02  0.00000000000000000e+00  0.00000000000000000e+00  0.00000000000000000e+00
5.032619e-02  0.00000000000000000e+00  0.00000000000000000e+00  0.00000000000000000e+00
5.871389e-02  0.00000000000000000e+00  0.00000000000000000e+00  0.00000000000000000e+00
6.710158e-02  0.00000000000000000e+00  0.00000000000000000e+00  0.00000000000000000e+00
7.548928e-02  0.00000000000000000e+00  0.00000000000000000e+00  0.00000000000000000e+00
8.387698e-02  0.00000000000000000e+00  0.00000000000000000e+00  0.00000000000000000e+00
9.226468e-02  0.00000000000000000e+00  0.00000000000000000e+00  0.00000000000000000e+00
1.006524e-01  0.00000000000000000e+00  0.00000000000000000e+00  0.00000000000000000e+00
1.090401e-01  0.00000000000000000e+00  0.00000000000000000e+00  0.00000000000000000e+00
1.174278e-01  0.00000000000000000e+00  0.00000000000000000e+00  0.00000000000000000e+00
1.258155e-01  0.00000000000000000e+00  0.00000000000000000e+00  0.00000000000000000e+00
1.342032e-01  0.00000000000000000e+00  0.00000000000000000e+00  0.00000000000000000e+00
1.425909e-01  0.00000000000000000e+00  0.00000000000000000e+00  0.00000000000000000e+00
1.509786e-01  0.00000000000000000e+00  0.00000000000000000e+00  0.00000000000000000e+00
1.593663e-01  0.00000000000000000e+00  0.00000000000000000e+00  0.00000000000000000e+00
1.677540e-01  0.00000000000000000e+00  0.00000000000000000e+00  0.00000000000000000e+00
1.761417e-01  0.00000000000000000e+00  0.00000000000000000e+00  0.00000000000000000e+00
1.845294e-01  0.00000000000000000e+00  0.00000000000000000e+00  0.00000000000000000e+00
1.929171e-01  0.00000000000000000e+00  0.00000000000000000e+00  0.00000000000000000e+00
2.013048e-01  0.00000000000000000e+00  0.00000000000000000e+00  0.00000000000000000e+00
2.096925e-01  0.00000000000000000e+00  0.00000000000000000e+00  0.00000000000000000e+00
2.180801e-01  0.00000000000000000e+00  0.00000000000000000e+00  0.00000000000000000e+00
2.264678e-01  0.00000000000000000e+00  0.00000000000000000e+00  0.00000000000000000e+00
2.348555e-01  0.00000000000000000e+00  0.00000000000000000e+00  0.00000000000000000e+00
2.432432e-01  0.00000000000000000e+00  0.00000000000000000e+00  0.00000000000000000e+00
2.516309e-01  0.00000000000000000e+00  0.00000000000000000e+00  0.00000000000000000e+00
2.600186e-01  0.00000000000000000e+00  0.00000000000000000e+00  0.00000000000000000e+00
2.684063e-01  0.00000000000000000e+00  0.00000000000000000e+00  0.00000000000000000e+00
2.767940e-01  0.00000000000000000e+00  0.00000000000000000e+00  0.00000000000000000e+00
2.851817e-01  0.00000000000000000e+00  0.00000000000000000e+00  0.00000000000000000e+00
2.935694e-01  0.00000000000000000e+00  0.00000000000000000e+00  0.00000000000000000e+00
3.019571e-01  0.00000000000000000e+00  0.00000000000000000e+00  0.00000000000000000e+00
3.103448e-01  0.00000000000000000e+00  0.00000000000000000e+00  0.00000000000000000e+00
3.187325e-01  0.00000000000000000e+00  0.00000000000000000e+00  0.00000000000000000e+00
3.271202e-01  0.00000000000000000e+00  0.00000000000000000e+00  0.00000000000000000e+00
3.355079e-01  0.00000000000000000e+00  0.00000000000000000e+00  0.00000000000000000e+00
3.438956e-01 2.53100805575742697e-217 1.85797681191634933e-217 -9.66116340136622823e-218
3.522833e-01 1.39282331956365863e-206 3.16868635463424855e-206 -2.55881584493514987e-206
3.606710e-01 2.18707139324431856e-197 3.21322614592768960e-197 -4.00088016177969780e-197
3.690587e-01 1.13561838064511345e-189 1.67692898878341757e-189 -2.09203844494128893e-189
3.774464e-01 4.46004560505850812e-183 7.29540035694964591e-183 -7.87628189768658741e-183
3.858341e-01 1.59645155940505044e-177 3.31469924838976375e-177 -2.30403930450264571e-177
3.942218e-01 3.00558868711700155e-173 1.54013970192549405e-172 7.30089550428910620e-173
4.026095e-01 1.36511068319912014e-167 -8.39304864249675254e-168 -9.24291305445483877e-168
4.109972e-01 1.39654863268291245e-162 -1.37030603387688495e-162 -1.82720495372833939e-162
4.193849e-01 4.22923959122343870e-158 -5.11489120189070158e-158 -6.74695268920794695e-158
4.277726e-01 5.30582345249394874e-154 -7.71380624772791304e-154 -1.00111882621793520e-153
4.361603e-01 3.05297014573939354e-150 -5.67952946649340669e-150 -7.20021756316597525e-150
4.445480e-01 7.73849357295576317e-147 -2.27069734887017429e-146 -2.77079264333959573e-146
4.529357e-01 3.17126647927457772e-144 -5.33576070001615100e-143 -6.07024997311874941e-143
4.613234e-01 -2.70598609620702509e-140 -7.96485741585983705e-140 -7.91150503598274571e-140
4.697111e-01 -6.83766712746588096e-137 -8.31160422940660712e-137 -6.46627930122005720e-137
4.780988e-01 -8.15213675071383869e-134 -6.69974029367933767e-134 -3.90836759267557810e-134
4.864865e-01 -5.99608531015198674e-131 -4.25271676264788752e-131 -2.78965988460224482e-131
4.948742e-01 -3.18960992198451731e-128 -1.85028460315380047e-128 -2.89187516478267678e-128
5.032619e-01 -1.48516118811397061e-125 -3.36020974418969990e-126 -2.86398320820847180e-125
5.116496e-01 -6.71350424310540296e-123 1.26602731909371395e-123 -2.15985659698945071e-122
5.200373e-01 -2.64834409246932231e-120 9.22851014548246443e-121 -1.17861565535439770e-119
5.284250e-01 -7.86492217966972966e-118 1.73243622683316591e-118 -4.59469674525910308e-117
5.368127e-01 -1.60335568427184950e-115 -3.12375293797429411e-116 -1.27242515554783935e-114
5.452004e-01 -2.01014374240383527e-113 -2.41095570906933912e-113 -2.48178777236858487e-112
5.535881e-01 -9.21633979733792908e-112 -6.14903390988142835e-111 -3.33262062834358669e-110
5.619758e-01 1.67094924496184974e-109 -9.12040990903592084e-109 -2.88713441925136560e-108
5.703635e-01 4.03887971524835090e-107 -8.52985393268516786e-107 -1.24698104895102657e-106
5.787512e-01 4.45303326672995399e-105 -4.85209969472608989e-105 3.29924092112589873e-105
5.871389e-01 3.08540524139384095e-103 -1.26401468354812297e-103 8.80358696469396161e-103
5.955266e-01 1.41013381497558662e-101 2.90337614738650062e-102 6.20773802551431832e-101
6.039143e-01 4.09380065752546690e-100 3.69101388077357816e-100  2.38484966520269542e-99
6.123020e-01  6.24765623202172986e-99  1.30089730899189310e-98  4.92863544046574205e-98
6.206897e-01 -4.39269522266408622e-99  1.83035645631325516e-97  2.93169040513138142e-97
6.290774e-01 -1.80139493016589688e-96 -8.07889029313745295e-97 -8.54798760703184901e-96
6.374651e-01 -1.76366802418157069e-95 -4.96179782733966681e-95 -1.42378504396340436e-94
6.458527e-01  2.26389742838154406e-94 -1.18723364713656027e-94  7.53418301528662951e-94
6.542404e-01  3.53306581534680314e-93  7.55519444469147611e-93  2.33598490918175247e-92
6.626281e-01 -2.71413977131752583e-92  1.57048094419274058e-92 -8.96365646786280121e-92
6.710158e-01 -3.79477728158295143e-91 -8.83331267409071828e-91 -2.42461965380161921e-90
6.794035e-01  3.53089736069591178e-90  1.17575511653624014e-90  1.48116329230210537e-89
6.877912e-01  2.01899282640991903e-89  6.84761470740668599e-89  1.41703267850235370e-88
6.961789e-01 -3.38234042278127296e-88 -4.01434954534221896e-88 -1.62459127885147808e-87
7.045666e-01  2.93059096093980186e-88 -2.15244557419406506e-87 -8.47240755552972307e-88
7.129543e-01  1.68024766159682642e-86  3.26197863678495559e-86  8.79084777399931472e-86
7.213420e-01 -9.94391956615885170e-86 -7.95547148798791629e-86 -4.09082692697804142e-85
7.297297e-01 -1.64514144616869476e-85 -8.46832122114421735e-85 -1.30751458748030868e-84
7.381174e-01  4.31231770613867302e-84  7.20233115234806928e-84  2.02759577900230862e-83
7.465051e-01 -1.64796268733135395e-83 -1.21956293712797732e-83 -6.07568430997184479e-83
7.548928e-01 -3.51138263831618122e-83 -1.24213473384896884e-82 -2.33533560089595928e-82
7.632805e-01  5.42925094805170625e-82  8.51469965912914225e-82  2.40988876969035635e-81
7.716682e-01 -1.62030595911461321e-81 -1.25356287651105678e-81 -5.47315092309762458e-81
7.800559e-01 -3.44618287854196055e-81 -1.01287125577344932e-80 -2.18843225454411331e-80
7.884436e-01  4.06888619312656459e-80  6.02630159361859446e-80  1.73989269456540157e-79
7.968313e-01 -9.68804826777522808e-80 -7.19550737568142772e-80 -2.97439799309415364e-79
8.052190e-01 -2.40364586047040326e-79 -5.85376364793306182e-79 -1.42450934540725798e-78
8.136067e-01  2.09764175562829412e-78  2.92577257091802726e-78  8.63493521932219313e-78
8.219944e-01 -3.78962656060591602e-78 -2.40413078376047887e-78 -9.96040816735043739e-78
8.303821e-01 -1.27438394300523269e-77 -2.60414968926982179e-77 -6.95326138824535582e-77
8.387698e-01  8.00370868202256142e-77  1.04930228601914208e-76  3.14810493488715277e-76
8.471575e-01 -9.88934416982680942e-77 -3.97138956884604646e-77 -1.79535636707615923e-76
8.555452e-01 -5.15468782647638111e-76 -9.09233724841462972e-76 -2.60309958248194602e-75
8.639329e-01  2.32946126421966326e-75  2.85308432294659630e-75  8.66274697055874759e-75
8.723206e-01 -1.49218540822722354e-75  4.78729156863735114e-76  7.70384984393342370e-76
8.807083e-01 -1.61701606819908350e-74 -2.52479339788152811e-74 -7.60183930820628262e-74
8.890960e-01  5.20181819488548895e-74  5.82830583981743049e-74  1.79259484650481671e-73
8.974837e-01  3.87438268513958189e-75  5.80898007271977497e-74  1.75215352748771101e-73
9.058714e-01 -4.06081586785803359e-73 -5.74315267062277179e-73 -1.76853086824794604e-72
9.142591e-01  8.82275262057052031e-73  8.54954574011278021e-73  2.66155575172224108e-72
9.226468e-01  1.01926243176750718e-72  2.33172909821567147e-72  6.94614046909824744e-72
9.310345e-01 -8.55185410814750956e-72 -1.14151906969883091e-71 -3.38936361115768029e-71
9.394222e-01  1.12873000264660049e-71  8.52774714210570112e-72  2.45314701688900681e-71
9.478099e-01  3.57399431927424857e-71  6.42143192628278759e-71  1.80953268311565719e-70
9.561976e-01 -1.55551843880246360e-70 -2.14672960635799033e-70 -5.81661351303770645e-70
9.645853e-01  7.05953271153325198e-71  3.86148422225005740e-71  2.36053991095792845e-70
9.729730e-01  8.94607233137548558e-70  1.39164188467602176e-69  3.09501010811778894e-69
9.813607e-01  1.15423300322121610e-70 -6.98111782552791233e-70 -1.44844350974454117e-68
9.897484e-01 -2.48820124352994635e-68 -2.83425284065963225e-68  5.87871668300219281e-68
9.981361e-01  2.87430707439716090e-68  2.50358389620288517e-68 -4.03378162335272553e-68
1.006524e+00  1.22367997055488119e-66  1.54629175168441145e-66 -2.32511235284632172e-66
1.014911e+00 -7.84291682652397741e-66 -9.41933957545218546e-66  1.60201874415095889e-65
1.023299e+00 -1.72439119283371210e-65 -2.53741686520987300e-65  1.76618598843884543e-65
1.031687e+00  4.35541098193670814e-64  5.51885838203817710e-64 -7.82338124953115392e-64
1.040075e+00 -1.24497337133753558e-63 -1.43912560716392776e-63  2.79618299990310695e-63
1.048462e+00 -1.29149879683926481e-62 -1.69844721515255065e-62  2.07102850639960986e-62
1.056850e+00  1.02554005454194177e-61  1.27152201587856587e-61 -1.96864800218937743e-61
1.065238e+00  1.26225895113821177e-61  1.94020224649954199e-61 -8.04466009479972568e-62
1.073625e+00 -4.39991840077616419e-60 -5.59105639883400731e-60  7.89105180862968702e-60
1.082013e+00  9.67688366088657958e-60  1.10688162496774523e-59 -2.29590707421608367e-59
1.090401e+00  1.31644937022299356e-58  1.71052921574275768e-58 -2.18941190460440466e-58
1.098788e+00 -7.18528717943561642e-58 -8.81065937502507054e-58  1.44425107601345998e-57
1.107176e+00 -2.69936277196721273e-57 -3.64338952609450961e-57  3.81647159081609755e-57
1.115564e+00  3.09315706146578616e-56  3.87714085219286864e-56 -5.83357307488898526e-56
1.123952e+00  2.06785741176453572e-56  3.43869725126115972e-56  4.00899188750173769e-57
1.132339e+00 -1.04192563399939029e-54 -1.32413713648214030e-54  1.87673102591938235e-54
1.140727e+00  1.27373367794292570e-54  1.36930114225837880e-54 -3.61653457140947421e-54
1.149115e+00  2.99608313759377218e-53  3.85105650443103221e-53 -5.16730639591530921e-53
1.157502e+00 -8.32004600602739186e-53 -9.91114055359008651e-53  1.86570613696536139e-52
1.165890e+00 -7.68990596963833208e-52 -9.99085173368000343e-52  1.26561609451720136e-51
1.174278e+00  3.28669978343915587e-51  4.01931932298581778e-51 -6.83693108221028151e-51
1.182665e+00  1.82131090346616338e-50  2.39160648591970994e-50 -2.84296935807604835e-50
1.191053e+00 -1.05711980834507090e-49 -1.30885381743147316e-49  2.11677877838233844e-49
1.199441e+00 -4.11523076401705265e-49 -5.45881812944198725e-49  6.06431728152729807e-49
1.207829e+00  3.00122891058766551e-48  3.74180800746103352e-48 -5.87996103621742142e-48
1.216216e+00  9.20695509828936098e-48  1.23104262783034570e-47 -1.28725991574696997e-47
1.224604e+00 -7.78175129998998943e-47 -9.73970137740118836e-47  1.50724604590796287e-46
1.232992e+00 -2.11371098986188848e-46 -2.83577129500909273e-46  2.86922781052780964e-46
1.241379e+00  1.87056468736091448e-45  2.34516936919919324e-45 -3.61252796402977773e-45
1.249767e+00  5.07412412678826539e-45  6.79088818410462003e-45 -6.93747689168693983e-45
1.258155e+00 -4.18168769669254451e-44 -5.24162295245393258e-44  8.11961050463420346e-44
1.266542e+00 -1.26169375550276943e-43 -1.67689077743874297e-43  1.79214253796233366e-43
1.274930e+00  8.63086995392120542e-43  1.07951333632910587e-42 -1.70095126074941159e-42
1.283318e+00  3.15138555939320678e-42  4.15197477307919388e-42 -4.71188633788551018e-42
1.291705e+00 -1.61185496405188422e-41 -2.00638420822144095e-41  3.26651437273116073e-41
1.300093e+00 -7.63297672950125775e-41 -9.97117124418416671e-41  1.20102015654258447e-40
1.308481e+00  2.60663834168966384e-40  3.21307034048220954e-40 -5.56186763516913533e-40
1.316869e+00  1.73911846208982455e-39  2.25479566710859306e-39 -2.86591945947894783e-39
1.325256e+00 -3.25440784082155078e-39 -3.91255386133685074e-39  7.79249450238036049e-39
1.333644e+00 -3.63208460380554348e-38 -4.67782575036384563e-38  6.24430346720756133e-38
1.342032e+00  1.68426053129202841e-38  1.67721972121568806e-38 -6.94459682399428411e-38
1.350419e+00  6.76701236785674860e-37  8.66015951662133999e-37 -1.21354696920654314e-36
1.358807e+00  6.18576304912703569e-37  8.73157979204191434e-37 -4.14595671600259756e-37
1.367195e+00 -1.08156185931348130e-35 -1.37416357197180068e-35  2.03742093652247109e-35
1.375582e+00 -2.68078614280361169e-35 -3.55123367020502235e-35  3.77417732347958220e-35
1.383970e+00  1.36796681073911460e-34  1.71829149909229379e-34 -2.77764827295673555e-34
1.392358e+00  6.61884283254150785e-34  8.61362171561485048e-34 -1.07213183991813633e-33
1.400746e+00 -1.02997102798960555e-33 -1.24695552669822225e-33  2.56109202790748477e-33
1.409133e+00 -1.21489253608015241e-32 -1.56533884420880358e-32  2.12720336256910741e-32
1.417521e+00 -6.94387901127344558e-33 -1.01102182310380781e-32  5.87190472274779230e-34
1.425909e+00  1.67816585091591033e-31  2.14256243354012812e-31 -3.16096239701322800e-31
1.434296e+00  4.35346766069498502e-31  5.73693841733889743e-31 -6.37047181067440989e-31
1.442684e+00 -1.50637788442604302e-30 -1.89115423156551090e-30  3.21410623191455541e-30
1.451072e+00 -9.27031024556814970e-30 -1.20234768535424598e-29  1.56921285022948847e-29
1.459459e+00  5.54879588788600592e-31 -8.62226417532831954e-32 -1.00802407367432467e-29
1.467847e+00  1.25554800312311618e-28  1.61239217382535391e-28 -2.32925860945728301e-28
1.476235e+00  2.78379123103665784e-28  3.67722063189340430e-28 -3.97196723206208000e-28
1.484623e+00 -9.65221112089794092e-28 -1.21878468229824849e-27  2.07103374856128274e-27
1.493010e+00 -5.79475240415487977e-27 -7.52473598836348845e-27  9.91914816832178212e-27
1.501398e+00 -2.18301076383169480e-27 -3.23220571374514464e-27 -1.45687984166150652e-27
1.509786e+00  6.43598680931847263e-26  8.27074615636809115e-26 -1.23154845192915524e-25
1.518173e+00  1.87819804552891645e-25  2.46349121185986685e-25 -2.92861250540304355e-25
1.526561e+00 -2.60135592592465828e-25 -3.22972921064592433e-25  6.70820461268237626e-25
1.534949e+00 -2.79427169946635793e-24 -3.62086713795353322e-24  5.05275424370997532e-24
1.543336e+00 -4.52883745075397515e-24 -6.01673570115502156e-24  5.96143977345843074e-24
1.551724e+00  1.79430307015648906e-23  2.29086000341439617e-23 -3.85458468194957686e-23
1.560112e+00  9.65993019753304386e-23  1.25877402746243542e-22 -1.67931093455818033e-22
1.568500e+00  8.20313571981027543e-23  1.11388546104292796e-22 -6.58237731041408227e-23
1.576887e+00 -7.42543065591434080e-22 -9.56817955298050392e-22  1.50997073337292768e-21
1.585275e+00 -2.90907309918814255e-21 -3.80582332972938165e-21  4.92371846608342704e-21
1.593663e+00 -1.20241510540590296e-21 -1.70018381078249389e-21 -4.40372873719377872e-22
1.602050e+00  2.37990871899623350e-20  3.08188038068484404e-20 -4.75930763043172101e-20
1.610438e+00  8.06559313309498144e-20  1.05784979429317766e-19 -1.35230894455556961e-19
1.618826e+00  2.57033855667706342e-20  3.68652297439353585e-20  2.70933652919008492e-20
1.627213e+00 -6.26563783959632163e-19 -8.13741656081093713e-19  1.26427486341933859e-18
1.635601e+00 -2.10428994783357697e-18 -2.76346821391567609e-18  3.57444505607597986e-18
1.643989e+00 -1.19052017293749442e-18 -1.63028075791421088e-18  3.24259205852457101e-19
1.652377e+00  1.33649701717199400e-17  1.73809724705239801e-17 -2.80211109823573681e-17
1.660764e+00  5.05537119269618182e-17  6.64264861234803859e-17 -8.89487403801808029e-17
1.669152e+00  5.43716900673444889e-17  7.26793561666632398e-17 -6.02673968151911215e-17
1.677540e+00 -2.07485687664427734e-16 -2.69497698349734305e-16  4.78810813386393731e-16
1.685927e+00 -1.04649508933761878e-15 -1.37541640368206254e-15  1.94536035337264075e-15
1.694315e+00 -1.84114010740570603e-15 -2.44114914142130134e-15  2.75346582387947842e-15
1.702703e+00  1.33146288688633072e-15  1.69459600713007225e-15 -4.66567537418486190e-15
1.711090e+00  1.65072082053276555e-14  2.16917643494867668e-14 -3.33525851472695768e-14
1.719478e+00  4.42739403017516286e-14  5.85539596939636023e-14 -7.66881323571682556e-14
1.727866e+00  3.89603047544393833e-14  5.22698175069016674e-14 -3.67723402792530614e-14
1.736253e+00 -1.42928211424164050e-13 -1.87165121120092916e-13  3.49642670756220894e-13
1.744641e+00 -6.91208928137357957e-13 -9.13443416232493323e-13  1.35185667392858498e-12
1.753029e+00 -1.43091891889418601e-12 -1.90079300429044219e-12  2.39889375158108004e-12
1.761417e+00 -8.63574695309901085e-13 -1.16813542174661473e-12  3.57270035974984218e-13
1.769804e+00  4.74862508245963767e-12  6.25607337564234487e-12 -1.16146753148424637e-11
1.778192e+00  1.98716060059088917e-11  2.63626248675283366e-11 -3.98675622287455815e-11
1.786580e+00  4.16063827736881843e-11  5.54213449636116934e-11 -7.34092361316471839e-11
1.794967e+00  4.25574298863547437e-11  5.70946303230477407e-11 -5.20829713619032330e-11
1.803355e+00 -4.80176248960975444e-11 -6.29935421811948015e-11  1.62248818849299123e-10
1.811743e+00 -3.39444141428094452e-10 -4.51483476224753132e-10  7.60227107895927579e-10
1.820130e+00 -9.11443806648676117e-10 -1.21677599562708795e-09  1.83218539339702853e-09
1.828518e+00 -1.65431156678057874e-09 -2.21504280992969145e-09  3.04417427278470978e-09
1.836906e+00 -2.03750000380612233e-09 -2.73802283517487956e-09  3.18514622519100215e-09
1.845294e+00 -8.69170323364073537e-10 -1.18530141364246491e-09 -3.31023826248635069e-10
1.853681e+00  3.97299373865309112e-09  5.30455039032860839e-09 -1.21643241962965169e-08
1.862069e+00  1.62176518471568635e-08  2.17679771469853455e-08 -4.08874025950350966e-08
1.870457e+00  4.33662553680563805e-08  5.83281444139450981e-08 -1.04320010512780267e-07
1.878844e+00  1.02416666746757669e-07  1.37884185714768860e-07 -2.42628094479290858e-07
1.887232e+00  2.32420529905173553e-07  3.12996954639512230e-07 -5.45917922744210493e-07
1.895620e+00  5.18987938736198794e-07  6.98871851844717743e-07 -1.20712508405480175e-06
1.904007e+00  1.13955489185107077e-06  1.53432160707173141e-06 -2.61929257284390889e-06
1.912395e+00  2.44572376517943955e-06  3.29267488934024139e-06 -5.55243469074513725e-06
1.920783e+00  5.11206139676508154e-06  6.88221308604240774e-06 -1.14719891591954933e-05
1.929171e+00  1.04001923958582413e-05  1.40019844367366915e-05 -2.30994390601337839e-05
1.937558e+00  2.06128536400127639e-05  2.77537904678244802e-05 -4.53663976230242000e-05
1.945946e+00  3.98452814872841404e-05  5.36554581843232258e-05 -8.69785102001085266e-05
1.954334e+00  7.51825855597460901e-05  1.01256526911414356e-04 -1.62888973810742063e-04
1.962721e+00  1.38542282831931692e-04  1.86626185822114516e-04 -2.98082890690612272e-04
1.971109e+00  2.49415384463997053e-04  3.36057421202222363e-04 -5.33178076166964049e-04
1.979497e+00  4.38801146513513021e-04  5.91389243325403445e-04 -9.32420216928241314e-04
1.987884e+00  7.54633452552308124e-04  1.01735513858694569e-03 -1.59464006074702875e-03
1.996272e+00  1.26892961432817602e-03  1.71127846097436902e-03 -2.66759220039758773e-03
2.004660e+00  2.08672426342907053e-03  2.81521249952932815e-03 -4.36575250669777454e-03
2.013048e+00  3.35655262215770389e-03  4.53022451221761924e-03 -6.99105365943361850e-03
2.021435e+00  5.28179317950522136e-03  7.13191385953289032e-03 -1.09551283157647041e-02
2.029823e+00  8.13156076196947832e-03  1.09854211898671346e-02 -1.68003908729435075e-02
2.038211e+00  1.22490909477281969e-02  1.65571719837505522e-02 -2.52158033844043193e-02
2.046598e+00  1.80547778666189547e-02  2.44195390798570798e-02 -3.70416581524890196e-02
2.054986e+00  2.60403966329223989e-02  3.52437416771813894e-02 -5.32565172951424901e-02
2.063374e+00  3.67507912367101217e-02  4.97759347467958344e-02 -7.49390129382034725e-02
2.071761e+00  5.07496897155646845e-02  6.87919215773683534e-02 -1.03198002730940402e-01
2.080149e+00  6.85675453079458985e-02  9.30275484751498793e-02 -1.39067039552945804e-01
2.088537e+00  9.06315324849145815e-02  1.23084805316133486e-01 -1.83363543962469400e-01
2.096925e+00  1.17181017947580221e-01  1.59317924141381934e-01 -2.36519404928588084e-01
2.105312e+00  1.48175690832606177e-01  2.01708963548436732e-01 -2.98397387755628407e-01
2.113700e+00  1.83207488187999312e-01  2.49747712108292080e-01 -3.68115529348720327e-01
2.122088e+00  2.21430654528052301e-01  3.02335120695677140e-01 -4.43908036322630872e-01
2.130475e+00  2.61525778722704938e-01  3.57731605376112649e-01 -5.23054263254915885e-01
2.138863e+00  3.01712600343879089e-01  4.13570288633474892e-01 -6.01905459087592742e-01
2.147251e+00  3.39822239768175605e-01  4.66949835579176131e-01 -6.76031001827851807e-01
2.155638e+00  3.73432301908307784e-01  5.14611994081771940e-01 -7.40491713908174254e-01
2.164026e+00  4.00058759346668458e-01  5.53196209683124551e-01 -7.90228912738838996e-01
2.172414e+00  4.17388078014757136e-01  5.79549665757419064e-01 -8.20536902154066494e-01
2.180801e+00  4.23523667509955182e-01  5.91058411446283793e-01 -8.27567465606856345e-01
2.189189e+00  4.17214514338554721e-01  5.85956697127100301e-01 -8.08801680114564436e-01
2.197577e+00  3.98032532807237716e-01  5.63569597766028441e-01 -7.63420572252020979e-01
2.205965e+00  3.66469661309285433e-01  5.24449735506962944e-01 -6.92513900839085594e-01
2.214352e+00  3.23935798538675268e-01  4.70382138446562736e-01 -5.99085603068975625e-01
2.222740e+00  2.72652834821513756e-01  4.04250059862742428e-01 -4.87842572662159246e-01
2.231128e+00  2.15455808078035133e-01  3.29775647280301898e-01 -3.64785677227032867e-01
2.239515e+00  1.55526637019463260e-01  2.51168740327707030e-01 -2.36652361616509932e-01
2.247903e+00  9.60961710385880019e-02  1.72731053005621887e-01 -1.10283073734782189e-01
2.256291e+00  4.01544824360900859e-02  9.84688968926256125e-02  8.00531551758871043e-03
2.264678e+00 -9.79327802184459979e-03  3.17644521398191756e-02  1.12959038049764121e-01
2.273066e+00 -5.18968085932261305e-02 -2.48556904545517987e-02  2.00776199839187680e-01
2.281454e+00 -8.50405124070233304e-02 -6.98328777541514928e-02  2.69307143067121557e-01
2.289842e+00 -1.08831736051864733e-01 -1.02566807638701171e-01  3.18059100935789707e-01
2.298229e+00 -1.23508999526306743e-01 -1.23298770680438041e-01  3.48026706677408870e-01
2.306617e+00 -1.29791705729592560e-01 -1.32915801555622298e-01  3.61392276799225476e-01
2.315005e+00 -1.28698235085155460e-01 -1.32711252785178285e-01  3.61152308812972722e-01
2.323392e+00 -1.21360143864529174e-01 -1.24138619242791959e-01  3.50728200759714837e-01
2.331780e+00 -1.08857130813927103e-01 -1.08591589960158705e-01  3.33611053957614145e-01
2.340168e+00 -9.20917671966539758e-02 -8.72359257520306380e-02  3.13075623993934793e-01
2.348555e+00 -7.17160458723319627e-02 -6.09096352370117403e-02  2.91980877365729863e-01
2.356943e+00 -4.81147034349339794e-02 -3.00985195043044530e-02  2.72657828557476334e-01
2.365331e+00 -2.14437022848877820e-02  5.01459226534007110e-03  2.56872237240358570e-01
2.373719e+00  8.28349457186225609e-03  4.44363099349197460e-02  2.45842082455281608e-01
2.382106e+00  4.10741566560078319e-02  8.82009132059349832e-02  2.40287851470586483e-01
2.390494e+00  7.68154585868040252e-02  1.36182042777470896e-01  2.40496590450887199e-01
2.398882e+00  1.15134172804918833e-01  1.87903906130292481e-01  2.46386559168005115e-01
2.407269e+00  1.55278176529962925e-01  2.42380513893452776e-01  2.57566252068267054e-01
2.415657e+00  1.96040707469642195e-01  2.98011161998872454e-01  2.73387706228037264e-01
2.424045e+00  2.35745253468399085e-01  3.52556467170649479e-01  2.92997959844630951e-01
2.432432e+00  2.72302882473743624e-01  4.03211270392497045e-01  3.15393458871329524e-01
2.440820e+00  3.03344910578784266e-01  4.46778886526052799e-01  3.39480300924714484e-01
2.449208e+00  3.26422974461305027e-01  4.79936690441320868e-01  3.64139432994302847e-01
2.457596e+00  3.39257389201415627e-01  4.99567979104716231e-01  3.88291604091572429e-01
2.465983e+00  3.40005087474854861e-01  5.03122053008413839e-01  4.10953391638066490e-01
2.474371e+00  3.27512383362283999e-01  4.88956122295441276e-01  4.31274295811539810e-01
2.482759e+00  3.01516759999781447e-01  4.56610970566022345e-01  4.48546658751676375e-01
2.491146e+00  2.62766477037034429e-01  4.06978189144476699e-01  4.62185031051048134e-01
2.499534e+00  2.13036579814647298e-01  3.42329663750156943e-01  4.71678562646480781e-01
2.507922e+00  1.55033374448643319e-01  2.66197890177727714e-01  4.76527407716369422e-01
2.516309e+00  9.21944110286461310e-02  1.83115692117199247e-01  4.76180175398104422e-01
2.524697e+00  2.84050572398992403e-02  9.82427621960241526e-02  4.69992325902282793e-01
2.533085e+00 -3.23363567079977057e-02  1.69211885573577053e-02  4.57223731188232840e-01
2.541473e+00 -8.62666615124688951e-02 -5.57893700565889050e-02  4.37087097338360264e-01
2.549860e+00 -1.30180297914602422e-01 -1.15544875672801375e-01  4.08848652660141809e-01
2.558248e+00 -1.61691497790100114e-01 -1.59072017526448450e-01  3.71970496732745126e-01
2.566636e+00 -1.79410076217089376e-01 -1.84409855860427657e-01  3.26272780085030634e-01
2.575023e+00 -1.83015863778052235e-01 -1.91017332914260152e-01  2.72086040736737700e-01
2.583411e+00 -1.73229010824202306e-01 -1.79742170205397456e-01  2.10361766441524878e-01
2.591799e+00 -1.51685066819110981e-01 -1.52662236547126934e-01  1.42713591472321738e-01
2.600186e+00 -1.20733546654779297e-01 -1.12823634931959696e-01  7.13718294305237810e-02
2.608574e+00 -8.31856922785250419e-02 -6.39092433504790391e-02 -9.51688866553149779e-04
2.616962e+00 -4.20407587107950731e-02 -9.87648585044947555e-03 -7.12759559158239325e-02
2.625349e+00 -2.20196641950949623e-04  4.53965916117638757e-02 -1.36613988732537744e-01
2.633737e+00  3.96642363379863874e-02  9.84220836506695673e-02 -1.94251406127072701e-01
2.642125e+00  7.54885147057148959e-02  1.46342914141642189e-01 -2.42002261886577086e-01
2.650513e+00  1.05728552908992871e-01  1.87086976968544066e-01 -2.78408169372563186e-01
2.658900e+00  1.29503246147792822e-01  2.19429704859983365e-01 -3.02856494444392110e-01
2.667288e+00  1.46553174013882404e-01  2.42970933656104587e-01 -3.15606633314760243e-01
2.675676e+00  1.57166383982191543e-01  2.58040786179479120e-01 -3.17727515888115153e-01
2.684063e+00  1.62066886536090943e-01  2.65555040350314076e-01 -3.10961689418939702e-01
2.692451e+00  1.62283029195654016e-01  2.66842634679562929e-01 -2.97539414733754393e-01
2.700839e+00  1.59011948886641163e-01  2.63466816476257581e-01 -2.79969170217699292e-01
2.709226e+00  1.53493366171234463e-01  2.57057652313508189e-01 -2.60829055940116017e-01
2.717614e+00  1.46901867061937641e-01  2.49168228044485157e-01 -2.42577875591769881e-01
2.726002e+00  1.40262437830171921e-01  2.41161080375525111e-01 -2.27396813411535281e-01
2.734390e+00  1.34390217736827078e-01  2.34126348902513021e-01 -2.17064722519702519e-01
2.742777e+00  1.29852765012436672e-01  2.28829567447541238e-01 -2.12864035358296871e-01
2.751165e+00  1.26951787467324356e-01  2.25685203131077566e-01 -2.15511317479841230e-01
2.759553e+00  1.25721166123408834e-01  2.24751867355814566e-01 -2.25106772037730690e-01
2.767940e+00  1.25938849036902528e-01  2.25746096900891813e-01 -2.41100209002149429e-01
2.776328e+00  1.27151287038886868e-01  2.28073036244572119e-01 -2.62276098240674271e-01
2.784716e+00  1.28709976530946818e-01  2.30873525690968973e-01 -2.86765593068273095e-01
2.793103e+00  1.29819967249852092e-01  2.33087488615260491e-01 -3.12096920716600834e-01
2.801491e+00  1.29599691669840728e-01  2.33532846934491223e-01 -3.35295898135838877e-01
2.809879e+00  1.27150189410380893e-01  2.30997471788896180e-01 -3.53044875213569753e-01
2.818267e+00  1.21629992189348501e-01  2.24339232550614970e-01 -3.61901110757959166e-01
2.826654e+00  1.12330104846298559e-01  2.12586726274209853e-01 -3.58565333420632681e-01
2.835042e+00  9.87422500019754235e-02  1.95031545331865647e-01 -3.40180025476602532e-01
2.843430e+00  8.06132825995051067e-02  1.71302559654729097e-01 -3.04627368890178718e-01
2.851817e+00  5.79796350897141127e-02  1.41413916485911367e-01 -2.50791098048412542e-01
2.860205e+00  3.11777958770706812e-02  1.05781264187413737e-01 -1.78746315009465667e-01
2.868593e+00  8.29845060460823909e-04  6.52047056266381597e-02 -8.98474426958534439e-02
2.876980e+00 -3.21936306762602154e-02  2.08213938204624416e-02  1.33035176496104357e-02
2.885368e+00 -6.68280873146965687e-02 -2.59655014234304454e-02  1.27010406300017309e-01
2.893756e+00 -1.01880123165622422e-01 -7.35723452671499800e-02  2.46743308796501581e-01
2.902144e+00 -1.36095865365744695e-01 -1.20325493383471427e-01  3.67476788863921655e-01
2.910531e+00 -1.68226436172716987e-01 -1.64548398300809806e-01  4.84067015231286646e-01
2.918919e+00 -1.97086394265545362e-01 -2.04639859534566620e-01  5.91625447798343695e-01
2.927307e+00 -2.21603508736571198e-01 -2.39141147570873874e-01  6.85850193430034394e-01
2.935694e+00 -2.40860247707637282e-01 -2.66792416846574565e-01  7.63285248360268453e-01
2.944082e+00 -2.54128331532447738e-01 -2.86580128521820132e-01  8.21490228039342352e-01
2.952470e+00 -2.60897355465372183e-01 -2.97776760577830701e-01  8.59116235231446534e-01
2.960857e+00 -2.60896986792935104e-01 -2.99972080315904277e-01  8.75894963478520805e-01
2.969245e+00 -2.54110169549358444e-01 -2.93092476428190085e-01  8.72556216827610753e-01
2.977633e+00 -2.40773034145352199e-01 -2.77402525554696133e-01  8.50692876414491428e-01
2.986021e+00 -2.21356749201366360e-01 -2.53482356237289375e-01  8.12592328688221954e-01
2.994408e+00 -1.96527986925098319e-01 -2.22176278409825956e-01  7.61050765782228522e-01
3.002796e+00 -1.67088090785297710e-01 -1.84512687961616295e-01  6.99183022279539323e-01
3.011184e+00 -1.33895932504655174e-01 -1.41601796384317691e-01  6.30236967129206849e-01
3.019571e+00 -9.77847346878760737e-02 -9.45248500642378447e-02  5.57418886850263195e-01
3.027959e+00 -5.94873003914276541e-02 -4.42341570042364615e-02  4.83735179969888296e-01
3.036347e+00 -1.95856085084110988e-02  8.51464064239399604e-03  4.11855661784125471e-01
3.044734e+00  2.15014165806648970e-02  6.31794075366567676e-02  3.44004050355327884e-01
3.053122e+00  6.34841504544302743e-02  1.19386790429548986e-01  2.81881057798690049e-01
3.061510e+00  1.06123788590157073e-01  1.76827351281631073e-01  2.26624429852632564e-01
3.069897e+00  1.49120853473314080e-01  2.35105990932466757e-01  1.78807917890116574e-01
3.078285e+00  1.91991887687222473e-01  2.93575883794469306e-01  1.38477654554353541e-01
3.086673e+00  2.33961584264348516e-01  3.51192406116171529e-01  1.05220498285303860e-01
3.095061e+00  2.73898326660096392e-01  4.06424702736072008e-01  7.82555808838303613e-02
3.103448e+00  3.10315705296483835e-01  4.57255473824522141e-01  5.65382203518219953e-02
3.111836e+00  3.41451603769879930e-01  5.01284971507368837e-01  3.88649870016612789e-02
3.120224e+00  3.65421806338372068e-01  5.35935618621267706e-01  2.39703258129662505e-02
3.128611e+00  3.80429707161028419e-01  5.58733038717384889e-01  1.06085492302560799e-02
3.136999e+00  3.85000925014417517e-01  5.67622038290709674e-01 -2.38067292216240451e-03
3.145387e+00  3.78204324327657271e-01  5.61266048423071817e-01 -1.60211470216609780e-02
3.153774e+00  3.59820869903508700e-01  5.39278135331759501e-01 -3.11582615483102059e-02
3.162162e+00  3.30429175470391134e-01  5.02341399755720230e-01 -4.84203120963598022e-02
3.170550e+00  2.91390261596250533e-01  4.52194711175666508e-01 -6.81783410638585746e-02
3.178938e+00  2.44731266167611566e-01  3.91482701456424054e-01 -9.05033536868317529e-02
3.187325e+00  1.92945214302505108e-01  3.23492209824915056e-01 -1.15124586563577269e-01
3.195713e+00  1.38738085172987219e-01  2.51816454635184928e-01 -1.41397218640743505e-01
3.204101e+00  8.47627356664059917e-02  1.79999606122212691e-01 -1.68291300395724736e-01
3.212488e+00  3.33803591692623108e-02  1.11216202755223967e-01 -1.94414650677581846e-01
3.220876e+00 -1.35159488564041731e-02  4.80319564283285885e-02 -2.18080174960233825e-01
3.229264e+00 -5.45928755906934723e-02 -7.72321415648517372e-03 -2.37422383972846957e-01
3.237651e+00 -8.90764563168629647e-02 -5.49593803481872728e-02 -2.50559749828298595e-01
3.246039e+00 -1.16667933016139660e-01 -9.32186238261744488e-02 -2.55790424407107475e-01
3.254427e+00 -1.37398009949018018e-01 -1.22483877461291621e-01 -2.51800350145421348e-01
3.262815e+00 -1.51451115589607915e-01 -1.42946413791045002e-01 -2.37856554123355740e-01
3.271202e+00 -1.58995268809507928e-01 -1.54779369171714171e-01 -2.13955996543303606e-01
3.279590e+00 -1.60051352802007912e-01 -1.57962621171886308e-01 -1.80902670257331810e-01
3.287978e+00 -1.54428716849558167e-01 -1.52195390662484165e-01 -1.40292634922050102e-01
3.296365e+00 -1.41743206839174768e-01 -1.36918587750935211e-01 -9.43974947659149827e-02
3.304753e+00 -1.21520317016744359e-01 -1.11451077156885556e-01 -4.59502872409215737e-02
3.313141e+00 -9.33717881450524118e-02 -7.52249055586729498e-02  2.14778135002863203e-03
3.321528e+00 -5.72204524797781527e-02 -2.80863704556485461e-02  4.71678805615473179e-02
3.329916e+00 -1.35370734947770337e-02  2.93852290260322759e-02  8.68991683178556990e-02
3.338304e+00  3.64541852001402170e-02  9.55991083470208725e-02  1.19951712820070944e-01
3.346692e+00  9.06466496843895270e-02  1.67775135692026206e-01  1.45969521246412576e-01
3.355079e+00  1.46038120423675505e-01  2.41920208708913564e-01  1.65714021652593801e-01
3.363467e+00  1.98861033149314997e-01  3.12995844749685781e-01  1.80992978886109462e-01
3.371855e+00  2.44863498867502166e-01  3.75288132108689165e-01  1.94430425422255165e-01
3.380242e+00  2.79724725634884930e-01  4.22958679883465305e-01  2.09097378380354054e-01
3.388630e+00  2.99562592710600539e-01  4.50720494635764968e-01  2.28047456011023386e-01
3.397018e+00  3.01468528457625284e-01  4.54551964670460718e-01  2.53821752550077495e-01
3.405405e+00  2.83990428663854211e-01  4.32342069099561854e-01  2.87999004277305071e-01
3.413793e+00  2.47482300544775935e-01  3.84356245990291279e-01  3.30866574614573306e-01
3.422181e+00  1.94251836439006176e-01  3.13428247816021133e-01  3.81273530595053312e-01
3.430568e+00  1.28463787719561462e-01  2.24818335070401026e-01  4.36700211536427296e-01
3.438956e+00  5.57942497100202828e-02  1.25727647790791819e-01  4.93543141060821200e-01
3.447344e+00 -1.71277117221733562e-02  2.45141782306397410e-02  5.47576253391756640e-01
3.455732e+00 -8.34172980468092240e-02 -7.02929436520351864e-02  5.94516844611295725e-01
3.464119e+00 -1.36670604587503908e-01 -1.51047269645104815e-01  6.30604520467812457e-01
3.472507e+00 -1.71632928222902076e-01 -2.11958523916836061e-01  6.53098337218559477e-01
3.480895e+00 -1.84702678621440658e-01 -2.49847705509815859e-01  6.60612324877160928e-01
3.489282e+00 -1.74204467981087657e-01 -2.64579203053456724e-01  6.53239698470324703e-01
3.497670e+00 -1.40406807810967621e-01 -2.59114916441186505e-01  6.32454888309331831e-01
3.506058e+00 -8.53054518167543213e-02 -2.39191201009398280e-01  6.00821621375971948e-01
3.514445e+00 -1.22334958211210536e-02 -2.12671004590508778e-01  5.61566451056823013e-01
3.522833e+00  7.46143538569681991e-02 -1.88662115210963433e-01  5.18094470546420327e-01
3.531221e+00  1.70648635932419135e-01 -1.76512940759999015e-01  4.73525093527674301e-01
3.539609e+00  2.71261103452996977e-01 -1.84799306701931981e-01  4.30312253587412485e-01
3.547996e+00  3.72057219190003563e-01 -2.20403050811570272e-01  3.89990046195768159e-01
3.556384e+00  4.68932031453397846e-01 -2.87761713455192580e-01  3.53058398491261971e-01
3.564772e+00  5.58016868033227920e-01 -3.88344642964350784e-01  3.19000105813338541e-01
3.573159e+00  6.35556834642055146e-01 -5.20389062473648356e-01  2.86404817355960017e-01
3.581547e+00  6.97796341489099858e-01 -6.78911965408326989e-01  2.53168944019846076e-01
3.589935e+00  7.40947997472281128e-01 -8.55999068104401850e-01  2.16741940074470618e-01
3.598322e+00  7.61299463308023117e-01 -1.04135757250900873e+00  1.74395685146208512e-01
3.606710e+00  7.55477590542327881e-01 -1.22310224827526270e+00  1.23500647293016894e-01
3.615098e+00  7.20847177483824098e-01 -1.38872303573150879e+00  6.17969363828942547e-02
3.623486e+00  6.55982429804509715e-01 -1.52615848867278059e+00 -1.23510978585250931e-02
3.631873e+00  5.61121591226238947e-01 -1.62487737536719079e+00 -9.97309082184898721e-02
3.640261e+00  4.38505582270898420e-01 -1.67685693475699571e+00 -2.00106818857950980e-01
3.648649e+00  2.92512540140428101e-01 -1.67734664925718158e+00 -3.12115201338315440e-01
3.657036e+00  1.29530212700116470e-01 -1.62532444476864013e+00 -4.33249505383949407e-01
3.665424e+00 -4.24486315421149299e-02 -1.52358746480866358e+00 -5.59948397002119069e-01
3.673812e+00 -2.14474891763798609e-01 -1.37846709207980767e+00 -6.87789087646009767e-01
3.682199e+00 -3.77460104556070764e-01 -1.19920921968091276e+00 -8.11773962811768945e-01
3.690587e+00 -5.23055733350071383e-01 -9.97105794815193014e-01 -9.26684749188009249e-01
3.698975e+00 -6.44476640570179837e-01 -7.84493295352636677e-01 -1.02746789292622021e+00
3.707363e+00 -7.37157914604681275e-01 -5.73742495976168221e-01 -1.10960987704898195e+00
3.715750e+00 -7.99158850603599591e-01 -3.76351039841621160e-01 -1.16946266329350035e+00
3.724138e+00 -8.31264783226759230e-01 -2.02220298037897678e-01 -1.20448676362634388e+00
3.732526e+00 -8.36779994755500911e-01 -5.91586867936329946e-02 -1.21339114865978748e+00
3.740913e+00 -8.21046217245829602e-01  4.73857147049062885e-02 -1.19616300454368019e+00
3.749301e+00 -7.90755426449988752e-01  1.14391554725026365e-01 -1.15399364361636980e+00
3.757689e+00 -7.53148492804941116e-01  1.41175754658037056e-01 -1.08911763123888128e+00
3.766076e+00 -7.15200582296813381e-01  1.29199804412908986e-01 -1.00458949742315617e+00
3.774464e+00 -6.82889737447822109e-01  8.18122562547557303e-02 -9.04026168879955239e-01
3.782852e+00 -6.60628348501930307e-01  3.95454728349275107e-03 -7.91343799691014982e-01
3.791240e+00 -6.50911187072851227e-01 -9.81570807752396302e-02 -6.70515608347277192e-01
3.799627e+00 -6.54202280676357661e-01 -2.17370313001435056e-01 -5.45373333302468066e-01
3.808015e+00 -6.69050773466299264e-01 -3.45955231643053585e-01 -4.19469284152149624e-01
3.816403e+00 -6.92397753406252869e-01 -4.75977317386224952e-01 -2.96008514954578139e-01
3.824790e+00 -7.20015838537276354e-01 -5.99671732864765161e-01 -1.77851333584314181e-01
3.833178e+00 -7.47013706768683505e-01 -7.09797968470554208e-01 -6.75757491389831350e-02
3.841566e+00 -7.68339474257780597e-01 -7.99950452985112470e-01  3.24213167039811914e-02
3.849953e+00 -7.79228576930292016e-01 -8.64803540368706658e-01  1.19814480854916541e-01
3.858341e+00 -7.75560415359362709e-01 -9.00278064556275237e-01  1.92267829470575802e-01
3.866729e+00 -7.54109148024350695e-01 -9.03629002183515273e-01  2.47415242914956257e-01
3.875116e+00 -7.12693186678589941e-01 -8.73466083353099387e-01  2.82929534269865557e-01
3.883504e+00 -6.50241504266149795e-01 -8.09727673720304852e-01  2.96691282773717258e-01
3.891892e+00 -5.66800720962705062e-01 -7.13630196140184636e-01  2.87047843094921706e-01
3.900280e+00 -4.63505029916892075e-01 -5.87610152153675069e-01  2.53131225153338024e-01
3.908667e+00 -3.42523269830069421e-01 -4.35265199165954075e-01  1.95184926934219877e-01
3.917055e+00 -2.06987036095644950e-01 -2.61288143972157272e-01  1.14839055687083302e-01
3.925443e+00 -6.08941517331876014e-02 -7.13770320951024329e-02  1.52733682579494282e-02
3.933830e+00  9.10239502147054541e-02  1.27900891647078713e-01 -9.87801506279232938e-02
3.942218e+00  2.43482622314376090e-01  3.29311745946073264e-01 -2.21221605974149721e-01
3.950606e+00  3.90878494657116327e-01  5.25235483425133820e-01 -3.44952574611219698e-01
3.958993e+00  5.27574883073391288e-01  7.08021513643167122e-01 -4.62399228647327132e-01
3.967381e+00  6.48223781149663614e-01  8.70400773690398033e-01 -5.66132697073968627e-01
3.975769e+00  7.48100006499914594e-01  1.00592134805460875e+00 -6.49513801012086334e-01
3.984157e+00  8.23416347807298443e-01  1.10936527641830152e+00 -7.07284220867271940e-01
3.992544e+00  8.71586646229102979e-01  1.17710126767420453e+00 -7.36032629609746247e-01
4.000932e+00  8.91406919756813299e-01  1.20733202423567443e+00 -7.34480694112381927e-01
4.009320e+00  8.83132151365607521e-01  1.20020481886163366e+00 -7.03556980182956759e-01
4.017707e+00  8.48436920818929852e-01  1.15776812095111725e+00 -6.46252901388199685e-01
4.026095e+00  7.90260270544158261e-01  1.08377351225606122e+00 -5.67280352983703606e-01
4.034483e+00  7.12547725275237909e-01  9.83339067236794651e-01 -4.72572729995327234e-01
4.042870e+00  6.19915031021748608e-01  8.62506214832390983e-01 -3.68687627475561275e-01
4.051258e+00  5.17267909490656153e-01  7.27735421865546739e-01 -2.62179416388601205e-01
4.059646e+00  4.09418930948944382e-01  5.85395414272276482e-01 -1.59012457109593691e-01
4.068034e+00  3.00745284509563060e-01  4.41304472320441510e-01 -6.40806645275002890e-02
4.076421e+00  1.94928473721312584e-01  3.00378937991367945e-01  1.91136135641654520e-02
4.084809e+00  9.48079151140491933e-02  1.66432292541368182e-01  8.85884260914085869e-02
4.093197e+00  2.36516654880047396e-03  4.21480472079676580e-02  1.43811368392862265e-01
4.101584e+00 -8.11645323150710779e-02 -7.07769569222300859e-02  1.85449884806304505e-01
4.109972e+00 -1.55078716105734732e-01 -1.71351662814134637e-01  2.14990361571339578e-01
4.118360e+00 -2.18937318057282643e-01 -2.58931935071726738e-01  2.34294381710677402e-01
4.126747e+00 -2.72293830030062634e-01 -3.32861424917613891e-01  2.45170634877044324e-01
4.135135e+00 -3.14489059740705346e-01 -3.92194065930527191e-01  2.49037334924515658e-01
4.143523e+00 -3.44558778408195765e-01 -4.35567647002392866e-01  2.46732206949447169e-01
4.151911e+00 -3.61285051591069328e-01 -4.61269602085436714e-01  2.38498009454025411e-01
4.160298e+00 -3.63391423528217905e-01 -4.67496673798616924e-01  2.24136661199693749e-01
4.168686e+00 -3.49850269571398309e-01 -4.52767257957939706e-01  2.03291443458898935e-01
4.177074e+00 -3.20243456505593271e-01 -4.16408313459059987e-01  1.75791696807825942e-01
4.185461e+00 -2.75101318580589560e-01 -3.59016361071469614e-01  1.41983424608008835e-01
4.193849e+00 -2.16144070274668559e-01 -2.82790106896572579e-01  1.02974341112870044e-01
4.202237e+00 -1.46364946026615345e-01 -1.91651950974569191e-01  6.07413824386656559e-02
4.210624e+00 -6.99226710219097575e-02 -9.11134043818309508e-02  1.80775910394458707e-02
4.219012e+00  8.15358642774485429e-03  1.21126019810898714e-02 -2.16132311011603476e-02
4.227400e+00  8.24083730139586884e-02  1.10701502720302394e-01 -5.46386113161026130e-02
4.235788e+00  1.47487310450205827e-01  1.97419986872718611e-01 -7.74032890090466524e-02
4.244175e+00  1.98667697307158664e-01  2.65832940893620306e-01 -8.68003883007277682e-02
4.252563e+00  2.32314334277958112e-01  3.10906998497394504e-01 -8.05549548596687370e-02
4.260951e+00  2.46199377947721537e-01  3.29425293279592413e-01 -5.74805520654307900e-02
4.269338e+00  2.39652437419657971e-01  3.20164862486463198e-01 -1.76269168964593888e-02
4.277726e+00  2.13538783863908760e-01  2.83831413561099810e-01  3.76865857777853031e-02
4.286114e+00  1.70092558324557636e-01  2.22786722461349312e-01  1.05943654510884375e-01
4.294501e+00  1.12652365494663953e-01  1.40633937167518513e-01  1.83592962921370478e-01
4.302889e+00  4.53550190151759819e-02  4.17405924356095762e-02  2.66277633622584275e-01
4.311277e+00 -2.71612553267009324e-02 -6.92228548662656706e-02  3.49109042067350273e-01
4.319664e+00 -1.00008002471338772e-01 -1.87667033964344115e-01  4.26962135710202029e-01
4.328052e+00 -1.68237456978500594e-01 -3.09352783354562955e-01  4.94771008804516021e-01
4.336440e+00 -2.26980990797889859e-01 -4.30534823508516296e-01  5.47806031967662310e-01
4.344828e+00 -2.71560961569591364e-01 -5.47992837676185451e-01  5.81917780702188470e-01
4.353215e+00 -2.97611402493774491e-01 -6.58978733983238807e-01  5.93738464327654869e-01
4.361603e+00 -3.01241852518408459e-01 -7.61115657153687786e-01  5.80837859074895824e-01
4.369991e+00 -2.79266909658024975e-01 -8.52282841648057565e-01  5.41836592128469130e-01
4.378378e+00 -2.29504150768216231e-01 -9.30513267617462003e-01  4.76483521130718568e-01
4.386766e+00 -1.51118935035975177e-01 -9.93921651770730552e-01  3.85704597636122415e-01
4.395154e+00 -4.49713154254073461e-02 -1.04067161033935518e+00  2.71627304211817078e-01
4.403541e+00  8.60970396280525407e-02 -1.06898472526185695e+00  1.37578050012195752e-01
4.411929e+00  2.37105077777074985e-01 -1.07719101401586892e+00 -1.19581899031700745e-02
4.420317e+00  4.00967089142776123e-01 -1.06381888723984441e+00 -1.71433253992193391e-01
4.428705e+00  5.68764066037573568e-01 -1.02772130201138578e+00 -3.34405585076123502e-01
4.437092e+00  7.30265165858924648e-01 -9.68231759769778821e-01 -4.93799652760656738e-01
4.445480e+00  8.74674905597933816e-01 -8.85338174798176225e-01 -6.42259399666396003e-01
4.453868e+00  9.91542777143597398e-01 -7.79855033122968000e-01 -7.72584028497265263e-01
4.462255e+00  1.07173873852754520e+00 -6.53566755257038001e-01 -8.78216167628091404e-01
4.470643e+00  1.10837690999500915e+00 -5.09310671167526485e-01 -9.53736080995933211e-01
4.479031e+00  1.09756566347743090e+00 -3.50969242755631849e-01 -9.95305276181583820e-01
4.487418e+00  1.03887733587267816e+00 -1.83349801668199114e-01 -1.00100157895416886e+00
4.495806e+00  9.35463749275345036e-01 -1.19459844833127351e-02 -9.70996450340507411e-01
4.504194e+00  7.93789926865706374e-01  1.57404143274734398e-01 -9.07542972304091866e-01
4.512582e+00  6.23010641419330824e-01  3.18926952380826911e-01 -8.14766838483033551e-01
4.520969e+00  4.34064153761411387e-01  4.67336129226588237e-01 -6.98278889446061313e-01
4.529357e+00  2.38596265065104784e-01  5.98209150698300052e-01 -5.64651605586912853e-01
4.537745e+00  4.78491055393708703e-02  7.08261375410050409e-01 -4.20819457263439112e-01
4.546132e+00 -1.28350269225260299e-01  7.95478112693557060e-01 -2.73471662340153521e-01
4.554520e+00 -2.82385788050577957e-01  8.59090281985623649e-01 -1.28504949916112943e-01
4.562908e+00 -4.09352473534224937e-01  8.99407921755346784e-01  9.40607621366960044e-03
4.571295e+00 -5.07225191687507349e-01  9.17551306514202691e-01  1.37080566841238177e-01
4.579683e+00 -5.76706682845751106e-01  9.15136085415477085e-01  2.52925870672256914e-01
4.588071e+00 -6.20805670978768265e-01  8.93973217400633513e-01  3.56857350274634111e-01
4.596459e+00 -6.44224360329295753e-01  8.55836063572851025e-01  4.50065488868619523e-01
4.604846e+00 -6.52648500817705202e-01  8.02328431343280801e-01  5.34667152626133402e-01
4.613234e+00 -6.52032154440510547e-01  7.34863728254639526e-01  6.13286984471823282e-01
4.621622e+00 -6.47955555046744625e-01  6.54742653893503501e-01  6.88617649692588762e-01
4.630009e+00 -6.45112130156639929e-01  5.63300047029764439e-01  7.63004791114874403e-01
4.638397e+00 -6.46954758912766659e-01  4.62083375470110858e-01  8.38095684640924099e-01
4.646785e+00 -6.55506387141925662e-01  3.53026030058376017e-01  9.14581247609099979e-01
4.655172e+00 -6.71320057397540859e-01  2.38585863737262538e-01  9.92050460980284932e-01
4.663560e+00 -6.93560698481256677e-01  1.21829691689927133e-01  1.06896558487989446e+00
4.671948e+00 -7.20176340741644272e-01  6.45404705259213125e-03  1.14275667311294971e+00
4.680336e+00 -7.48128758108222880e-01 -1.03261103532316836e-01  1.21002499991776102e+00
4.688723e+00 -7.73660611223040640e-01 -2.02566232850100586e-01  1.26683684447425171e+00
4.697111e+00 -7.92584963937924658e-01 -2.86423773585074759e-01  1.30908173410910567e+00
4.705499e+00 -8.00590439088242234e-01 -3.49756682048971868e-01  1.33286333401405810e+00
4.713886e+00 -7.93558884736527248e-01 -3.87760328402171117e-01  1.33488737495046483e+00
4.722274e+00 -7.67891259888912159e-01 -3.96267208972953755e-01  1.31280998774061830e+00
4.730662e+00 -7.20832012925592069e-01 -3.72143774477613598e-01  1.26551231386906915e+00
4.739049e+00 -6.50774236209730850e-01 -3.13686932639335780e-01  1.19327372639036033e+00
4.747437e+00 -5.57519962822523141e-01 -2.20977641420980947e-01  1.09782594766001673e+00
4.755825e+00 -4.42464981520863609e-01 -9.61437200279471049e-02  9.82282445397811732e-01
4.764212e+00 -3.08677580243560512e-01  5.65142733694202343e-02  8.50950047543251653e-01
4.772600e+00 -1.60846446240454521e-01  2.30570919950746495e-01  7.09041047335535302e-01
4.780988e+00 -5.08408370909917747e-03  4.17718233931971106e-01  5.62312687622949836e-01
4.789376e+00  1.51412882276964728e-01  6.08202028960038610e-01  4.16665993261444156e-01
4.797763e+00  3.00828494604231167e-01  7.91429190059345200e-01  2.77737568286731185e-01
4.806151e+00  4.35283547929422088e-01  9.56701279083875811e-01  1.50516903934942409e-01
4.814539e+00  5.47436344295856747e-01  1.09401247440948501e+00  3.90187691261005137e-02
4.822926e+00  6.31073002070598132e-01  1.19483815247679814e+00 -5.39639807653666259e-02
4.831314e+00  6.81629015267495308e-01  1.25283583873798099e+00 -1.27007073278918248e-01
4.839702e+00  6.96586611886446661e-01  1.26438380457417932e+00 -1.80087380140893455e-01
4.848089e+00  6.75701584766052687e-01  1.22889454584285329e+00 -2.14496204092993331e-01
4.856477e+00  6.21028325782703727e-01  1.14886026939805252e+00 -2.32638764786397445e-01
4.864865e+00  5.36731989366888596e-01  1.02961430043486390e+00 -2.37737720871705943e-01
4.873253e+00  4.28700596676324541e-01  8.78824098675511811e-01 -2.33471219436710314e-01
4.881640e+00  3.03994902136833167e-01  7.05764945861080073e-01 -2.23586658439877350e-01
4.890028e+00  1.70196354910860603e-01  5.20453589483993229e-01 -2.11537371052762019e-01
4.898416e+00  3.47295869295541765e-02  3.32743072343892221e-01 -2.00188369352145346e-01
4.906803e+00 -9.57578488602238848e-02  1.51489125435406574e-01 -1.91627945063009231e-01
4.915191e+00 -2.15881595615793676e-01 -1.61083546112076488e-02 -1.87105044250503116e-01
4.923579e+00 -3.21814026230526407e-01 -1.64908997937464358e-01 -1.87090585724521086e-01
4.931966e+00 -4.11355786637847776e-01 -2.91939318158436267e-01 -1.91438463212011356e-01
4.940354e+00 -4.83791004066931041e-01 -3.96209040467773221e-01 -1.99603757410684646e-01
4.948742e+00 -5.39566847491885992e-01 -4.78289000885425475e-01 -2.10866133297542474e-01
4.957130e+00 -5.79866710245522943e-01 -5.39742292063628559e-01 -2.24508203081266206e-01
4.965517e+00 -6.06162693563863320e-01 -5.82523338154476877e-01 -2.39911871837540314e-01
4.973905e+00 -6.19833550820034995e-01 -6.08461212792257289e-01 -2.56557731051591187e-01
4.982293e+00 -6.21918215106560979e-01 -6.18922711820099614e-01 -2.73938621257559189e-01
4.990680e+00 -6.13045330467110849e-01 -6.14711195655809117e-01 -2.91422480899119540e-01
4.999068e+00 -5.93541455396132345e-01 -5.96206618526239907e-01 -3.08115596572341055e-01
5.007456e+00 -5.63682156288918268e-01 -5.63700345006115544e-01 -3.22781158101058618e-01
5.015843e+00 -5.24018866759364155e-01 -5.17835777250394536e-01 -3.33858193986929841e-01
5.024231e+00 -4.75696724934366322e-01 -4.60041375662880669e-01 -3.39604159561248842e-01
5.032619e+00 -4.20678342646879422e-01 -3.92841493181359303e-01 -3.38355058116150187e-01
5.041007e+00 -3.61805745194976880e-01 -3.19952814662747220e-01 -3.28866374710118481e-01
5.049394e+00 -3.02664209151491836e-01 -2.46115717913949872e-01 -3.10673255828351591e-01
5.057782e+00 -2.47251235631711030e-01 -1.76662512588438569e-01 -2.84395082087525453e-01
5.066170e+00 -1.99493586582630139e-01 -1.16877994496721052e-01 -2.51911238839367113e-01
5.074557e+00 -1.62687407622617297e-01 -7.12516579426124563e-02 -2.16351893976482357e-01
5.082945e+00 -1.38954936247632249e-01 -4.27469874957727286e-02 -1.81877223243295416e-01
5.091333e+00 -1.28812931719953616e-01 -3.22169621541432971e-02 -1.53255301991963161e-01
5.099720e+00 -1.30932761330962655e-01 -3.80758840782686389e-02 -1.35285762376147478e-01
5.108108e+00 -1.42143124218479411e-01 -5.62995297351664425e-02 -1.32146322113770587e-01
5.116496e+00 -1.57689143657178871e-01 -8.07753514792340366e-02 -1.46756847666495799e-01
5.124884e+00 -1.71722603853042444e-01 -1.03970793936057668e-01 -1.80257421801587381e-01
5.133271e+00 -1.77963844804254562e-01 -1.17839422367308488e-01 -2.31682594689779336e-01
5.141659e+00 -1.70451405427453767e-01 -1.14848629315950787e-01 -2.97886375288736904e-01
5.150047e+00 -1.44284130724633641e-01 -8.89939804318699706e-02 -3.73736683189688057e-01
5.158434e+00 -9.62630619929611131e-02 -3.66657499084970737e-02 -4.52560101394457515e-01
5.166822e+00 -2.53556945129690611e-02  4.27481248697644811e-02 -5.26783951915904436e-01
5.175210e+00  6.70699976860347075e-02  1.46605045875216722e-01 -5.88698066543626441e-01
5.183597e+00  1.77264192228575812e-01  2.69135935445233287e-01 -6.31246278032720709e-01
5.191985e+00  2.99357901288397066e-01  4.01950504241937623e-01 -6.48758184362116075e-01
5.200373e+00  4.25833451654103690e-01  5.34865776880699140e-01 -6.37543487957817123e-01
5.208760e+00  5.48145594473344433e-01  6.56965153837265059e-01 -5.96291167236912556e-01
5.217148e+00  6.57423958896167893e-01  7.57767408626720207e-01 -5.26240196559465079e-01
5.225536e+00  7.45184799275592447e-01  8.28370952049663933e-01 -4.31113684241489381e-01
5.233924e+00  8.03985814229093765e-01  8.62439943134954867e-01 -3.16831055211361623e-01
5.242311e+00  8.27970454667284361e-01  8.56915516431403401e-01 -1.91031494643820327e-01
5.250699e+00  8.13265061979852710e-01  8.12366041220996982e-01 -6.24556523094586258e-02
5.259087e+00  7.58210541949810191e-01  7.32931860279037228e-01  5.97584926663152841e-02
5.267474e+00  6.63427502145773063e-01  6.25868032858407419e-01  1.66805450238992292e-01
5.275862e+00  5.31727947604191509e-01  5.00737860152444925e-01  2.50907480011029527e-01
5.284250e+00  3.67896580762659575e-01  3.68354266946426478e-01  3.05918789811107150e-01
5.292637e+00  1.78370117524671717e-01  2.39599242430345194e-01  3.27789749289152887e-01
5.301025e+00 -2.91556814985895023e-02  1.24268281409328454e-01  3.14853677699692691e-01
5.309413e+00 -2.46163171911060630e-01  3.00838203284364766e-02  2.67913713044209079e-01
5.317801e+00 -4.63769218262808147e-01 -3.80016349019423536e-02  1.90124671265071904e-01
5.326188e+00 -6.73179302060393558e-01 -7.81331309785306682e-02  8.66832538920237344e-02
5.334576e+00 -8.66120601634871035e-01 -9.14852723650314281e-02 -3.56423160413372880e-02
5.342964e+00 -1.03523685874422910e+00 -8.18291841790752678e-02 -1.69097239754743611e-01
5.351351e+00 -1.17442836668003459e+00 -5.48163672081271036e-02 -3.05583514358324870e-01
5.359739e+00 -1.27912067157541043e+00 -1.70984978516613081e-02 -4.37301383786800724e-01
5.368127e+00 -1.34644651255279935e+00  2.45811989836777420e-02 -5.57330664503195794e-01
5.376514e+00 -1.37532802142006227e+00  6.41958085814068047e-02 -6.60101833025213969e-01
5.384902e+00 -1.36645100074884929e+00  9.70399938630311654e-02 -7.41719764220748590e-01
5.393290e+00 -1.32213044076336783e+00  1.20073063889894874e-01 -8.00119284283800081e-01
5.401678e+00 -1.24607571351831181e+00  1.31988563011267490e-01 -8.35049268386136578e-01
5.410065e+00 -1.14307381281627851e+00  1.33043995875196108e-01 -8.47898931679134993e-01
5.418453e+00 -1.01861803096941905e+00  1.24717487634748575e-01 -8.41394584449194238e-01
5.426841e+00 -8.78515929673126639e-01  1.09274562953118132e-01 -8.19206111474790166e-01
5.435228e+00 -7.28512872496150710e-01  8.93268782710498754e-02 -7.85508772581370529e-01
5.443616e+00 -5.73964932255360383e-01  6.74485826003427685e-02 -7.44547054218362869e-01
5.452004e+00 -4.19587896198072352e-01  4.58907295089712036e-02 -7.00243316559448159e-01
5.460391e+00 -2.69298447911907046e-01  2.64068581703669585e-02 -6.55885570390319361e-01
5.468779e+00 -1.26151051489174909e-01  1.01800099328308909e-02 -6.13917016830172524e-01
5.477167e+00  7.63835700990880568e-03 -2.17272671130669523e-03 -5.75836499744138419e-01
5.485555e+00  1.30600984608864379e-01 -1.05463592265025961e-02 -5.42205607165962777e-01
5.493942e+00  2.41881710684153484e-01 -1.52689929538332835e-02 -5.12746713666634490e-01
5.502330e+00  3.41091198828363085e-01 -1.70128458962816621e-02 -4.86508242211145081e-01
5.510718e+00  4.28168898767990969e-01 -1.67006636843693435e-02 -4.62069596727626097e-01
5.519105e+00  5.03276125961231391e-01 -1.54061130633913641e-02 -4.37758640042330005e-01
5.527493e+00  5.66729803602796678e-01 -1.42448614596674458e-02 -4.11858649741106919e-01
5.535881e+00  6.18977975810375391e-01 -1.42560278838097798e-02 -3.82788086553667861e-01
5.544268e+00  6.60609415992307158e-01 -1.62798577040873006e-02 -3.49243591545384036e-01
5.552656e+00  6.92382901441065401e-01 -2.08443097809359185e-02 -3.10302882946482173e-01
5.561044e+00  7.15258040398160988e-01 -2.80780496755990011e-02 -2.65488669007572675e-01
5.569432e+00  7.30409469650175946e-01 -3.76680637889591080e-02 -2.14796959642611779e-01
5.577819e+00  7.39209704205942342e-01 -4.88760632138644860e-02 -1.58693484005929114e-01
5.586207e+00  7.43172247846162870e-01 -6.06198095621352726e-02 -9.80810889536607999e-02
5.594595e+00  7.43854649186958539e-01 -7.16151818794517475e-02 -3.42400924565687756e-02
5.602982e+00  7.42729593444083180e-01 -8.05642889781034433e-02  3.12564277307253169e-02
5.611370e+00  7.41039365627269020e-01 -8.63662760460389700e-02  9.66490318718884328e-02
5.619758e+00  7.39653840188529532e-01 -8.83223309798047973e-02  1.60113984240944085e-01
5.628145e+00  7.38953726395338628e-01 -8.63055775796733593e-02  2.19891751593213586e-01
5.636533e+00  7.38758890221233200e-01 -8.08699199543563424e-02  2.74409876483436732e-01
5.644921e+00  7.38316560747437345e-01 -7.32787409112505977e-02  3.22386838253559960e-01
5.653308e+00  7.36356961844244817e-01 -6.54436854153610109e-02  3.62904587696788961e-01
5.661696e+00  7.31215461570502878e-01 -5.97744477024723456e-02  3.95441190246967056e-01
5.670084e+00  7.21011837371036246e-01 -5.89512470040623945e-02  4.19860879876563842e-01
5.678472e+00  7.03869792935329475e-01 -6.56413183438048914e-02  4.36365690705829312e-01
5.686859e+00  6.78154258356331474e-01 -8.21883626844232967e-02  4.45419333314088228e-01
5.695247e+00  6.42700744975452931e-01 -1.10308798966106167e-01  4.47658648633145917e-01
5.703635e+00  5.97010415619150026e-01 -1.50830145151823219e-01  4.43809531850678674e-01
5.712022e+00  5.41386787421751281e-01 -2.03504397188775998e-01  4.34622150640209537e-01
5.720410e+00  4.76995065294285814e-01 -2.66922864770811397e-01  4.20835044279212256e-01
5.728798e+00  4.05832618297561398e-01 -3.38549067350698119e-01  4.03170422204882972e-01
5.737185e+00  3.30608469998765919e-01 -4.14873765659050209e-01  3.82355196772837358e-01
5.745573e+00  2.54540082055826955e-01 -4.91682117872283053e-01  3.59155740165360782e-01
5.753961e+00  1.81085963191007698e-01 -5.64408996348859993e-01  3.34410678502637670e-01
5.762349e+00  1.13641253319449395e-01 -6.28546673535208433e-01  3.09046157078069150e-01
5.770736e+00  5.52291214559340257e-02 -6.80061080059280565e-01  2.84061912011948414e-01
5.779124e+00  8.22266812390264577e-03 -7.15769869389444979e-01  2.60483356839243563e-01
5.787512e+00 -2.58705193699642899e-02 -7.33638412431813491e-01  2.39283321522899523e-01
5.795899e+00 -4.65359239927067916e-02 -7.32958708858997943e-01  2.21285225342560177e-01
5.804287e+00 -5.42769465240374935e-02 -7.14390034600506652e-01  2.07065459742248631e-01
5.812675e+00 -5.05346528477549350e-02 -6.79857028567757871e-01  1.96875204959884975e-01
5.821062e+00 -3.75128306084216920e-02 -6.32318586340730793e-01  1.90600166287383188e-01
5.829450e+00 -1.79302385826444061e-02 -5.75436976998192740e-01  1.87770996037422311e-01
5.837838e+00  5.26956820072763208e-03 -5.13188638118352247e-01  1.87628476691312385e-01
5.846226e+00  2.92161200261487827e-02 -4.49464281793615528e-01  1.89237507338571226e-01
5.854613e+00  5.13831723025692799e-02 -3.87705500813502413e-01  1.91634473390542459e-01
5.863001e+00  6.98033251109783370e-02 -3.30618336582974515e-01  1.93985521570208458e-01
5.871389e+00  8.32046990626124777e-02 -2.79992427929789511e-01  1.95730005886100678e-01
5.879776e+00  9.10590296394418741e-02 -2.36639268717815432e-01  1.96684586471379264e-01
5.888164e+00  9.35421238860359577e-02 -2.00447128692072735e-01  1.97088986835296659e-01
5.896552e+00  9.14183611595572043e-02 -1.70535726051765119e-01  1.97583337178234342e-01
5.904939e+00  8.58694278583693182e-02 -1.45482693998841561e-01  1.99117872399056789e-01
5.913327e+00  7.82927472038114358e-02 -1.23587452155564395e-01  2.02806681121437238e-01
5.921715e+00  7.00966158380620513e-02 -1.03136725658328085e-01  2.09746359990442721e-01
5.930103e+00  6.25169997888339879e-02 -8.26393695395849087e-02  2.20826319709376578e-01
5.938490e+00  5.64758824618315017e-02 -6.10053932778659852e-02  2.36559234374797922e-01
5.946878e+00  5.24939608738477295e-02 -3.76536859289038212e-02  2.56957508476113705e-01
5.955266e+00  5.06625060571355770e-02 -1.25433195914203544e-02  2.81475085152888327e-01
5.963653e+00  5.06714530284055054e-02  1.38669603558529801e-02  3.09024492194070632e-01
5.972041e+00  5.18841830340147428e-02  4.07184908493570877e-02  3.38068263568928939e-01
5.980429e+00  5.34447041888586813e-02  6.68937193009234016e-02  3.66773460151050890e-01
5.988816e+00  5.44004498469093309e-02  9.11779820632815929e-02  3.93209403187518181e-01
5.997204e+00  5.38237604417218102e-02  1.12421616236864363e-01  4.15563058843261390e-01
6.005592e+00  5.09170663013557914e-02  1.29684250452090061e-01  4.32344526976125798e-01
6.013979e+00  4.50904738141264319e-02  1.42346951566559743e-01  4.42556969236081121e-01
6.022367e+00  3.60053594661862569e-02  1.50182654871404503e-01  4.45810544338479775e-01
6.030755e+00  2.35829981156434401e-02  1.53380324385246236e-01  4.42367539877958071e-01
6.039143e+00  7.98244416788810446e-03  1.52523079194087335e-01  4.33114807286979764e-01
6.047530e+00 -1.04437990548064182e-02  1.48524769667619516e-01  4.19468628250337372e-01
6.055918e+00 -3.12048971822150821e-02  1.42532965553618302e-01  4.03225003295119788e-01
6.064306e+00 -5.37251711342006111e-02  1.35808854349567854e-01  3.86374046994346521e-01
6.072693e+00 -7.73846715138557656e-02  1.29596067632077150e-01  3.70900215973039071e-01
6.081081e+00 -1.01538716835948353e-01  1.24990947101258798e-01  3.58590395793150996e-01
6.089469e+00 -1.25513034253192463e-01  1.22826251018248789e-01  3.50869555279910650e-01
6.097856e+00 -1.48576875386944196e-01  1.23578868933913663e-01  3.48679193872084237e-01
6.106244e+00 -1.69902296482039139e-01  1.27309918143879930e-01  3.52407987386578914e-01
6.114632e+00 -1.88522597872831987e-01  1.33642823459771048e-01  3.61877777689656954e-01
6.123020e+00 -2.03305650661604970e-01  1.41781824189496974e-01  3.76382055870709664e-01
6.131407e+00 -2.12957713078202160e-01  1.50570027968950859e-01  3.94768954185496124e-01
6.139795e+00 -2.16069967510950339e-01  1.58582858721607517e-01  4.15557047025269466e-01
6.148183e+00 -2.11213520144445721e-01  1.64249708298473629e-01  4.37070264304021017e-01
6.156570e+00 -1.97079793242810525e-01  1.65993986054338072e-01  4.57577861532254881e-01
6.164958e+00 -1.72653540844225739e-01  1.62379803778107207e-01  4.75426433353165756e-01
6.173346e+00 -1.37396930860595151e-01  1.52252475049026004e-01  4.89153178301359626e-01
6.181733e+00 -9.14170820325190397e-02  1.34860029504326046e-01  4.97572678242032385e-01
6.190121e+00 -3.55876547937584789e-02  1.09944163957351168e-01  4.99832833812807908e-01
6.198509e+00  2.84015477933971007e-02  7.77915211039814924e-02  4.95438868583462977e-01
6.206897e+00  9.80845987596461605e-02  3.92397895124152046e-02  4.84247270257545714e-01
6.215284e+00  1.70354370489272600e-01 -4.36248216738942176e-03  4.66433994082712355e-01
6.223672e+00  2.41683340692147530e-01 -5.12387720438914479e-02  4.42442970719847839e-01
6.232060e+00  3.08407473426256407e-01 -9.93021736133444660e-02  4.12921857652607027e-01
6.240447e+00  3.67039648259042783e-01 -1.46296142178075850e-01  3.78652190685636159e-01
6.248835e+00  4.14573524117889225e-01 -1.89944729166215770e-01  3.40480735340022878e-01
6.257223e+00  4.48739399591095711e-01 -2.28098274635554626e-01  2.99257902241734375e-01
6.265610e+00  4.68180518881893215e-01 -2.58861957593604752e-01  2.55787699392917289e-01
6.273998e+00  4.72530134086904696e-01 -2.80697543662046800e-01  2.10792119058569843e-01
6.282386e+00  4.62384286833013358e-01 -2.92492615528515909e-01  1.64891240711067366e-01
6.290774e+00  4.39180055012733217e-01 -2.93595850825931537e-01  1.18598678490509535e-01
6.299161e+00  4.05001331991666380e-01 -2.83820796477312565e-01  7.23304535378029301e-02
6.307549e+00  3.62342062330320291e-01 -2.63423472538462156e-01  2.64241755429353541e-02
6.315937e+00  3.13859253765723378e-01 -2.33060674822331143e-01 -1.88353640172467321e-02
6.324324e+00  2.62145193338567117e-01 -1.93735992505844834e-01 -6.31885173044513526e-02
6.332712e+00  2.09541286110343478e-01 -1.46739553865545630e-01 -1.06375347659990876e-01
6.341100e+00  1.58006626533506889e-01 -9.35857861934911578e-02 -1.48116178692270839e-01
6.349487e+00  1.09044863904503048e-01 -3.59515243083667543e-02 -1.88100819288047144e-01
6.357875e+00  6.36849331655753303e-02  2.43848860460561916e-02 -2.25987894702764508e-01
6.366263e+00  2.25058879067900168e-02  8.56039066425813983e-02 -2.61414309267875067e-01
6.374651e+00 -1.43063272324271303e-02  1.45905289217440753e-01 -2.94013384778476439e-01
6.383038e+00 -4.68821801062443907e-02  2.03569150426302525e-01 -3.23438955747476664e-01
6.391426e+00 -7.55821179249685920e-02  2.57017265776815551e-01 -3.49391961388965722e-01
6.399814e+00 -1.00908162764319326e-01  3.04873096134241961e-01 -3.71645872516232323e-01
6.408201e+00 -1.23419190627279948e-01  3.46017906701775457e-01 -3.90067549273765579e-01
6.416589e+00 -1.43654190746608651e-01  3.79639402042458274e-01 -4.04630890175056490e-01
6.424977e+00 -1.62067204057279479e-01  4.05268680516239377e-01 -4.15421856079156882e-01
6.433364e+00 -1.78977523575714281e-01  4.22801059309646676e-01 -4.22634806089675519e-01
6.441752e+00 -1.94538619674424540e-01  4.32496614600791085e-01 -4.26561244678424656e-01
6.450140e+00 -2.08728603254984157e-01  4.34957302458175876e-01 -4.27572965133444616e-01
6.458527e+00 -2.21363573875051262e-01  4.31079267728687321e-01 -4.26102116741356673e-01
6.466915e+00 -2.32132997735430446e-01  4.21981295622328667e-01 -4.22620749482351010e-01
6.475303e+00 -2.40653639291056182e-01  4.08913201045945751e-01 -4.17621892770355996e-01
6.483691e+00 -2.46535960390565800e-01  3.93151002275874739e-01 -4.11603458212985496e-01
6.492078e+00 -2.49454828231941456e-01  3.75888407249940770e-01 -4.05055436623629250e-01
6.500466e+00 -2.49215344885482248e-01  3.58135817403908874e-01 -3.98450052469952132e-01
6.508854e+00 -2.45804887738260924e-01  3.40638322039354569e-01 -3.92233888449049106e-01
6.517241e+00 -2.39423990027676892e-01  3.23822810499532932e-01 -3.86820719823246284e-01
6.525629e+00 -2.30491291801560388e-01  3.07781305295018903e-01 -3.82583925582771656e-01
6.534017e+00 -2.19621141090443506e-01  2.92293201164217364e-01 -3.79847714395029068e-01
6.542404e+00 -2.07576031791610105e-01  2.76884023222762232e-01 -3.78876941496671671e-01
6.550792e+00 -1.95199358940154444e-01  2.60913479161948347e-01 -3.79865967126278292e-01
6.559180e+00 -1.83336518503052159e-01  2.43681691897788738e-01 -3.82927638305976037e-01
6.567568e+00 -1.72753891202067217e-01  2.24540135943128466e-01 -3.88083862877322217e-01
6.575955e+00 -1.64065498209795796e-01  2.02993413664904643e-01 -3.95259370706863233e-01
6.584343e+00 -1.57676026462690466e-01  1.78779652210006468e-01 -4.04280160192484250e-01
6.592731e+00 -1.53746701073423864e-01  1.51920536481462226e-01 -4.14877758009711661e-01
6.601118e+00 -1.52187503562228293e-01  1.22736192091954133e-01 -4.26699792434431902e-01
6.609506e+00 -1.52675889155554662e-01  9.18247087527551409e-02 -4.39326658464375686e-01
6.617894e+00 -1.54698907002726482e-01  6.00104033740733595e-02 -4.52293356944267699e-01
6.626281e+00 -1.57612984898229586e-01  2.82683078966478561e-02 -4.65114948450764731e-01
6.634669e+00 -1.60713950629898211e-01 -2.36553032166469295e-03 -4.77313568828416523e-01
6.643057e+00 -1.63309231839246755e-01 -3.08875501825000287e-02 -4.88444728658020355e-01
6.651445e+00 -1.64784590635074252e-01 -5.64140348733418867e-02 -4.98120657643790932e-01
6.659832e+00 -1.64659069972015654e-01 -7.82539240769466460e-02 -5.06028703445593586e-01
6.668220e+00 -1.62623727556026026e-01 -9.59609785306670404e-02 -5.11943267698932503e-01
6.676608e+00 -1.58561832251136403e-01 -1.09361814594919712e-01 -5.15730420279588486e-01
6.684995e+00 -1.52550240512795837e-01 -1.18558967803143803e-01 -5.17345030875380640e-01
6.693383e+00 -1.44843466497114853e-01 -1.23910588843413008e-01 -5.16820921104480302e-01
6.701771e+00 -1.35843335374108226e-01 -1.25990359761939757e-01 -5.14255181789605609e-01
6.710158e+00 -1.26058014071454588e-01 -1.25532569994607324e-01 -5.09788334586244396e-01
6.718546e+00 -1.16054717666012233e-01 -1.23368039854017231e-01 -5.03582326664815172e-01
6.726934e+00 -1.06410527351151044e-01 -1.20356798938487469e-01 -4.95798464888436152e-01
6.735322e+00 -9.76655183405452793e-02 -1.17323138274866359e-01 -4.86577389930779203e-01
6.743709e+00 -9.02818505536672200e-02 -1.14997941485427316e-01 -4.76022992890003993e-01
6.752097e+00 -8.46117262299400930e-02 -1.13972239010764240e-01 -4.64191742166729426e-01
6.760485e+00 -8.08762054810833048e-02 -1.14664829804965548e-01 -4.51088330823522066e-01
6.768872e+00 -7.91558357084533176e-02 -1.17305581697837613e-01 -4.36667960982373426e-01
6.777260e+00 -7.93930213668122137e-02 -1.21934707834614242e-01 -4.20844921586730314e-01
6.785648e+00 -8.14051497276756381e-02 -1.28417060260441585e-01 -4.03506433751891047e-01
6.794035e+00 -8.49067147662913579e-02 -1.36469370217552788e-01 -3.84530185659726409e-01
6.802423e+00 -8.95380603700322852e-02 -1.45697412813945326e-01 -3.63803625175755208e-01
6.810811e+00 -9.48979613079637963e-02 -1.55639358991885662e-01 -3.41242908931269850e-01
6.819199e+00 -1.00577103949676852e-01 -1.65811244220820136e-01 -3.16809458695137491e-01
6.827586e+00 -1.06189582538206581e-01 -1.75750570202645395e-01 -2.90522378703623352e-01
6.835974e+00 -1.11399785830253562e-01 -1.85054466050826427e-01 -2.62465473688565820e-01
6.844362e+00 -1.15942554310445797e-01 -1.93409502321632149e-01 -2.32788202579463921e-01
6.852749e+00 -1.19635223189568568e-01 -2.00611168467252438e-01 -2.01700561512980242e-01
6.861137e+00 -1.22381031398026946e-01 -2.06572084417805696e-01 -1.69462513037294538e-01
6.869525e+00 -1.24164279653238091e-01 -2.11319021657887907e-01 -1.36369075435430503e-01
6.877912e+00 -1.25038496476922029e-01 -2.14979675138396636e-01 -1.02732567462216262e-01
6.886300e+00 -1.25109608813489093e-01 -2.17760888271545466e-01 -6.88637606915077638e-02
6.894688e+00 -1.24516574589922310e-01 -2.19920638257293383e-01 -3.50537348950444860e-02
6.903075e+00 -1.23412061842902682e-01 -2.21736422051769605e-01 -1.55807557452443532e-03
6.911463e+00 -1.21945582772964814e-01 -2.23472761630831629e-01  3.14151776484070111e-02
6.919851e+00 -1.20251031775296807e-01 -2.25350475104490411e-01  6.37127371708904322e-02
6.928239e+00 -1.18439855156723423e-01 -2.27520132476023457e-01  9.52378292840144053e-02
6.936626e+00 -1.16600201530165204e-01 -2.30041679758679563e-01  1.25946493479561356e-01
6.945014e+00 -1.14801510855100250e-01 -2.32871653169807957e-01  1.55838887851411562e-01
6.953402e+00 -1.13103184779826130e-01 -2.35858844084073233e-01  1.84946507091379414e-01
6.961789e+00 -1.11565313363816032e-01 -2.38748724902236059e-01  2.13316691963567451e-01
6.970177e+00 -1.10259036311550582e-01 -2.41196378420626578e-01  2.40996141010709097e-01
6.978565e+00 -1.09274085421182818e-01 -2.42787149347265058e-01  2.68015157911941859e-01
6.986952e+00 -1.08721384220656372e-01 -2.43063814878355267e-01  2.94374216462180260e-01
6.995340e+00 -1.08729237284367647e-01 -2.41558713934791364e-01  3.20034226684176193e-01
7.003728e+00 -1.09432594114141343e-01 -2.37828938692758479e-01  3.44911502436261674e-01
7.012116e+00 -1.10956004664776717e-01 -2.31492403929273699e-01  3.68877820271157231e-01
7.020503e+00 -1.13392001915543800e-01 -2.22262401820728706e-01  3.91765376690015321e-01
7.028891e+00 -1.16777593570509777e-01 -2.09978125632249352e-01  4.13376042040832670e-01
7.037279e+00 -1.21072196002505170e-01 -1.94628628771211371e-01  4.33493937899949555e-01
7.045666e+00 -1.26140546514665330e-01 -1.76367829501731521e-01  4.51900014038871367e-01
7.054054e+00 -1.31743786992323947e-01 -1.55518528970719910e-01  4.68387177610339489e-01
7.062442e+00 -1.37541068746988543e-01 -1.32564025582534745e-01  4.82774658154770941e-01
7.070829e+00 -1.43102788640439543e-01 -1.08126795661133229e-01  4.94920472655654975e-01
7.079217e+00 -1.47935038696962978e-01 -8.29348179489062670e-02  5.04731037639781999e-01
7.087605e+00 -1.51513249473799849e-01 -5.77773588917265823e-02  5.12167292490411485e-01
7.095993e+00 -1.53321636101123510e-01 -3.34533007059068105e-02  5.17247116370427973e-01
7.104380e+00 -1.52894130914641158e-01 -1.07162085306945279e-02  5.20044153913028051e-01
7.112768e+00 -1.49852118774817966e-01  9.77894017044320801e-03  5.20683384005605321e-01
7.121156e+00 -1.43934600842991312e-01  2.75222668878679598e-02  5.19333983897393936e-01
7.129543e+00 -1.35017435133911845e-01  4.21840703817247045e-02  5.16200241754782185e-01
7.137931e+00 -1.23119835186075915e-01  5.36348235946145779e-02  5.11511324896526509e-01
7.146319e+00 -1.08398050275934452e-01  6.19480162631073292e-02  5.05510614571346939e-01
7.154706e+00 -9.11278756062047640e-02  6.73856790952884060e-02  4.98445205276337788e-01
7.163094e+00 -7.16790883807847390e-02  7.03683405190861921e-02  4.90556087715665223e-01
7.171482e+00 -5.04857396985442172e-02  7.14328249401503523e-02  4.82069406582816384e-01
7.179870e+00 -2.80163007589963736e-02  7.11825187115152913e-02  4.73188999414412115e-01
7.188257e+00 -4.74708501760497115e-03  7.02353334173709404e-02  4.64090319512141025e-01
7.196645e+00  1.88587013098213754e-02  6.91744931809381985e-02  4.54915872481977679e-01
7.205033e+00  4.23653405909842629e-02  6.85065465434632065e-02  4.45772302763251693e-01
7.213420e+00  6.53728950363352962e-02  6.86298445546742464e-02  4.36729179245216315e-01
7.221808e+00  8.75209137999746617e-02  6.98153308440311871e-02  4.27819477605628828e-01
7.230196e+00  1.08489563411851328e-01  7.22000523397840904e-02  4.19041769477752402e-01
7.238583e+00  1.28000202808724484e-01  7.57925119833512545e-02  4.10364027781437102e-01
7.246971e+00  1.45816939207059099e-01  8.04879900829242600e-02  4.01728732495383378e-01
7.255359e+00  1.61749815123252511e-01  8.60913354056438290e-02  3.93058835634762460e-01
7.263747e+00  1.75659337940734878e-01  9.23444641388455195e-02  3.84264147452348548e-01
7.272134e+00  1.87461370633082713e-01  9.89558135157891511e-02  3.75247655564523719e-01
7.280522e+00  1.97131006985928114e-01  1.05629193264984059e-01  3.65911241974663626e-01
7.288910e+00  2.04703994060259936e-01  1.12089841998985695e-01  3.56160427599380158e-01
7.297297e+00  2.10274632432864095e-01  1.18105969343922201e-01  3.45908032379587838e-01
7.305685e+00  2.13989764162884899e-01  1.23504527122535748e-01  3.35076748287407356e-01
7.314073e+00  2.16039149128822883e-01  1.28180391563156748e-01  3.23600689614520765e-01
7.322460e+00  2.16643081095764495e-01  1.32098657172918049e-01  3.11426167313599456e-01
7.330848e+00  2.16038497241075017e-01  1.35290322441016270e-01  2.98512023557454875e-01
7.339236e+00  2.14464988831600867e-01  1.37842143235244685e-01  2.84829710129085756e-01
7.347623e+00  2.12151945602324365e-01  1.39881837473053328e-01  2.70363158731351527e-01
7.356011e+00  2.09307709098820821e-01  1.41560238193349730e-01  2.55108514987688051e-01
7.364399e+00  2.06111263366733827e-01  1.43032310391714379e-01  2.39073755158328349e-01
7.372787e+00  2.02706679082860691e-01  1.44438978306631438e-01  2.22278041111910712e-01
7.381174e+00  1.99200255247825225e-01  1.45891505759621509e-01  2.04750690833836568e-01
7.389562e+00  1.95660168517840016e-01  1.47459894388222129e-01  1.86529845969583302e-01
7.397950e+00  1.92118446542345556e-01  1.49166359418327898e-01  1.67660992078802001e-01
7.406337e+00  1.88575087303410022e-01  1.50984322126773124e-01  1.48195445793145170e-01
7.414725e+00  1.85004083995062046e-01  1.52842705275334861e-01  1.28189012954142173e-01
7.423113e+00  1.81361028655049411e-01  1.54634841072381402e-01  1.07701130620985908e-01
7.431500e+00  1.77591848974900796e-01  1.56230928608402153e-01  8.67946724915064222e-02
7.439888e+00  1.73642048234374319e-01  1.57492619358861830e-01  6.55363607725634456e-02
7.448276e+00  1.69465646216601151e-01  1.58288119733695165e-01  4.39976423643008430e-02
7.456664e+00  1.65032962460037708e-01  1.58506283685637878e-01  2.22558396490376044e-02
7.465051e+00  1.60336440131867736e-01  1.58068364742033118e-01  3.95215821440993978e-04
7.473439e+00  1.55393856598230906e-01  1.56936299307486843e-01 -2.14925120120821392e-02
7.481827e+00  1.50248533506819409e-01  1.55116728189742065e-01 -4.33085464674113838e-02
7.490214e+00  1.44966519192077065e-01  1.52660464499776688e-01 -6.49484052980758703e-02
7.498602e+00  1.39631071242226651e-01  1.49657597305212969e-01 -8.63043737969870911e-02
7.506990e+00  1.34335068682724296e-01  1.46228797367920382e-01 -1.07268923613113007e-01
7.515377e+00  1.29172225381339628e-01  1.42513756498883565e-01 -1.27738762532242978e-01
7.523765e+00  1.24228101877814454e-01  1.38658015991264788e-01 -1.47618997388901024e-01
7.532153e+00  1.19571877976249366e-01  1.34799560997526435e-01 -1.66826913634326668e-01
7.540541e+00  1.15249702495584402e-01  1.31056470775047951e-01 -1.85294959204299003e-01
7.548928e+00  1.11280225397398180e-01  1.27516742537640448e-01 -2.02972537690203708e-01
7.557316e+00  1.07652632294920184e-01  1.24231158095283595e-01 -2.19826298719125290e-01
7.565704e+00  1.04327190099772191e-01  1.21209696853625593e-01 -2.35838869071730711e-01
7.574091e+00  1.01238074588000368e-01  1.18421607136301385e-01 -2.51006216025802975e-01
7.582479e+00  9.82980949475098786e-02  1.15798935922109450e-01 -2.65333917916217965e-01
7.590867e+00  9.54048111399130316e-02  1.13243060873122067e-01 -2.78832689106049858e-01
7.599254e+00  9.24474894300979511e-02  1.10633542016782105e-01 -2.91513684875009449e-01
7.607642e+00  8.93143915757632495e-02  1.07838470176282369e-01 -3.03384187881761913e-01
7.616030e+00  8.58999644551795977e-02  1.04725441213137649e-01 -3.14444122960445549e-01
7.624418e+00  8.21115254845034420e-02  1.01172266575295169e-01 -3.24683690615793830e-01
7.632805e+00  7.78750757543574257e-02  9.70765524918089928e-02 -3.34082372766455860e-01
7.641193e+00  7.31399415860972957e-02  9.23633998258658190e-02 -3.42609423051648099e-01
7.649581e+00  6.78819831992476530e-02  8.69906627510793756e-02 -3.50225662828140105e-01
7.657968e+00  6.21051186598853555e-02  8.09514007045433887e-02 -3.56886252457024600e-01
7.666356e+00  5.58409802987462969e-02  7.42733984204303060e-02 -3.62544145100572923e-01
7.674744e+00  4.91466619888452222e-02  6.70159354250367822e-02 -3.67153899696297414e-01
7.683131e+00  4.21006624653798359e-02  5.92642652914660908e-02 -3.70675445801056325e-01
7.691519e+00  3.47972751924222681e-02  5.11224372113597142e-02 -3.73077488279401293e-01
7.699907e+00  2.73398536449334165e-02  4.27052009904613991e-02 -3.74340418754207260e-01
7.708295e+00  1.98335528557390568e-02  3.41298097403221409e-02 -3.74458625094046982e-01
7.716682e+00  1.23782324120109664e-02  2.55084901666479437e-02 -3.73442063083283260e-01
7.725070e+00  5.06218768860619041e-03  1.69421558799025887e-02 -3.71317035330097633e-01
7.733458e+00 -2.04270497960427812e-03  8.51571584599881970e-03 -3.68126167142823313e-01
7.741845e+00 -8.88397803291784104e-03  2.95166429635653090e-04 -3.63927497628653118e-01
7.750233e+00 -1.54294607544968980e-02 -7.67352229965634781e-03 -3.58792606198316044e-01
7.758621e+00 -2.16661027178275331e-02 -1.53639409161439727e-02 -3.52803810463605372e-01
7.767008e+00 -2.75970114047470114e-02 -2.27675432101571533e-02 -3.46050541586701010e-01
7.775396e+00 -3.32371418928770687e-02 -2.98910378838624022e-02 -3.38625063803500770e-01
7.783784e+00 -3.86081984836086356e-02 -3.67531605184104326e-02 -3.30617869746109627e-01
7.792171e+00 -4.37334010748732030e-02 -4.33811598272076798e-02 -3.22113215190623525e-01
7.800559e+00 -4.86327417622343383e-02 -4.98072862987301856e-02 -3.13185237148217333e-01
7.808947e+00 -5.33192020554809701e-02 -5.60653964261306065e-02 -3.03895056241866912e-01
7.817335e+00 -5.77962498129447333e-02 -6.21877031949384512e-02 -2.94289221389027689e-01
7.825722e+00 -6.20568163591770569e-02 -6.82017700245169667e-02 -2.84399661090913414e-01
7.834110e+00 -6.60837593074183605e-02 -7.41278393306308153e-02 -2.74245034580119007e-01
7.842498e+00 -6.98515866946671782e-02 -7.99764921638256576e-02 -2.63833225971326357e-01
7.850885e+00 -7.33291238060319317e-02 -8.57466993293862362e-02 -2.53164628305899142e-01
7.859273e+00 -7.64828089974759484e-02 -9.14245171280171770e-02 -2.42235728152475654e-01
7.867661e+00 -7.92802509281467227e-02 -9.69827044312387976e-02 -2.31042495277963333e-01
7.876048e+00 -8.16936443525478340e-02 -1.02381409034672397e-01 -2.19583260984761552e-01
7.884436e+00 -8.37027683233157876e-02 -1.07570044276940058e-01 -2.07860909305310954e-01
7.892824e+00 -8.52974360423968264e-02 -1.12490461635985056e-01 -1.95884268858780797e-01
7.901212e+00 -8.64792645472596405e-02 -1.17081266025729103e-01 -1.83668745743013673e-01
7.909599e+00 -8.72626299245099629e-02 -1.21282777509921794e-01 -1.71236387092899817e-01
7.917987e+00 -8.76747853954149697e-02 -1.25042023931546231e-01 -1.58615522544676174e-01
7.926375e+00 -8.77551633995283659e-02 -1.28317150525727952e-01 -1.45840036786055088e-01
7.934762e+00 -8.75537914191891059e-02 -1.31080565528418125e-01 -1.32948343854891793e-01
7.943150e+00 -8.71287566758063153e-02 -1.33320207230197912e-01 -1.19982124135484911e-01
7.951538e+00 -8.65428160795295026e-02 -1.35038699383747990e-01 -1.06984795991185641e-01
7.959925e+00 -8.58593488356462903e-02 -1.36250601774627944e-01 -9.39997154252390499e-02
7.968313e+00 -8.51378826700412428e-02 -1.36978228133497221e-01 -8.10682229105645080e-02
7.976701e+00 -8.44295844629408543e-02 -1.37246734236675411e-01 -6.82277013651881314e-02
7.985089e+00 -8.37733056553208455e-02 -1.37079425867138088e-01 -5.55098175153186033e-02
7.993476e+00 -8.31927639251941048e-02 -1.36494237125277251e-01 -4.29391862047833819e-02
8.001864e+00 -8.26952852664297189e-02 -1.35502010546052237e-01 -3.05326802543545439e-02
8.010252e+00 -8.22724013087205858e-02 -1.34106835817822040e-01 -1.82994605555903932e-02
8.018639e+00 -8.19023870576764540e-02 -1.32308383895046039e-01 -6.24170918844228848e-03
8.027027e+00 -8.15544232068158848e-02 -1.30105786180722910e-01  5.64399510268580838e-03
8.035415e+00 -8.11936966617448214e-02 -1.27502236061375451e-01  1.73648656455886556e-02
8.043802e+00 -8.07866086092746266e-02 -1.24509376875804489e-01  2.89299715038746318e-02
8.052190e+00 -8.03052266414384375e-02 -1.21150666523823142e-01  4.03483823728986099e-02
8.060578e+00 -7.97301437702873650e-02 -1.17463087940768443e-01  5.16274974325026809e-02
8.068966e+00 -7.90511749804374275e-02 -1.13496825529244422e-01  6.27716865591817219e-02
8.077353e+00 -7.82658285265191433e-02 -1.09312922622803260e-01  7.37812917807085661e-02
8.085741e+00 -7.73759563569300646e-02 -1.04979312978622216e-01  8.46518412443531681e-02
8.094129e+00 -7.63833088959691153e-02 -1.00565819339907270e-01  9.53733306779687567e-02
8.102516e+00 -7.52849939355946657e-02 -9.61388120037535154e-02  1.05929583075001429e-01
8.110904e+00 -7.40699706793574442e-02 -9.17562765298078342e-02  1.16297702505238937e-01
8.119292e+00 -7.27174927467959253e-02 -8.74639383399551662e-02  1.26447609316226450e-01
8.127679e+00 -7.11979510884683808e-02 -8.32928365468287024e-02  1.36341814459330607e-01
8.136067e+00 -6.94761105447740945e-02 -7.92585036831842671e-02  1.45935718103745227e-01
8.144455e+00 -6.75162855535460377e-02 -7.53617217411073487e-02  1.55178584939557440e-01
8.152842e+00 -6.52885250724619809e-02 -7.15905964506611675e-02  1.64015222835099533e-01
8.161230e+00 -6.27746035507836947e-02 -6.79235028381023481e-02  1.72388402063651025e-01
8.169618e+00 -5.99727085546408467e-02 -6.43324373709411312e-02  1.80241925531079539e-01
8.178006e+00 -5.68999972560867359e-02 -6.07863719234185904e-02  1.87523999503773242e-01
8.186393e+00 -5.35925197106196793e-02 -5.72542311476966284e-02  1.94190482154855265e-01
8.194781e+00 -5.01024746975561527e-02 -5.37072107364137338e-02  2.00207669602935096e-01
8.203169e+00 -4.64933096118360645e-02 -5.01203627560277351e-02  2.05554270756872409e-01
8.211556e+00 -4.28335041121129523e-02 -4.64735195021851524e-02  2.10222243449525698e-01
8.219944e+00 -3.91899428074390307e-02 -4.27516521639253258e-02  2.14216387446474338e-01
8.228332e+00 -3.56217838032224163e-02 -3.89448157601216469e-02  2.17552817125260783e-01
8.236719e+00 -3.21756354672160169e-02 -3.50479105967090726e-02  2.20256523887800121e-01
8.245107e+00 -2.88825202972957974e-02 -3.10604318048911428e-02  2.22358340067800531e-01
8.253495e+00 -2.57567126075107754e-02 -2.69862392932198394e-02  2.23891743887534467e-01
8.261883e+00 -2.27963247717987288e-02 -2.28333393109592664e-02  2.24889928929978805e-01
8.270270e+00 -1.99853698220633473e-02 -1.86136677946613857e-02  2.25383447822892408e-01
8.278658e+00 -1.72968258550775765e-02 -1.43427819242467249e-02  2.25398656194622626e-01
8.287046e+00 -1.46961633861807835e-02 -1.00393168204303204e-02  2.24957054949711827e-01
8.295433e+00 -1.21449425422006999e-02 -5.72415896466497466e-03  2.24075435460852512e-01
8.303821e+00 -9.60419304097078624e-03 -1.41938829974085513e-03  2.22766619549200545e-01
8.312209e+00 -7.03729417147170872e-03  2.85294498689366276e-03  2.21040546310748764e-01
8.320596e+00 -4.41218817794813457e-03  7.07209737661345424e-03  2.18905391531866889e-01
8.328984e+00 -1.70295389705428231e-03  1.12197560532540253e-02  2.16368417251513123e-01
8.337372e+00  1.10919450081674699e-03  1.52808086010146060e-02  2.13436406917435068e-01
8.345760e+00  4.03545770950779550e-03  1.92436636981872730e-02  2.10115671309013097e-01
8.354147e+00  7.07943593408492770e-03  2.31001015427977109e-02  2.06411671858939827e-01
8.362535e+00  1.02373498525757424e-02  2.68446848680908220e-02  2.02328455686617087e-01
8.370923e+00  1.34983901110336049e-02  3.04738703064836788e-02  1.97868240282117858e-01
8.379310e+00  1.68451772744463678e-02  3.39850454816404274e-02  1.93031424842799171e-01
8.387698e+00  2.02542732997103847e-02  3.73756916123742441e-02  1.87817175664702407e-01
8.396086e+00  2.36967017378499588e-02  4.06428085161257280e-02  1.82224693289964268e-01
8.404473e+00  2.71385667039843424e-02  4.37826942170874145e-02  1.76255137616128044e-01
8.412861e+00  3.05418927844828998e-02  4.67910848863065595e-02  1.69913913111191389e-01
8.421249e+00  3.38657162272164719e-02  4.96635454055732450e-02  1.63212888323245708e-01
8.429637e+00  3.70674432093379760e-02  5.23959557416188160e-02  1.56172180054722470e-01
8.438024e+00  4.01045245662083744e-02  5.49849553545279993e-02  1.48821126509858292e-01
8.446412e+00  4.29364028218721799e-02  5.74282156258307391e-02  1.41198084922556560e-01
8.454800e+00  4.55265533290326388e-02  5.97244415092293424e-02  1.33348943756588595e-01
8.463187e+00  4.78444330804978432e-02  6.18730976683945846e-02  1.25324544004221661e-01
8.471575e+00  4.98671740403721364e-02  6.38739321260168302e-02  1.17177318982650519e-01
8.479963e+00  5.15808073305062745e-02  6.57263816453081823e-02  1.08957563617623057e-01
8.488350e+00  5.29808115320348771e-02  6.74289558841875830e-02  1.00709924528146325e-01
8.496738e+00  5.40719134623064562e-02  6.89787291409605929e-02  9.24706951914613939e-02
8.505126e+00  5.48671873435051180e-02  7.03710432140044473e-02  8.42662691882263837e-02
8.513514e+00  5.53865460267541701e-02  7.15994525606046817e-02  7.61129222937951960e-02
8.521901e+00  5.56548026346216779e-02  7.26559137553981216e-02  6.80179580586545152e-02
8.530289e+00  5.56995799695272284e-02  7.35312226016209686e-02  5.99819864931326607e-02
8.538677e+00  5.55493348342960061e-02  7.42156611485066259e-02  5.20018589445610940e-02
8.547064e+00  5.52316800993233256e-02  7.46997691452094131e-02  4.40737467447081602e-02
8.555452e+00  5.47721297157927403e-02  7.49751681316843666e-02  3.61958950023656967e-02
8.563840e+00  5.41933241438160018e-02  7.50353930156115873e-02  2.83706133491688564e-02
8.572227e+00  5.35146786598917137e-02  7.48766645844580886e-02  2.06052176573285305e-02
8.580615e+00  5.27523231948065496e-02  7.44985182715681982e-02  1.29118921567067495e-02
8.589003e+00  5.19192089717612423e-02  7.39042345929546568e-02  5.30662808612742017e-03
8.597390e+00  5.10252730704059340e-02  7.31010389561044943e-02 -2.19247685887608316e-03
8.605778e+00  5.00775707555770125e-02  7.21000230118805652e-02 -9.56715302875324122e-03
8.614166e+00  4.90803558433179216e-02  7.09157469825094366e-02 -1.68007104424005502e-02
8.622554e+00  4.80351628262831523e-02  6.95655358663293394e-02 -2.38792929987886073e-02
8.630941e+00  4.69409563701602625e-02  6.80685282629723137e-02 -3.07924173986188210e-02
8.639329e+00  4.57944094509186439e-02  6.64445591380101036e-02 -3.75327102922513173e-02
8.647717e+00  4.45903799261396019e-02  6.47129947960553981e-02 -4.40949705718724216e-02
8.656104e+00  4.33226161285051523e-02  6.28916813403326280e-02 -5.04748104916726767e-02
8.664492e+00  4.19846434290012602e-02  6.09961671602871208e-02 -5.66671211376379644e-02
8.672880e+00  4.05707530130841668e-02  5.90393089379004365e-02 -6.26646485982004786e-02
8.681267e+00  3.90770170288096269e-02  5.70312998255339404e-02 -6.84570177906659999e-02
8.689655e+00  3.75022191793499063e-02  5.49800781311986925e-02 -7.40303996904050493e-02
8.698043e+00  3.58485630806090472e-02  5.28919842319577754e-02 -7.93678265317521725e-02
8.706431e+00  3.41220666846880696e-02  5.07724560165484090e-02 -8.44501387580908619e-02
8.714818e+00  3.23325988509075499e-02  4.86265271155209844e-02 -8.92575090379637698e-02
8.723206e+00  3.04935082795750809e-02  4.64589383332810746e-02 -9.37712875954878761e-02
8.731594e+00  2.86208205839663422e-02  4.42737794793640546e-02 -9.79758293287514292e-02
8.739981e+00  2.67320752202292039e-02  4.20737160816761283e-02 -1.01860092918698478e-01
8.748369e+00  2.48449416577297306e-02  3.98589996642609648e-02 -1.05418837614304275e-01
8.756757e+00  2.29757620556342579e-02  3.76265859336456926e-02 -1.08653174013122467e-01
8.765144e+00  2.11382033156112190e-02  3.53697406817325352e-02 -1.11570357431293579e-01
8.773532e+00  1.93422575407589774e-02  3.30784534811503841e-02 -1.14182949048758073e-01
8.781920e+00  1.75937923141513963e-02  3.07408182013454746e-02 -1.16507496656944459e-01
8.790308e+00  1.58947231560562265e-02  2.83453230405609109e-02 -1.18562843105467608e-01
8.798695e+00  1.42437722072515302e-02  2.58837515376272795e-02 -1.20368291488158780e-01
8.807083e+00  1.26376950563478283e-02  2.33541743238979797e-02 -1.21941927882693660e-01
8.815471e+00  1.10727284579639519e-02  2.07633906230067118e-02 -1.23299252333197260e-01
8.823858e+00  9.54589221091629511e-03  1.81282122458571726e-02 -1.24452148016507377e-01
8.832246e+00  8.05579785519259031e-03  1.54751556083024527e-02 -1.25408250424086709e-01
8.840634e+00  6.60275099258089606e-03  1.28383817252534522e-02 -1.26170746693160474e-01
8.849021e+00  5.18806675163492863e-03  1.02560637797662335e-02 -1.26738513418267779e-01
8.857409e+00  3.81266521959884065e-03  7.76569687933802502e-03 -1.27106490318972587e-01
8.865797e+00  2.47524122945374896e-03  5.39910196919874200e-03 -1.27266261770843936e-01
8.874185e+00  1.17050238536795448e-03  3.17795811760229405e-03 -1.27206820253558256e-01
8.882572e+00 -1.12011949388164257e-04  1.11062023401024140e-03 -1.26915456978753838e-01
8.890960e+00 -1.38812506375232637e-03 -8.09235248766284753e-04 -1.26378743869787757e-01
8.899348e+00 -2.67794687120053278e-03 -2.60191145006726313e-03 -1.25583574789049829e-01
8.907735e+00 -4.00345141777378767e-03 -4.29907503503100183e-03 -1.24518202949272655e-01
8.916123e+00 -5.38497815381750421e-03 -5.93967942903082542e-03 -1.23173204497628544e-01
8.924511e+00 -6.83722945747647186e-03 -7.56508870394183037e-03 -1.21542300025756014e-01
8.932898e+00 -8.36545019326897545e-03 -9.21413813911630894e-03 -1.19622960467826556e-01
8.941286e+00 -9.96249911011554308e-03 -1.09188279374723453e-02 -1.17416763834683871e-01
8.949674e+00 -1.16075008338585809e-02 -1.27011899981604223e-02 -1.14929528411624321e-01
8.958062e+00 -1.32665504843743967e-02 -1.45716129938287201e-02 -1.12171252582711045e-01
8.966449e+00 -1.48955338731665728e-02 -1.65286469371308913e-02 -1.09155888529389289e-01
8.974837e+00 -1.64447534453649111e-02 -1.85601057247206346e-02 -1.05901012849010281e-01
8.983225e+00 -1.78647858699194674e-02 -2.06451306707164280e-02 -1.02427444504897144e-01
8.991612e+00 -1.91127421217911347e-02 -2.27567723208484500e-02 -9.87587829877963896e-02
9.000000e+00 -2.01579372586118202e-02 -2.48646535719487874e-02 -9.49208180129089418e-02
