# Author: SW4
# Scenario: test
# Date: UTC  09/20/2017:20:28:05.000
# Bandwith (Hz): 1.234000e+00
# Station: sta01
# Target location (WGS84 longitude, latitude) (deg): 1.181780e+02 3.714014e+01
# Actual location (WGS84 longitude, latitude) (deg): 1.181780e+02 3.714014e+01
# Distance from target to actual location (m): 0.000000e+00
# nColumns: 4
# Column 1: Time (s)
# Column 2: X displacement (m)
# Column 3: Y displacement (m)
# Column 4: Z displacement (m)
0.000000e+00  0.00000000000000000e+00  0.00000000000000000e+00  0.00000000000000000e+00
8.387698e-03  0.00000000000000000e+00  0.00000000000000000e+00  0.00000000000000000e+00
1.677540e-02  0.00000000000000000e+00  0.00000000000000000e+00  0.00000000000000000e+00
2.516309e-02  0.00000000000000000e+00  0.00000000000000000e+00  0.00000000000000000e+00
3.355079e-02  0.00000000000000000e+00  0.00000000000000000e+00  0.00000000000000000e+00
4.193849e-02  0.00000000000000000e+00  0.00000000000000000e+00  0.00000000000000000e+00
5.032619e-02  0.00000000000000000e+00  0.00000000000000000e+00  0.00000000000000000e+00
5.871389e-02  0.00000000000000000e+00  0.00000000000000000e+00  0.00000000000000000e+00
6.710158e-02  0.00000000000000000e+00  0.00000000000000000e+00  0.00000000000000000e+00
7.548928e-02  0.00000000000000000e+00  0.00000000000000000e+00  0.00000000000000000e+00
8.387698e-02  1.82680838048461027e-45  1.93280407558836291e-45  8.42131330526380627e-45
9.226468e-02  1.84082048610881540e-40  1.75134227856693594e-40  1.19525944264902749e-39
1.006524e-01  3.26289494538819094e-37  3.27199635141993662e-37  2.77132644224703243e-36
1.090401e-01  8.77820277777700641e-35  9.61521732447828138e-35  6.97583944810109585e-34
1.174278e-01  6.17249686674838174e-33  6.92307233169956905e-33  3.04452591192676104e-32
1.258155e-01 -2.48464407894094095e-32 -2.61861851204662283e-32 -1.94660949894266336e-31
1.342032e-01 -9.08613658417611727e-31 -1.03805744761243032e-30 -2.46583338729129054e-30
1.425909e-01  1.51946159317970344e-29  1.71322861130344048e-29  4.48918768156147461e-29
1.509786e-01 -1.33433784839831609e-28 -1.49758818604699458e-28 -3.65101453292849318e-28
1.593663e-01  7.75595799357966501e-28  8.66125061423753504e-28  1.89171859093548136e-27
1.677540e-01 -2.36846754009044807e-27 -2.59417207304944950e-27 -5.18643084823062027e-27
1.761417e-01 -7.77285323508016524e-27 -9.23060589676522517e-27 -8.78320578690031503e-27
1.845294e-01  1.46902510705030506e-25  1.66311001183449849e-25  1.39524317761482497e-25
1.929171e-01 -7.84529216988091625e-25 -8.65677786400300213e-25 -5.14802958939390236e-25
2.013048e-01  2.32823952658122657e-25  5.04052888854023241e-26  3.42210634449713416e-24
2.096925e-01  1.92382945779062749e-23  2.25462953910621962e-23 -3.53371665736926788e-23
2.180801e-01 -4.92137659946143726e-23 -5.07795544075159016e-23  8.56253030214707188e-24
2.264678e-01 -4.38050833061601631e-22 -5.57458799223410684e-22  1.91701709348914808e-21
2.348555e-01  9.49266371867812645e-22  1.01689783379917585e-21 -4.02119276882666616e-21
2.432432e-01  1.42672280178646510e-20  1.86843578288893464e-20 -6.27256623849564588e-20
2.516309e-01  1.23160303184350194e-21  4.88846734974616028e-21  8.60778871159193274e-20
2.600186e-01 -4.05733564011016814e-19 -5.33496269500728623e-19  1.70983802012178314e-18
2.684063e-01 -9.98752030838153172e-19 -1.38960518420339705e-18  1.27833856271884507e-18
2.767940e-01  6.80735657351924342e-18  8.85005384958771683e-18 -3.20532064803812933e-17
2.851817e-01  3.92178739464650751e-17  5.34643978430649958e-17 -1.11332420025098162e-16
2.935694e-01 -9.02921364075331748e-18 -3.89055049205262410e-18  2.10759363284485058e-16
3.019571e-01 -6.70479300917759622e-16 -8.98134093206081702e-16  2.40629681275207918e-15
3.103448e-01 -2.03325310587630800e-15 -2.88232000515086873e-15  5.03521043911173547e-15
3.187325e-01  2.24051042606591568e-15  2.49654638052687721e-15 -1.42134230868942049e-14
3.271202e-01  3.26516929955331443e-14  4.44285233628221031e-14 -1.10710053183480488e-13
3.355079e-01  8.79930209079921656e-14  1.27057432541205507e-13 -2.35783362288152202e-13
3.438956e-01 -2.98631358503139417e-14 -1.55193359524246439e-14  2.93328353074509248e-13
3.522833e-01 -9.41744742076697526e-13 -1.27331691125577627e-12  3.30237675739829174e-12
3.606710e-01 -3.04818941215242402e-12 -4.37030060246575999e-12  9.30644079411282970e-12
3.690587e-01 -3.10796600143922626e-12 -5.10631143282901882e-12  6.37018176134953801e-12
3.774464e-01  1.16882166803657665e-11  1.46088476790054797e-11 -4.81465746734017812e-11
3.858341e-01  6.14831861896430538e-11  8.57729402599141417e-11 -2.16633327471953786e-10
3.942218e-01  1.37812648292937371e-10  2.04303249486607830e-10 -4.49208825256260017e-10
4.026095e-01  1.16206124693623130e-10  2.04144678685165907e-10 -2.52124018903201287e-10
4.109972e-01 -3.30166312276031927e-10 -3.87141536113988773e-10  1.66874084072876699e-09
4.193849e-01 -1.64357054770027092e-09 -2.27210138631455534e-09  7.07976835234291065e-09
4.277726e-01 -3.91978487070729015e-09 -5.77134855073421821e-09  1.61304625995348976e-08
4.361603e-01 -6.12705742667191621e-09 -9.67547167217596072e-09  2.31148188243337385e-08
4.445480e-01 -5.54955551289085445e-09 -1.02444746167062803e-08  1.15909607804354730e-08
4.529357e-01  1.89142943569714246e-09 -1.29000027206947257e-09 -4.88410352466312003e-08
4.613234e-01  2.09007762367896629e-08  2.51566387086680890e-08 -2.06589148161825597e-07
4.697111e-01  5.84588728786066560e-08  8.14434583585462314e-08 -5.48019871732756094e-07
4.780988e-01  1.32693946979563375e-07  1.97430572850502975e-07 -1.26374771927944957e-06
4.864865e-01  2.93987544735440789e-07  4.52715648188394668e-07 -2.80122716049558481e-06
4.948742e-01  6.63180927891897650e-07  1.03753899946091799e-06 -6.15089971463543509e-06
5.032619e-01  1.49672767800898536e-06  2.36033692881111388e-06 -1.33468885595903309e-05
5.116496e-01  3.30367903384187397e-06  5.24374424502234363e-06 -2.83628876705764283e-05
5.200373e-01  7.06364628891296324e-06  1.12912304398752514e-05 -5.87615451493320436e-05
5.284250e-01  1.46232952879047597e-05  2.35586681947442971e-05 -1.18682067266513743e-04
5.368127e-01  2.93803414202113064e-05  4.77290645648006053e-05 -2.34005800544402002e-04
5.452004e-01  5.74050564701898965e-05  9.40760476893915374e-05 -4.50879335114263546e-04
5.535881e-01  1.09206492155244290e-04  1.80625998126437417e-04 -8.49305689060199051e-04
5.619758e-01  2.02417313289685708e-04  3.38086421618963350e-04 -1.56425488580942402e-03
5.703635e-01  3.65721553446786017e-04  6.17268253442199979e-04 -2.81752798216265915e-03
5.787512e-01  6.44344312289437510e-04  1.09983896188002193e-03 -4.96416649467758611e-03
5.871389e-01  1.10731810510892735e-03  1.91323662640257371e-03 -8.55733280899773768e-03
5.955266e-01  1.85649201203342109e-03  3.25037487017011987e-03 -1.44351436856058682e-02
6.039143e-01  3.03680072483715306e-03  5.39426901138694015e-03 -2.38315759556950967e-02
6.123020e-01  4.84659618202069355e-03  8.74678257204357032e-03 -3.85106446368771518e-02
6.206897e-01  7.54583214488861211e-03  1.38592234171879460e-02 -6.09179577933558619e-02
6.290774e-01  1.14586404119497321e-02  2.14605110911942863e-02 -9.43363568032861977e-02
6.374651e-01  1.69655180905535080e-02  3.24762457340605909e-02 -1.43023195192747699e-01
6.458527e-01  2.44792322644381589e-02  4.80295508255072778e-02 -2.12296909149241902e-01
6.542404e-01  3.43980346081919838e-02  6.94125586645472498e-02 -3.08531360680478817e-01
6.626281e-01  4.70303957444472148e-02  9.80166386046690402e-02 -4.39010305712334126e-01
6.710158e-01  6.24877859206255035e-02  1.35210874886002197e-01 -6.11594573415014442e-01
6.794035e-01  8.05464211303295458e-02  1.82162699632207881e-01 -8.34164662406834068e-01
6.877912e-01  1.00485353078840212e-01  2.39602375830335168e-01 -1.11382376039205466e+00
6.961789e-01  1.20916320814873177e-01  3.07543998661402085e-01 -1.45588076650312415e+00
7.045666e-01  1.39629331381074195e-01  3.84988824551943776e-01 -1.86267736970707087e+00
7.129543e-01  1.53485248697551507e-01  4.69649988560466192e-01 -2.33237244355915019e+00
7.213420e-01  1.58390493501980117e-01  5.57748003812418736e-01 -2.85784241381599946e+00
7.297297e-01  1.49387073644505736e-01  6.43930439500162377e-01 -3.42588647425948567e+00
7.381174e-01  1.20882036650531030e-01  7.21363928072242366e-01 -4.01692906670388172e+00
7.465051e-01  6.70237714988509703e-02  7.82030580214692850e-01 -4.60538090843795533e+00
7.548928e-01 -1.77902051134881597e-02  8.17234500919075235e-01 -5.16075214802059357e+00
7.632805e-01 -1.38314919020967375e-01  8.18290557433372534e-01 -5.64951236125740142e+00
7.716682e-01 -2.97833412808278908e-01  7.77332622140238350e-01 -6.03757533669125923e+00
7.800559e-01 -4.97586002203181554e-01  6.88149651261524720e-01 -6.29317246875883818e+00
7.884436e-01 -7.36336265031263815e-01  5.46942557219478820e-01 -6.38979134759533629e+00
7.968313e-01 -1.01014433099918222e+00  3.52898173762834666e-01 -6.30881748364545203e+00
8.052190e-01 -1.31239095626038060e+00  1.08500119485169258e-01 -6.04153966345721294e+00
8.136067e-01 -1.63405846701643687e+00 -1.80463342977783353e-01 -5.59026297399608385e+00
8.219944e-01 -1.96423441910404573e+00 -5.05185264488712815e-01 -4.96840431249349646e+00
8.303821e-01 -2.29076973523023053e+00 -8.54363807303538558e-01 -4.19959784964933380e+00
8.387698e-01 -2.60100338770273432e+00 -1.21487485072547896e+00 -3.31598019904013919e+00
8.471575e-01 -2.88246541063524919e+00 -1.57249337637517805e+00 -2.35592583923835042e+00
8.555452e-01 -3.12348914725780702e+00 -1.91257715989231225e+00 -1.36154180395303470e+00
8.639329e-01 -3.31369682200943272e+00 -2.22066010193228225e+00 -3.76202560520812801e-01
8.723206e-01 -3.44436037612624801e+00 -2.48294641051374265e+00  5.57675508226490813e-01
8.807083e-01 -3.50867102986965085e+00 -2.68673721707179869e+00  1.40052897682194222e+00
8.890960e-01 -3.50196677568588566e+00 -2.82084495639961652e+00  2.11722279479364106e+00
8.974837e-01 -3.42196205264692388e+00 -2.87604970860625642e+00  2.67838296583320146e+00
9.058714e-01 -3.26899963802512339e+00 -2.84562527961310163e+00  3.06157341179228304e+00
9.142591e-01 -3.04630887026608654e+00 -2.72591874961050573e+00  3.25235870437027152e+00
9.226468e-01 -2.76021814459917847e+00 -2.51691904273831168e+00  3.24521212530645720e+00
9.310345e-01 -2.42024507636049435e+00 -2.22271332842844371e+00  3.04414015086428646e+00
9.394222e-01 -2.03898343051941833e+00 -1.85171772083396990e+00  2.66283381827768961e+00
9.478099e-01 -1.63172447461186243e+00 -1.41658669803002657e+00  2.12415184229721321e+00
9.561976e-01 -1.21578739492662180e+00 -9.33750413320258765e-01  1.45880229826567964e+00
9.645853e-01 -8.09578474830857542e-01 -4.22588741916366195e-01  7.03211849766667174e-01
9.729730e-01 -4.31438794343690035e-01  9.56909981697033202e-02 -1.03272271133175039e-01
9.813607e-01 -9.83638088817627293e-02  5.99365423996559343e-01 -9.21549529180860416e-01
9.897484e-01  1.75320725203761490e-01  1.06757696533857827e+00 -1.71589341511585869e+00
9.981361e-01  3.79261938121432385e-01  1.48168732203060993e+00 -2.45658932637893024e+00
1.006524e+00  5.08329567371844759e-01  1.82654607258952395e+00 -3.12167774917791441e+00
1.014911e+00  5.63808961950594378e-01  2.09166677796746425e+00 -3.69752139381640132e+00
1.023299e+00  5.54544486866450859e-01  2.27233799321959662e+00 -4.17809595241554455e+00
1.031687e+00  4.98019044175933734e-01  2.37070022124284741e+00 -4.56310844894144463e+00
1.040075e+00  4.21297446204528026e-01  2.39678169212631165e+00 -4.85523870593898010e+00
1.048462e+00  3.61672567414724422e-01  2.36940711726604913e+00 -5.05694762275743415e+00
1.056850e+00  3.66750688756754650e-01  2.31678894271128533e+00 -5.16737956562904088e+00
1.065238e+00  4.93623525089882331e-01  2.27650690117044396e+00 -5.17989514998666856e+00
1.073625e+00  8.06732452415867662e-01  2.29451294972030428e+00 -5.08070603545233546e+00
1.082013e+00  1.37406814303252345e+00  2.42279965934969876e+00 -4.84895457768439986e+00
1.090401e+00  2.26149050460441225e+00  2.71546824397083952e+00 -4.45840246082440395e+00
1.098788e+00  3.52520778917136157e+00  3.22313945560326065e+00 -3.88068036244404180e+00
1.107176e+00  5.20280529885727372e+00  3.98595510131518616e+00 -3.08982473907885646e+00
1.115564e+00  7.30362129806446259e+00  5.02578150130822898e+00 -2.06761125224313735e+00
1.123952e+00  9.79966240841212866e+00  6.33858514615212609e+00 -8.09014010163394359e-01
1.132339e+00  1.26185465342873115e+01  7.88822423658810123e+00  6.72995369236812579e-01
1.140727e+00  1.56400679289086053e+01  9.60300377050377030e+00  2.34411674244862001e+00
1.149115e+00  1.86978214109475616e+01  1.13762087567493868e+01  4.14757334588338100e+00
1.157502e+00  2.15868628912896803e+01  1.30714293945246922e+01  6.00564622541966031e+00
1.165890e+00  2.40776385347728024e+01  1.45328463640571073e+01  7.82406628787524472e+00
1.174278e+00  2.59354669372583899e+01  1.55998361488860162e+01  9.49904129946680342e+00
1.182665e+00  2.69438496692338525e+01  1.61244205952356410e+01  1.09262807834698901e+01
1.191053e+00  2.69289979469560130e+01  1.59893874365658881e+01  1.20110205632374338e+01
1.199441e+00  2.57823868632057618e+01  1.51245115823225635e+01  1.26778106092113756e+01
1.207829e+00  2.34780394310647971e+01  1.35183305726336922e+01  1.28787695941518230e+01
1.216216e+00  2.00816827463789025e+01  1.12234154694659196e+01  1.25991531404946606e+01
1.224604e+00  1.57498882804210414e+01  8.35397857121301612e+00  1.18594192457948910e+01
1.232992e+00  1.07186789617875498e+01  5.07582598521084005e+00  1.07134549437125077e+01
1.241379e+00  5.28263630162227393e+00  1.58988279224200291e+00  9.24317356546245605e+00
1.249767e+00 -2.33002053537131243e-01 -1.88844498087649337e+00  7.55020762093089282e+00
1.258155e+00 -5.50367065787722254e+00 -5.15116006268154525e+00  5.74581846308288213e+00
1.266542e+00 -1.02361263912907621e+01 -8.01777321137117660e+00  3.94035364354001327e+00
1.274930e+00 -1.41944698252301329e+01 -1.03509743721364380e+01  2.23357557269451945e+00
1.283318e+00 -1.72183843226245550e+01 -1.20660819837799966e+01  7.06972082984812955e-01
1.291705e+00 -1.92317232979007819e+01 -1.31335751470338185e+01 -5.81209521933218842e-01
1.300093e+00 -2.02410983042780650e+01 -1.35751374777457858e+01 -1.59791270956335540e+00
1.308481e+00 -2.03255956789878560e+01 -1.34545731486691960e+01 -2.33435973871414548e+00
1.316869e+00 -1.96199169528039477e+01 -1.28655366233499464e+01 -2.80279819659081886e+00
1.325256e+00 -1.82939161255675131e+01 -1.19181812008047991e+01 -3.03166378000607972e+00
1.333644e+00 -1.65316244530245484e+01 -1.07266088783586522e+01 -3.06000287548999506e+00
1.342032e+00 -1.45124568652047703e+01 -9.39850456456820638e+00 -2.93194350684980964e+00
1.350419e+00 -1.23965254214678868e+01 -8.02771151708149588e+00 -2.69184191586457722e+00
1.358807e+00 -1.03150400238583266e+01 -6.68990089201712479e+00 -2.38051173122130377e+00
1.367195e+00 -8.36585525228456994e+00 -5.44101871679014248e+00 -2.03271177602230146e+00
1.375582e+00 -6.61348595436754039e+00 -4.31791368726446212e+00 -1.67586686212992464e+00
1.383970e+00 -5.09245699593122136e+00 -3.34045584254549865e+00 -1.32984842186304819e+00
1.392358e+00 -3.81269232750939446e+00 -2.51450381554772395e+00 -1.00755728839290448e+00
1.400746e+00 -2.76573858492332558e+00 -1.83520352741421733e+00 -7.16024604667819142e-01
1.409133e+00 -1.93087260304998498e+00 -1.29024547002615253e+00 -4.57765364419678189e-01
1.417521e+00 -1.28046410023741286e+00 -8.62832743419594927e-01 -2.32165823446986996e-01
1.425909e+00 -7.84272766748512984e-01 -5.34204363267595461e-01 -3.67454794702703133e-02
1.434296e+00 -4.12601275395342360e-01 -2.85624279973206330e-01  1.31805327361375041e-01
1.442684e+00 -1.38383769279017299e-01 -9.98000909314295942e-02  2.76857528323523117e-01
1.451072e+00  6.16288488267124901e-02  3.82530437349887995e-02  4.01347490929520545e-01
1.459459e+00  2.06397832703291428e-01  1.40837092021815657e-01  5.07524295807206927e-01
1.467847e+00  3.10653248581454766e-01  2.17575770545071545e-01  5.96891376076342239e-01
1.476235e+00  3.85307228961990988e-01  2.75667071619538018e-01  6.70284676137241076e-01
1.484623e+00  4.38072531016815925e-01  3.20255111066484799e-01  7.28029765645334059e-01
1.493010e+00  4.74158383000941985e-01  3.54821735716803421e-01  7.70127879311071295e-01
1.501398e+00  4.96944004364212877e-01  3.81542286665670860e-01  7.96433098320955324e-01
1.509786e+00  5.08563790272424154e-01  4.01593154255198814e-01  8.06797204973224713e-01
1.518173e+00  5.10373310153865445e-01  4.15427140096947756e-01  8.01172557202402325e-01
1.526561e+00  5.03295707090653410e-01  4.23039016248706712e-01  7.79674516181745547e-01
1.534949e+00  4.88067844439654619e-01  4.24230453037389765e-01  7.42612296254288706e-01
1.543336e+00  4.65411759608330811e-01  4.18861092689292724e-01  6.90500446855106143e-01
1.551724e+00  4.36151359442581488e-01  4.07054292851108557e-01  6.24063236125166676e-01
1.560112e+00  4.01282683388293482e-01  3.89322072563149824e-01  5.44241975193292093e-01
1.568500e+00  3.61995924165653848e-01  3.66586788173341116e-01  4.52211543765854374e-01
1.576887e+00  3.19644394616378280e-01  3.40101740582753664e-01  3.49407653462767698e-01
1.585275e+00  2.75661391062724248e-01  3.11298867135775204e-01  2.37561401154854163e-01
1.593663e+00  2.31437676977714196e-01  2.81608330429059084e-01  1.18732904463675390e-01
1.602050e+00  1.88184315412282671e-01  2.52296026174310795e-01 -4.66841937966383860e-03
1.610438e+00  1.46811735740954158e-01  2.24351456253761183e-01 -1.29892228423780121e-01
1.618826e+00  1.07852802203494177e-01  1.98436824439670062e-01 -2.53899704281250860e-01
1.627213e+00  7.14458920669887865e-02  1.74887984799920626e-01 -3.73472015656079237e-01
1.635601e+00  3.73777231342621863e-02  1.53746570589782888e-01 -4.85379620021702762e-01
1.643989e+00  5.17077056364451636e-03  1.34802988374473853e-01 -5.86606899422961070e-01
1.652377e+00 -2.58082411557349067e-02  1.17639286715407951e-01 -6.74614406174607661e-01
1.660764e+00 -5.62419516175604248e-02  1.01672804963118438e-01 -7.47609429190458363e-01
1.669152e+00 -8.67738452799318577e-02  8.62092041363752282e-02 -8.04787483585178931e-01
1.677540e+00 -1.17942955428426893e-01  7.05131498719052258e-02 -8.46504768818801434e-01
1.685927e+00 -1.50138416663998076e-01  5.38971782815232670e-02 -8.74346001094249203e-01
1.694315e+00 -1.83566867641023618e-01  3.58184468853403604e-02 -8.91063522258924823e-01
1.702703e+00 -2.18227906285244688e-01  1.59648583423700266e-02 -9.00380576878844874e-01
1.711090e+00 -2.53898583859860139e-01 -5.68934824377985947e-03 -9.06671165754024511e-01
1.719478e+00 -2.90133595366218133e-01 -2.88723356841920457e-02 -9.14547638386560835e-01
1.727866e+00 -3.26290200909179651e-01 -5.30507539983404233e-02 -9.28401771913191620e-01
1.736253e+00 -3.61584483629551090e-01 -7.75053813827061566e-02 -9.51952547868920917e-01
1.744641e+00 -3.95178899272972173e-01 -1.01431955607827126e-01 -9.87852897327973878e-01
1.753029e+00 -4.26292674817961847e-01 -1.24052339810647436e-01 -1.03739886459313801e+00
1.761417e+00 -4.54319615374181307e-01 -1.44725215639296745e-01 -1.10036966365475619e+00
1.769804e+00 -4.78934457723261153e-01 -1.63050257538053772e-01 -1.17500894218015994e+00
1.778192e+00 -5.00169507750497178e-01 -1.78961534247582071e-01 -1.25814004114913724e+00
1.786580e+00 -5.18447000512713974e-01 -1.92803037778199099e-01 -1.34539429027186141e+00
1.794967e+00 -5.34557928009469996e-01 -2.05372868339627118e-01 -1.43152320480971462e+00
1.803355e+00 -5.49583649200171998e-01 -2.17916481178949073e-01 -1.51076357162249475e+00
1.811743e+00 -5.64761912230534957e-01 -2.32048389791681381e-01 -1.57722797623804656e+00
1.820130e+00 -5.81304532732975443e-01 -2.49589083755835106e-01 -1.62529965257858589e+00
1.828518e+00 -6.00180830094453888e-01 -2.72319548089163921e-01 -1.65001659374803999e+00
1.836906e+00 -6.21889132182059101e-01 -3.01676260683005792e-01 -1.64743342520952529e+00
1.845294e+00 -6.46246849314607963e-01 -3.38429276601660001e-01 -1.61494913093743242e+00
1.853681e+00 -6.72235326930472832e-01 -3.82398829197078849e-01 -1.55158418593966885e+00
1.862069e+00 -6.97936082292746729e-01 -4.32267384439266544e-01 -1.45818397040293624e+00
1.870457e+00 -7.20587761482907041e-01 -4.85533304639587104e-01 -1.33751968736811477e+00
1.878844e+00 -7.36777640274552836e-01 -5.38631585293267712e-01 -1.19425639706725795e+00
1.887232e+00 -7.42759890345257801e-01 -5.87220982857412421e-01 -1.03476286066227474e+00
1.895620e+00 -7.34869454763495744e-01 -6.26610421834172926e-01 -8.66751079722837492e-01
1.904007e+00 -7.09980207770933958e-01 -6.52275468953547710e-01 -6.98753609330120540e-01
1.912395e+00 -6.65943659832047952e-01 -6.60400944400306500e-01 -5.39470751798315273e-01
1.920783e+00 -6.01942947686824326e-01 -6.48379695719330185e-01 -3.97043591276171393e-01
1.929171e+00 -5.18706816430643536e-01 -6.15200332880712519e-01 -2.78327680818916179e-01
1.937558e+00 -4.18547667330671280e-01 -5.61667989722022587e-01 -1.88251243337529850e-01
1.945946e+00 -3.05212922164553646e-01 -4.90421202280710511e-01 -1.29338334353862383e-01
1.954334e+00 -1.83565920633483426e-01 -4.05733226272492198e-01 -1.01461448278732394e-01
1.962721e+00 -5.91372592942029929e-02 -3.13114963509721733e-01 -1.01861177890182356e-01
1.971109e+00  6.23936380436027269e-02 -2.18765529408029097e-01 -1.25436559732583330e-01
1.979497e+00  1.75716211833361335e-01 -1.28940810363083080e-01 -1.65274522119639333e-01
1.987884e+00  2.76333899900993496e-01 -4.93252335578110643e-02 -2.13356190831445275e-01
1.996272e+00  3.60873489719856388e-01  1.55062713640009946e-02 -2.61356210378124176e-01
2.004660e+00  4.27213580504416268e-01  6.24616144881695243e-02 -3.01442198607412726e-01
2.013048e+00  4.74412896577795395e-01  9.00907995501415704e-02 -3.26986328946945848e-01
2.021435e+00  5.02449611644847138e-01  9.85154495559892873e-02 -3.33117918118896184e-01
2.029823e+00  5.11813741111185161e-01  8.91493984663548900e-02 -3.17071059327564631e-01
2.038211e+00  5.03021499429306185e-01  6.42637554788147020e-02 -2.78310557349311982e-01
2.046598e+00  4.76138732160370781e-01  2.64734396556556978e-02 -2.18447543911530401e-01
2.054986e+00  4.30406381437286767e-01 -2.17664417142809444e-02 -1.40978176751985984e-01
2.063374e+00  3.64052670286136137e-01 -7.85681786982419944e-02 -5.08921866775742873e-02
2.071761e+00  2.74354813716752466e-01 -1.42851909608639555e-01  4.57975738815797340e-02
2.080149e+00  1.57979755114974640e-01 -2.14373383397399531e-01  1.42557202252412557e-01
2.088537e+00  1.15922965034223821e-02 -2.93526135481810668e-01  2.32827462046564349e-01
2.096925e+00 -1.67324804384276687e-01 -3.80941239939772913e-01  3.10486199870057988e-01
2.105312e+00 -3.79534870679679670e-01 -4.76942937394808419e-01  3.70259916200612826e-01
2.113700e+00 -6.23123834075379635e-01 -5.80947817572646685e-01  4.08072915034642936e-01
2.122088e+00 -8.92736456903499898e-01 -6.90914176154726056e-01  4.21324077263675323e-01
2.130475e+00 -1.17912010535997802e+00 -8.02952635873285581e-01  4.09079353819583325e-01
2.138863e+00 -1.46910331185438015e+00 -9.11196349718720322e-01  3.72165295392821116e-01
2.147251e+00 -1.74609423171774547e+00 -1.00799855534940952e+00  3.13148095356998390e-01
2.155638e+00 -1.99112281461971752e+00 -1.08447937560838548e+00  2.36185602096491559e-01
2.164026e+00 -2.18437550015543946e+00 -1.13138816487926896e+00  1.46748046138764160e-01
2.172414e+00 -2.30709198119495573e+00 -1.14019068677478597e+00  5.12168717708515187e-02
2.180801e+00 -2.34362240520513732e+00 -1.10424170650045639e+00 -4.36123829488051784e-02
2.189189e+00 -2.28339289783156296e+00 -1.01987266785995989e+00 -1.31081183534831697e-01
2.197577e+00 -2.12250864141861673e+00 -8.87218625423431995e-01 -2.05218723924127905e-01
2.205965e+00 -1.86474481739097309e+00 -7.10632483103969093e-01 -2.61232394129241707e-01
2.214352e+00 -1.52173824815229719e+00 -4.98586541892781954e-01 -2.95881761118334974e-01
2.222740e+00 -1.11229056470389720e+00 -2.63034682624063876e-01 -3.07692590621335360e-01
2.231128e+00 -6.60814428430975265e-01 -1.82922056833470688e-02 -2.96987344089107375e-01
2.239515e+00 -1.95079801814875581e-01  2.20429674729101854e-01 -2.65732801974227051e-01
2.247903e+00  2.56473425176281411e-01  4.38636447882520930e-01 -2.17229911239690404e-01
2.256291e+00  6.67516829365329634e-01  6.24081660653016068e-01 -1.55691112057542907e-01
2.264678e+00  1.01634639700824847e+00  7.67996442396855161e-01 -8.57631804360378391e-02
2.273066e+00  1.28779846780696960e+00  8.65842658677339228e-01 -1.20574076949981675e-02
2.281454e+00  1.47432722911699776e+00  9.17492382074042823e-01  6.12568993669307463e-02
2.289842e+00  1.57612883347705757e+00  9.26830828662523198e-01  1.30753681931607441e-01
2.298229e+00  1.60034170452635816e+00  9.00873699318142540e-01  1.93923235916845349e-01
2.306617e+00  1.55948991131930081e+00  8.48565367917844759e-01  2.49214767945605181e-01
2.315005e+00  1.46944230494198758e+00  7.79467401956602246e-01  2.95964923440343364e-01
2.323392e+00  1.34721601561026527e+00  7.02549616163089863e-01  3.34242817474064868e-01
2.331780e+00  1.20895054904787846e+00  6.25259142690833047e-01  3.64649114089618531e-01
2.340168e+00  1.06832100405764163e+00  5.52976256571171443e-01  3.88106749793325989e-01
2.348555e+00  9.35559180532126167e-01  4.88884023332491646e-01  4.05674897605757034e-01
2.356943e+00  8.17131050034627604e-01  4.34199839117343778e-01  4.18407170442786136e-01
2.365331e+00  7.16002956774532962e-01  3.88657056037104209e-01  4.27262590751088966e-01
2.373719e+00  6.32338858053512753e-01  3.51095193956163010e-01  4.33066463496283693e-01
2.382106e+00  5.64421840553709253e-01  3.20020980465929583e-01  4.36509727510574097e-01
2.390494e+00  5.09590799346260281e-01  2.94035225473719353e-01  4.38170664453430836e-01
2.398882e+00  4.65022538489313741e-01  2.72071598973246342e-01  4.38542631461012800e-01
2.407269e+00  4.28256528147257565e-01  2.53448337866102769e-01  4.38055026298156236e-01
2.415657e+00  3.97435849062442725e-01  2.37778939318350979e-01  4.37080284087162430e-01
2.424045e+00  3.71305498026776537e-01  2.24813377791597269e-01  4.35925853540407471e-01
2.432432e+00  3.49053855506783528e-01  2.14283508194183125e-01  4.34815417398157378e-01
2.440820e+00  3.30097654730504397e-01  2.05807744546297966e-01  4.33866752657978083e-01
2.449208e+00  3.13897150044301521e-01  1.98879116122251204e-01  4.33074207493800933e-01
2.457596e+00  2.99854955223059771e-01  1.92928115051954979e-01  4.32302326207779808e-01
2.465983e+00  2.87311181220421652e-01  1.87426974853815126e-01  4.31294198891648273e-01
2.474371e+00  2.75611735599960717e-01  1.81991559745946302e-01  4.29694459022061603e-01
2.482759e+00  2.64205669346949945e-01  1.76442519099169581e-01  4.27083779366215610e-01
2.491146e+00  2.52724829738652901e-01  1.70805005858897963e-01  4.23019913281713178e-01
2.499534e+00  2.41012421079592226e-01  1.65248854722773231e-01  4.17079712860306429e-01
2.507922e+00  2.29089991212825222e-01  1.59990992915938407e-01  4.08897119479374738e-01
2.516309e+00  2.17076103248108110e-01  1.55192857138516521e-01  3.98193696722575763e-01
2.524697e+00  2.05086273829803545e-01  1.50884710880553663e-01  3.84800091203303662e-01
2.533085e+00  1.93148189910132884e-01  1.46937414090833496e-01  3.68668285853450406e-01
2.541473e+00  1.81158774626884983e-01  1.43085298172975439e-01  3.49875597702611785e-01
2.549860e+00  1.68893849914121125e-01  1.38987328344880229e-01  3.28621893206467508e-01
2.558248e+00  1.56063010939559793e-01  1.34303027666791835e-01  3.05221343279569735e-01
2.566636e+00  1.42388483146070971e-01  1.28757948698859870e-01  2.80089638174964517e-01
2.575023e+00  1.27681342490619631e-01  1.22180557994132549e-01  2.53727245722172923e-01
2.583411e+00  1.11892294121424096e-01  1.14504805112021643e-01  2.26698948426918373e-01
2.591799e+00  9.51252069329602129e-02  1.05745654912463710e-01  1.99609694176902386e-01
2.600186e+00  7.76154032420567630e-02  9.59639370854521584e-02  1.73076988355162803e-01
2.608574e+00  5.96859456466708113e-02  8.52388844722021255e-02  1.47700445548434589e-01
2.616962e+00  4.17001689307876858e-02  7.36614057075748174e-02  1.24029538001784928e-01
2.625349e+00  2.40265689854456746e-02  6.13510580189182905e-02  1.02531165773721483e-01
2.633737e+00  7.02418844348605236e-03  4.84887621602896196e-02  8.35593202907308069e-02
2.642125e+00 -8.95384580658590071e-03  3.53494871739107111e-02  6.73295592429936224e-02
2.650513e+00 -2.35495060354155572e-02  2.23174230514006366e-02  5.39013014041305402e-02
2.658900e+00 -3.63959531249937809e-02  9.87117685103331734e-03  4.31709960777444182e-02
2.667288e+00 -4.71319848997466886e-02 -1.46379174573152632e-03  3.48786429551346464e-02
2.675676e+00 -5.54385951141495650e-02 -1.11873540978580151e-02  2.86289339141369038e-02
2.684063e+00 -6.10915183568609479e-02 -1.89048037876162547e-02  2.39267194838343640e-02
2.692451e+00 -6.40155751164856873e-02 -2.43949157649637240e-02  2.02245454928607002e-02
2.700839e+00 -6.43235145482049520e-02 -2.76491887862495810e-02  1.69778470546344713e-02
2.709226e+00 -6.23247975564413942e-02 -2.88735336720300426e-02  1.37017058731873625e-02
2.717614e+00 -5.84974987535762658e-02 -2.84537013952019281e-02  1.00222638926874396e-02
2.726002e+00 -5.34268097839053005e-02 -2.68946008402957924e-02  5.71597392426639091e-03
2.734390e+00 -4.77228374217524773e-02 -2.47485561613709597e-02  7.31098916948991900e-04
2.742777e+00 -4.19353969837618912e-02 -2.25472175437465353e-02 -4.81175182503306050e-03
2.751165e+00 -3.64831562976992499e-02 -2.07472223289142874e-02 -1.06403767876558173e-02
2.759553e+00 -3.16092932603678697e-02 -1.96931460078309598e-02 -1.63704898134925669e-02
2.767940e+00 -2.73676892251483450e-02 -1.95953435209828310e-02 -2.15588477857328771e-02
2.776328e+00 -2.36357153613984163e-02 -2.05171619786117879e-02 -2.57631033957365606e-02
2.784716e+00 -2.01446817790497147e-02 -2.23667062276320036e-02 -2.86010143197835166e-02
2.793103e+00 -1.65180854117115694e-02 -2.48919867356976569e-02 -2.98022010291406070e-02
2.801491e+00 -1.23105375910218841e-02 -2.76827866945751344e-02 -2.92469266955884023e-02
2.809879e+00 -7.04518031491940377e-03 -3.01857576459710411e-02 -2.69882974940252526e-02
2.818267e+00 -2.51945811396992510e-04 -3.17393887553335877e-02 -2.32564139776141876e-02
2.826654e+00  8.48913583204218003e-03 -3.16320422779914553e-02 -1.84448195581198918e-02
2.835042e+00  1.94969010998752509e-02 -2.91802895210413020e-02 -1.30810813595681578e-02
2.843430e+00  3.29318489074590659e-02 -2.38184434090470513e-02 -7.78451658008187750e-03
2.851817e+00  4.87397632281700230e-02 -1.51856306642713691e-02 -3.21475713129251066e-03
2.860205e+00  6.66074163614777670e-02 -3.19558807032442084e-03 -1.52411677782819617e-05
2.868593e+00  8.59425552449872843e-02  1.19229325088103938e-02  1.24385312073281205e-03
2.876980e+00  1.05887485443529619e-01  2.96217248349753166e-02  1.18481422937695126e-04
2.885368e+00  1.25369662253553588e-01  4.90647274025519872e-02 -3.66521671181406754e-03
2.893756e+00  1.43185298822190693e-01  6.91901354992908862e-02 -1.01800776586098048e-02
2.902144e+00  1.58105332916989777e-01  8.87941958115795460e-02 -1.92841233430848108e-02
2.910531e+00  1.68989240895782739e-01  1.06627241442396603e-01 -3.06263936374639202e-02
2.918919e+00  1.74891810658129698e-01  1.21493758362854823e-01 -4.36731649508156003e-02
2.927307e+00  1.75150513933325785e-01  1.32349955470134395e-01 -5.77532923154628758e-02
2.935694e+00  1.69445476054671945e-01  1.38393316774106157e-01 -7.21191165237354548e-02
2.944082e+00  1.57828665467991125e-01  1.39138343014459515e-01 -8.60170951258019123e-02
2.952470e+00  1.40722342332475187e-01  1.34471390829004944e-01 -9.87607082842624634e-02
2.960857e+00  1.18888697989222109e-01  1.24676476409668710e-01 -1.09797449420454857e-01
2.969245e+00  9.33736046926011837e-02  1.10424635843302144e-01 -1.18761847822804231e-01
2.977633e+00  6.54282268577932868e-02  9.27227308173746712e-02 -1.25507835201468992e-01
2.986021e+00  3.64137336073270881e-02  7.28234253855258168e-02 -1.30116306503405943e-01
2.994408e+00  7.69698873532272815e-03  5.21054418071967285e-02 -1.32876796453541196e-01
3.002796e+00 -1.94517790409226080e-02  3.19400427881710372e-02 -1.34245456212511355e-01
3.011184e+00 -4.39461544652066105e-02  1.35636785183036093e-02 -1.34784736357466961e-01
3.019571e+00 -6.49424536445543654e-02 -2.02351496606130660e-03 -1.35092611639776816e-01
3.027959e+00 -8.18604679234535143e-02 -1.41184460564276384e-02 -1.35730289489238098e-01
3.036347e+00 -9.43626376445929199e-02 -2.23285082257913547e-02 -1.37157266506402281e-01
3.044734e+00 -1.02296833510641033e-01 -2.65410759803368021e-02 -1.39681342289604410e-01
3.053122e+00 -1.05616277555630148e-01 -2.68610261889122813e-02 -1.43428727099766840e-01
3.061510e+00 -1.04296105650901347e-01 -2.35336159632228668e-02 -1.48336331818315348e-01
3.069897e+00 -9.82679145923773256e-02 -1.68711392834576535e-02 -1.54165416169630726e-01
3.078285e+00 -8.73904141951810653e-02 -7.19864567478338980e-03 -1.60533172088181741e-01
3.086673e+00 -7.14667354296904117e-02  5.17208205775760137e-03 -1.66956887177997781e-01
3.095061e+00 -5.03090508474365039e-02  1.99381481051364058e-02 -1.72904593401302181e-01
3.103448e+00 -2.38411190764486816e-02  3.67749887118203195e-02 -1.77846386531790579e-01
3.111836e+00  7.77876731352179947e-03  5.52885210596358173e-02 -1.81301441117704493e-01
3.120224e+00  4.40364824888481651e-02  7.49613587943842447e-02 -1.82877091453297835e-01
3.128611e+00  8.39650079759117485e-02  9.51050885083928599e-02 -1.82297944054917366e-01
3.136999e+00  1.26091524854824666e-01  1.14830075738265369e-01 -1.79424223517376497e-01
3.145387e+00  1.68443512877383128e-01  1.33042892667657814e-01 -1.74259344868501587e-01
3.153774e+00  2.08622080633469043e-01  1.48479134170550003e-01 -1.66947286173899145e-01
3.162162e+00  2.43943469380376671e-01  1.59775894967632809e-01 -1.57760578822695591e-01
3.170550e+00  2.71642088976087104e-01  1.65583140554578956e-01 -1.47079705875351352e-01
3.178938e+00  2.89120381276073479e-01  1.64706515556683808e-01 -1.35364907306100762e-01
3.187325e+00  2.94222692394704222e-01  1.56266677013240124e-01 -1.23121911703810996e-01
3.195713e+00  2.85503318455394284e-01  1.39853646814375676e-01 -1.10863661449141865e-01
3.204101e+00  2.62454236293885257e-01  1.15650692743950886e-01 -9.90707636562759564e-02
3.212488e+00  2.25657333992387160e-01  8.45025641465893679e-02 -8.81541757140652527e-02
3.220876e+00  1.76830928473731469e-01  4.79085826338581239e-02 -7.84239975546441731e-02
3.229264e+00  1.18751496400304704e-01  7.93159696686918970e-03 -7.00679500546017298e-02
3.237651e+00  5.50476660745141053e-02 -3.29727776640967585e-02 -6.31423516066307450e-02
3.246039e+00 -1.01176276790202520e-02 -7.21884113351862755e-02 -5.75770828866146722e-02
3.254427e+00 -7.24425550488335401e-02 -1.07202811907993023e-01 -5.31941409410749341e-02
3.262815e+00 -1.27911077562044617e-01 -1.35867271986876814e-01 -4.97374515324638458e-02
3.271202e+00 -1.73191986815347615e-01 -1.56617049705463168e-01 -4.69100289391585143e-02
3.279590e+00 -2.05959460710299386e-01 -1.68621470536810258e-01 -4.44134113721591575e-02
3.287978e+00 -2.25092950182659735e-01 -1.71844394004027040e-01 -4.19838988100066160e-02
3.296365e+00 -2.30731684972737133e-01 -1.67008842058000428e-01 -3.94207682705731838e-02
3.304753e+00 -2.24180131197983717e-01 -1.55473236270816884e-01 -3.66030302881030500e-02
3.313141e+00 -2.07681727199538785e-01 -1.39038553889099969e-01 -3.34930996102237519e-02
3.321528e+00 -1.84096077018978538e-01 -1.19714520891416043e-01 -3.01279058243998955e-02
3.329916e+00 -1.56526910418550186e-01 -9.94777035265135279e-02 -2.66000169571818761e-02
3.338304e+00 -1.27952861410446872e-01 -8.00543720905216027e-02 -2.30327210641059349e-02
3.346692e+00 -1.00910238253565404e-01 -6.27564397305574312e-02 -1.95536553800415118e-02
3.355079e+00 -7.72671591377154382e-02 -4.83902176114312244e-02 -1.62715050417698640e-02
3.363467e+00 -5.81130128481741823e-02 -3.72459988760736882e-02 -1.32593347273431313e-02
3.371855e+00 -4.37684952334611091e-02 -2.91632346476321039e-02 -1.05465328544945003e-02
3.380242e+00 -3.39025244484535068e-02 -2.36536982029456680e-02 -8.11969548178216247e-03
3.388630e+00 -2.77261037761092621e-02 -2.00558507312222391e-02 -5.93121706982686729e-03
3.397018e+00 -2.42224422213534706e-02 -1.76895164249103176e-02 -3.91303210384731127e-03
3.405405e+00 -2.23696461371011984e-02 -1.59821856873580172e-02 -1.99231938211685226e-03
3.413793e+00 -2.13177198093730536e-02 -1.45465117482435364e-02 -1.06118039374815165e-04
3.422181e+00 -2.04941395345561647e-02 -1.32008324147122116e-02  1.78763232574163152e-03
3.430568e+00 -1.96292646902521337e-02 -1.19379186733992830e-02  3.70420657260768374e-03
3.438956e+00 -1.87106227829757325e-02 -1.08584427158084328e-02  5.63174694106341987e-03
3.447344e+00 -1.78893640812432080e-02 -1.00919951570714490e-02  7.53578626430193889e-03
3.455732e+00 -1.73696594389028611e-02 -9.72843585315668648e-03  9.36730666979438895e-03
3.464119e+00 -1.73113328393624463e-02 -9.77650911569032804e-03  1.10725936321899674e-02
3.472507e+00 -1.77682385502406261e-02 -1.01569956999478152e-02  1.26030850980676044e-02
3.480895e+00 -1.86722139624882037e-02 -1.07270649327248276e-02  1.39237895293744928e-02
3.489282e+00 -1.98587762334181163e-02 -1.13240629528165316e-02  1.50193450035514021e-02
3.497670e+00 -2.11199728208118220e-02 -1.18129408636738591e-02  1.58972215136062092e-02
3.506058e+00 -2.22643714302437797e-02 -1.21224149072124907e-02  1.65880539061194557e-02
3.514445e+00 -2.31649395338246189e-02 -1.22599374645672946e-02  1.71435121261039394e-02
3.522833e+00 -2.37817638448730127e-02 -1.23028494762731522e-02  1.76322503574145237e-02
3.531221e+00 -2.41557122239341518e-02 -1.23702229083450903e-02  1.81344944124163868e-02
3.539609e+00 -2.43781006360834496e-02 -1.25847770096535385e-02  1.87358705088957432e-02
3.547996e+00 -2.45477885694953199e-02 -1.30359328496506555e-02  1.95209994504329347e-02
3.556384e+00 -2.47295102289658841e-02 -1.37535779859743086e-02  2.05672272931908505e-02
3.564772e+00 -2.49253650398001472e-02 -1.46981784929860054e-02  2.19388275123890940e-02
3.573159e+00 -2.50663568237884556e-02 -1.57679792894767322e-02  2.36819861907156121e-02
3.581547e+00 -2.50246752980245214e-02 -1.68197483527265726e-02  2.58207881902192786e-02
3.589935e+00 -2.46418509957922680e-02 -1.76967357989133330e-02  2.83544224609969531e-02
3.598322e+00 -2.37642836824167383e-02 -1.82566036317823900e-02  3.12558779489048519e-02
3.606710e+00 -2.22767119354434981e-02 -1.83931027680040889e-02  3.44723282887586038e-02
3.615098e+00 -2.01258225179607453e-02 -1.80476945867152141e-02  3.79273113322002101e-02
3.623486e+00 -1.73294987727288276e-02 -1.72102186646513194e-02  4.15247764689831017e-02
3.631873e+00 -1.39711671561640535e-02 -1.59104326804137622e-02  4.51549145860879811e-02
3.640261e+00 -1.01823554040055934e-02 -1.42043037063070594e-02  4.87014281289210454e-02
3.648649e+00 -6.11901322262414088e-03 -1.21597627877204871e-02  5.20497396418050789e-02
3.657036e+00 -1.93789827508126264e-03 -9.84605447630002538e-03  5.50954899501466602e-02
3.665424e+00  2.22154014584507618e-03 -7.32915329937157412e-03  5.77524762895343172e-02
3.673812e+00  6.24654220768853206e-03 -4.67342897681555236e-03  5.99591540394248043e-02
3.682199e+00  1.00513837782640683e-02 -1.94736425539899344e-03  6.16829936349293922e-02
3.690587e+00  1.35711529138950720e-02  7.70518942458912328e-04  6.29221391091184523e-02
3.698975e+00  1.67532039707415509e-02  3.38962530578029806e-03  6.37040393710617270e-02
3.707363e+00  1.95508917290110849e-02  5.81202182278572725e-03  6.40811352165844006e-02
3.715750e+00  2.19229385502124098e-02  7.94444386884566450e-03  6.41240579095136431e-02
3.724138e+00  2.38392356906590407e-02  9.71518679769292105e-03  6.39130207579716586e-02
3.732526e+00  2.52909586009963175e-02  1.10911361293028719e-02  6.35283219721254205e-02
3.740913e+00  2.63006528128880111e-02  1.20893234658013445e-02  6.30410555367030140e-02
3.749301e+00  2.69271776781097906e-02  1.27784019534615389e-02  6.25050841431278592e-02
3.757689e+00  2.72615035467177330e-02  1.32680822587041645e-02  6.19511910785737335e-02
3.766076e+00  2.74121881492703189e-02  1.36881132464372838e-02  6.13841593463687676e-02
3.774464e+00  2.74829316039802637e-02  1.41616320271648367e-02  6.07831782251691335e-02
3.782852e+00  2.75476138594326868e-02  1.47794710333389017e-02  6.01055331631699802e-02
3.791240e+00  2.76296430883221228e-02  1.55817225223468976e-02  5.92931786448818929e-02
3.799627e+00  2.76917232741279266e-02  1.65506511497619246e-02  5.82814344906205581e-02
3.808015e+00  2.76393459035507091e-02  1.76156443816726620e-02  5.70086732497987261e-02
3.816403e+00  2.73373705877061543e-02  1.86675117921315005e-02  5.54257202526101320e-02
3.824790e+00  2.66354128487369980e-02  1.95772893313747552e-02  5.35037775640830812e-02
3.833178e+00  2.53955751454362604e-02  2.02143849653776339e-02  5.12398457823608974e-02
3.841566e+00  2.35159641740208640e-02  2.04603299838395924e-02  4.86589348896385512e-02
3.849953e+00  2.09454215757636300e-02  2.02169167291223958e-02  4.58128628733062010e-02
3.858341e+00  1.76881408290257176e-02  1.94100230899515898e-02  4.27759045875151928e-02
3.866729e+00  1.38000189680863635e-02  1.79918896399727177e-02  3.96378997077108525e-02
3.875116e+00  9.38055886640142347e-03  1.59445420396972896e-02  3.64957413956911517e-02
3.883504e+00  4.56434914293730575e-03  1.32856145277429546e-02  3.34443161144541701e-02
3.891892e+00 -4.85310855561246009e-04  1.00756774199910470e-02  3.05678732663657478e-02
3.900280e+00 -5.58047679993647905e-03  6.42425925984487986e-03  2.79326624646168559e-02
3.908667e+00 -1.05123599838724026e-02  2.49097509654177488e-03  2.55815234711223548e-02
3.917055e+00 -1.50579378328665123e-02 -1.52112549478845231e-03  2.35308404304443511e-02
3.925443e+00 -1.89919000806569906e-02 -5.38096335695819813e-03  2.17700160112244724e-02
3.933830e+00 -2.21045524162063710e-02 -8.85208457861428981e-03  2.02634913115770782e-02
3.942218e+00 -2.42237756460296806e-02 -1.17188725649436543e-02  1.89551603724471759e-02
3.950606e+00 -2.52369950501293086e-02 -1.38115016042869212e-02  1.77747888841719263e-02
3.958993e+00 -2.51082065583524590e-02 -1.50250840045696114e-02  1.66459085506599491e-02
3.967381e+00 -2.38857851205975594e-02 -1.53299008126096536e-02  1.54945218546123729e-02
3.975769e+00 -2.16988274494486419e-02 -1.47716858754463713e-02  1.42577194163137112e-02
3.984157e+00 -1.87424791673995103e-02 -1.34630117109818623e-02  1.28912092809070154e-02
3.992544e+00 -1.52552133404322623e-02 -1.15683008804531844e-02  1.13748591891242850e-02
4.000932e+00 -1.14926251179206500e-02 -9.28554936629947571e-03  9.71547959358794178e-03
4.009320e+00 -7.70260458898703541e-03 -6.82759086507850332e-03  7.94630470754752183e-03
4.017707e+00 -4.10582842222945079e-03 -4.40497288191689547e-03  6.12310556493570433e-03
4.026095e+00 -8.83814680073257710e-04 -2.21161705946953772e-03  4.31737327132431046e-03
4.034483e+00  1.82510550812853734e-03 -4.13717570172985455e-04  2.60737475097616708e-03
4.042870e+00  3.92311398262764569e-03  8.58032083628309573e-04  1.06822052751548175e-03
4.051258e+00  5.34566924835070019e-03  1.51285821007305374e-03 -2.37694860968393196e-04
4.059646e+00  6.05208516729729279e-03  1.50091648955787138e-03 -1.26861762747470922e-03
4.068034e+00  6.01603914982202798e-03  8.10901827332812658e-04 -2.00874399073340364e-03
4.076421e+00  5.21763559342444498e-03 -5.35462008567244791e-04 -2.47025639524513056e-03
4.084809e+00  3.63817406375835590e-03 -2.49128073206563751e-03 -2.69191272013267731e-03
4.093197e+00  1.25843794019743624e-03 -4.99332171440831137e-03 -2.73456543295352720e-03
4.101584e+00 -1.93889348236235201e-03 -7.96997380217807048e-03 -2.67433360589179386e-03
4.109972e+00 -5.96233254100366622e-03 -1.13463850389948426e-02 -2.59434943270363001e-03
4.118360e+00 -1.08001903404562356e-02 -1.50452243526416167e-02 -2.57616957243231000e-03
4.126747e+00 -1.64054084986471928e-02 -1.89824289042091823e-02 -2.69190188820576286e-03
4.135135e+00 -2.26782956196623572e-02 -2.30586228222170071e-02 -2.99782802484592666e-03
4.143523e+00 -2.94499343289033010e-02 -2.71483271249916454e-02 -3.53004559240878944e-03
4.151911e+00 -3.64699224921439177e-02 -3.10902169336574816e-02 -4.30241233928659993e-03
4.160298e+00 -4.34025040781126914e-02 -3.46821687161413886e-02 -5.30674222428508154e-03
4.168686e+00 -4.98347254430008130e-02 -3.76844468619854378e-02 -6.51494831020974462e-03
4.177074e+00 -5.52988451497408579e-02 -3.98330379506831589e-02 -7.88273990929240671e-03
4.185461e+00 -5.93089583291080968e-02 -4.08630642239976097e-02 -9.35439668804325872e-03
4.193849e+00 -6.14090666034587118e-02 -4.05398762314105460e-02 -1.08680806157866496e-02
4.202237e+00 -6.12271502183989388e-02 -3.86933936015279034e-02 -1.23612364602666211e-02
4.210624e+00 -5.85278001851908675e-02 -3.52500228839146348e-02 -1.37757308565073771e-02
4.219012e+00 -5.32552374230822745e-02 -3.02563863120019413e-02 -1.50623821902831426e-02
4.227400e+00 -4.55593361156597862e-02 -2.38902050857212264e-02 -1.61845893822527391e-02
4.235788e+00 -3.57994317309983240e-02 -1.64556974214848627e-02 -1.71208714403240821e-02
4.244175e+00 -2.45238576542452166e-02 -8.36329422278838525e-03 -1.78661335027406679e-02
4.252563e+00 -1.24267278786493150e-02 -9.58448379677558798e-05 -1.84314856304800302e-02
4.260951e+00 -2.86715065268324323e-04  7.83466810689421866e-03 -1.88425764639700011e-02
4.269338e+00  1.11050884160895334e-02  1.49348193232190386e-02 -1.91365264088340647e-02
4.277726e+00  2.10198861128621621e-02  2.07764392484716155e-02 -1.93576349206827196e-02
4.286114e+00  2.88599973535545833e-02  2.50372033320992622e-02 -1.95522385681956463e-02
4.294501e+00  3.42141936768913663e-02  2.75307141268746856e-02 -1.97633063247265733e-02
4.302889e+00  3.68935437212667347e-02  2.82226923858905319e-02 -2.00254056114186549e-02
4.311277e+00  3.69437651334886957e-02  2.72311459966488520e-02 -2.03606629866091952e-02
4.319664e+00  3.46324830960762775e-02  2.48099512746937333e-02 -2.07763225505318491e-02
4.328052e+00  3.04125206845360825e-02  2.13171855818589072e-02 -2.12643019018877652e-02
4.336440e+00  2.48651691682815826e-02  1.71716261137758106e-02 -2.18027957832451422e-02
4.344828e+00  1.86300843991843469e-02  1.28027836924862921e-02 -2.23596869993428066e-02
4.353215e+00  1.23306869308579797e-02  8.60127077356925840e-03 -2.28972741007635282e-02
4.361603e+00  6.50510452864455462e-03  4.87671233081364824e-03 -2.33775665466310761e-02
4.369991e+00  1.55227803009746232e-03  1.82946717370544867e-03 -2.37672969841130483e-02
4.378378e+00 -2.29925021654691633e-03 -4.59802200624841054e-04 -2.40419158042464373e-02
4.386766e+00 -4.99594717310618535e-03 -2.02182233795699219e-03 -2.41880211422035446e-02
4.395154e+00 -6.63796730281874560e-03 -2.97424195060493578e-03 -2.42039243956837478e-02
4.403541e+00 -7.43715577809985883e-03 -3.48654225010854978e-03 -2.40984094342732089e-02
4.411929e+00 -7.66314187998918747e-03 -3.74156496836655986e-03 -2.38880711148881063e-02
4.420317e+00 -7.58798886786252440e-03 -3.90101754697634411e-03 -2.35937876085851247e-02
4.428705e+00 -7.43941402109166670e-03 -4.08089883230429353e-03 -2.32369595946671885e-02
4.437092e+00 -7.37005496962022180e-03 -4.34017566062996126e-03 -2.28361597847858665e-02
4.445480e+00 -7.44631854424407640e-03 -4.68292448085044864e-03 -2.24046955932832512e-02
4.453868e+00 -7.65605939142347328e-03 -5.07136479641481699e-03 -2.19493419645053166e-02
4.462255e+00 -7.93064020172114768e-03 -5.44531729641639217e-03 -2.14702822541823039e-02
4.470643e+00 -8.17454931714328703e-03 -5.74288482725540499e-03 -2.09621171791720823e-02
4.479031e+00 -8.29515024079193787e-03 -5.91765767543346501e-03 -2.04156398775591844e-02
4.487418e+00 -8.22623785286589332e-03 -5.94923237520648442e-03 -1.98199881437187003e-02
4.495806e+00 -7.94134200856289052e-03 -5.84575411114457086e-03 -1.91648083318447238e-02
4.504194e+00 -7.45551707875689515e-03 -5.63907055242570364e-03 -1.84421385914806564e-02
4.512582e+00 -6.81705079643536889e-03 -5.37461278879287647e-03 -1.76477999566101093e-02
4.520969e+00 -6.09250653904449147e-03 -5.09900097352723215e-03 -1.67821942537228937e-02
4.529357e+00 -5.34945461424260905e-03 -4.84846726093271334e-03 -1.58505299997227338e-02
4.537745e+00 -4.64117068363723798e-03 -4.64066193782080791e-03 -1.48625634868555113e-02
4.546132e+00 -3.99663080526225893e-03 -4.47147900132268458e-03 -1.38319544629457187e-02
4.554520e+00 -3.41757457387990024e-03 -4.31733704590908911e-03 -1.27753547773450001e-02
4.562908e+00 -2.88266489279053817e-03 -4.14212300866821648e-03 -1.17113566561358653e-02
4.571295e+00 -2.35721746665637803e-03 -3.90705552991544008e-03 -1.06593780016534523e-02
4.579683e+00 -1.80582587421895834e-03 -3.58117186641226416e-03 -9.63851571605253005e-03
4.588071e+00 -1.20467845791035789e-03 -3.15002075413732237e-03 -8.66641117790693111e-03
4.596459e+00 -5.50579099473463688e-04 -2.62054938122477724e-03 -7.75817845248396448e-03
4.604846e+00  1.35465377964242699e-04 -2.02106628748746934e-03 -6.92542506282065300e-03
4.613234e+00  8.10949395712508704e-04 -1.39629124848242780e-03 -6.17542427169697448e-03
4.621622e+00  1.42021572237334978e-03 -7.98632622378614540e-04 -5.51054322295523209e-03
4.630009e+00  1.90640200030990810e-03 -2.77762759142694265e-04 -4.92800658956855063e-03
4.638397e+00  2.22406291267941399e-03  1.28993111003372174e-04 -4.42004755903026379e-03
4.646785e+00  2.34937490499753827e-03  4.03166578451816173e-04 -3.97450942198188974e-03
4.655172e+00  2.28539272128652901e-03  5.47078225454792092e-04 -3.57590046697959510e-03
4.663560e+00  2.06107216946206564e-03  5.80907378069852633e-04 -3.20679269703753140e-03
4.671948e+00  1.72442393435816820e-03  5.35930757229527779e-04 -2.84943335617741413e-03
4.680336e+00  1.33170497246354064e-03  4.45999061162910548e-04 -2.48743887460440519e-03
4.688723e+00  9.35549980468727079e-04  3.39709810062245794e-04 -2.10736360679007273e-03
4.697111e+00  5.75163355200423825e-04  2.35396784962988267e-04 -1.69992758139551523e-03
4.705499e+00  2.71023836172354024e-04  1.40110054121681676e-04 -1.26079533750277344e-03
4.713886e+00  2.51313617970717537e-05  5.24301124293173661e-05 -7.90836784088276459e-04
4.722274e+00 -1.73876439514009118e-04 -3.23146380423317331e-05 -2.95799943324310394e-04
4.730662e+00 -3.42819496236960390e-04 -1.16579771784612913e-04  2.14556529242286250e-04
4.739049e+00 -4.96076856323189358e-04 -1.97004575393427647e-04  7.27725308625470045e-04
4.747437e+00 -6.40297546915071349e-04 -2.64071016388146428e-04  1.22999817596818398e-03
4.755825e+00 -7.73251783586092470e-04 -3.05172634472876132e-04  1.70816389913727457e-03
4.764212e+00 -8.86771097966611234e-04 -3.09902179651940705e-04  2.15111996356967322e-03
4.772600e+00 -9.72231708545019365e-04 -2.75491143452387063e-04  2.55121157259272481e-03
4.780988e+00 -1.02615173465684219e-03 -2.10231422776820104e-04  2.90520488314290710e-03
4.789376e+00 -1.05347188730364164e-03 -1.33337309378562862e-04  3.21475401007632585e-03
4.797763e+00 -1.06697542913131334e-03 -7.08951357205151941e-05  3.48623964287570138e-03
4.806151e+00 -1.08278482042768547e-03 -4.89440262238644878e-05  3.73002700281406920e-03
4.814539e+00 -1.11339446857407838e-03 -8.57621259422768133e-05  3.95924525062273623e-03
4.822926e+00 -1.16067974077033241e-03 -1.85705931316914604e-04  4.18816397730707116e-03
4.831314e+00 -1.21143254032976501e-03 -3.36475664481224580e-04  4.43037020206017620e-03
4.839702e+00 -1.23720574581722125e-03 -5.10633753453498731e-04  4.69704270473078698e-03
4.848089e+00 -1.19885583530429814e-03 -6.70875091633302430e-04  4.99551167942823525e-03
4.856477e+00 -1.05463727022032591e-03 -7.77442318827543401e-04  5.32825272123644590e-03
4.864865e+00 -7.69594465599824393e-04 -7.95619647840965023e-04  5.69251898104153071e-03
4.873253e+00 -3.23681695563633471e-04 -7.01456610336863664e-04  6.08067083066018629e-03
4.881640e+00  2.83457496969459217e-04 -4.84600050748538471e-04  6.48107199236789503e-03
4.890028e+00  1.03201302780094018e-03 -1.48130138836285872e-04  6.87945038393915961e-03
4.898416e+00  1.88546858974687889e-03  2.93787739749075036e-04  7.26060992283685674e-03
4.906803e+00  2.79658446101267895e-03  8.19187328206001739e-04  7.61020944038703212e-03
4.915191e+00  3.71405376298078894e-03  1.40135586867297921e-03  7.91634419934522660e-03
4.923579e+00  4.58818959224309431e-03  2.01093243049861939e-03  8.17082847331914754e-03
4.931966e+00  5.37468588654243032e-03  2.61697494946915151e-03  8.37004658652824862e-03
4.940354e+00  6.03639037188320564e-03  3.18750972260828987e-03  8.51521223167539358e-03
4.948742e+00  6.54374824686858488e-03  3.69029444724957570e-03  8.61207017106388646e-03
4.957130e+00  6.87484356629114966e-03  4.09436224974290414e-03  8.67015863020868457e-03
4.965517e+00  7.01580294439314162e-03  4.37254838689668177e-03  8.70165556295584598e-03
4.973905e+00  6.96187853023782707e-03  4.50472219262442516e-03  8.71991412997385681e-03
4.982293e+00  6.71894885770625127e-03  4.48101076648356033e-03  8.73793272769657521e-03
4.990680e+00  6.30473834932231050e-03  4.30417418497712739e-03  8.76690221062476592e-03
4.999068e+00  5.74899127237326561e-03  3.99048977967569104e-03  8.81489898801576972e-03
5.007456e+00  5.09208535355650926e-03  3.56881900192083977e-03  8.88591199786163514e-03
5.015843e+00  4.38196921748383161e-03  3.07790915071656833e-03  8.97935646576909427e-03
5.024231e+00  3.66978798199061370e-03  2.56239868478043984e-03  9.09005538326721797e-03
5.032619e+00  3.00497076101554142e-03  2.06823407631042061e-03  9.20869428479000919e-03
5.041007e+00  2.43067747155200665e-03  1.63818750652321068e-03  9.32279138236520241e-03
5.049394e+00  1.98036786686514154e-03  1.30807485559278694e-03  9.41805580552412293e-03
5.057782e+00  1.67602490280614703e-03  1.10416204519466561e-03  9.47994075053297004e-03
5.066170e+00  1.52824394460002785e-03  1.04201047091404594e-03  9.49529191343666777e-03
5.074557e+00  1.53800957584481011e-03  1.12674707220483282e-03  9.45391907109697019e-03
5.082945e+00  1.69969126255811536e-03  1.35458682847430963e-03  9.34982024286316708e-03
5.091333e+00  2.00463438188091397e-03  1.71527583240362264e-03  9.18192800703361740e-03
5.099720e+00  2.44459980033284729e-03  2.19490845421287280e-03  8.95434218029428873e-03
5.108108e+00  3.01426578373953586e-03  2.77847799397357023e-03  8.67594273835835261e-03
5.116496e+00  3.71215341605269766e-03  3.45160144332055160e-03  8.35938495026832505e-03
5.124884e+00  4.53960258446446316e-03  4.20101056195073402e-03  8.01968470161927398e-03
5.133271e+00  5.49776320992026880e-03  5.01365308440839853e-03  7.67257122006817938e-03
5.141659e+00  6.58301985781619900e-03  5.87463605333747065e-03  7.33274281706507245e-03
5.150047e+00  7.78172260894867320e-03  6.76459480163850175e-03  7.01230176108592115e-03
5.158434e+00  9.06536053218962197e-03  7.65723986951499791e-03  6.71962084333589411e-03
5.166822e+00  1.03873581429972175e-02  8.51783934785656921e-03  6.45868978575609917e-03
5.175210e+00  1.16824900000234450e-02  9.30322387004545864e-03  6.22897609727232886e-03
5.183597e+00  1.28694349894415104e-02  9.96354987145842141e-03  6.02586303400834238e-03
5.191985e+00  1.38563703779625846e-02  1.04456745834366205e-02  5.84153202681310206e-03
5.200373e+00  1.45489786008827487e-02  1.06977180326033906e-02  5.66605939295648873e-03
5.208760e+00  1.48598579456417669e-02  1.06742229385655297e-02  5.48863146719336288e-03
5.217148e+00  1.47181186643610615e-02  1.03413060175183841e-02  5.29877462159853568e-03
5.225536e+00  1.40780313939708728e-02  9.68132000273259560e-03  5.08739375371449441e-03
5.233924e+00  1.29258794522422223e-02  8.69665847699457699e-03  4.84754274486114307e-03
5.242311e+00  1.12843902680208660e-02  7.41234714419478861e-03  4.57498314751717938e-03
5.250699e+00  9.21427171916788801e-03  5.87704952875288573e-03  4.26849227232933056e-03
5.259087e+00  6.81254855704533768e-03  4.16208443582566194e-03  3.92987433086482239e-03
5.267474e+00  4.20749264867496808e-03  2.35801390637468966e-03  3.56376380417285652e-03
5.275862e+00  1.55001224621091247e-03  5.68506917041440487e-04  3.17726311607519898e-03
5.284250e+00 -9.98308375832497336e-04 -1.09836929614386255e-03  2.77935403217345525e-03
5.292637e+00 -3.27972553368647028e-03 -2.54070449922864277e-03  2.38012710835801061e-03
5.301025e+00 -5.15599895345095725e-03 -3.67387901986850627e-03  1.98993843246779043e-03
5.309413e+00 -6.52325870890384935e-03 -4.44055316243128096e-03  1.61850626450950634e-03
5.317801e+00 -7.32376809674387466e-03 -4.81765377437258762e-03  1.27399819844512246e-03
5.326188e+00 -7.55240486939521942e-03 -4.81891167188244589e-03  9.62279748216558935e-04
5.334576e+00 -7.25646379306801523e-03 -4.49232759150053687e-03  6.86421344818058539e-04
5.342964e+00 -6.52853581741487908e-03 -3.91289703834685199e-03  4.46474451560723690e-04
5.351351e+00 -5.49346021080360063e-03 -3.17186313873632497e-03  2.39592195973526448e-04
5.359739e+00 -4.29150011014901942e-03 -2.36447270891390312e-03  6.05258276786432002e-05
5.368127e+00 -3.06060831255934151e-03 -1.57837460215367524e-03 -9.76261935230782896e-05
5.376514e+00 -1.92063027909265393e-03 -8.84409300394381850e-04 -2.42526331826119413e-04
5.384902e+00 -9.61651650183801762e-04 -3.30860631703404199e-04 -3.81622945704048356e-04
5.393290e+00 -2.37727046544545991e-04  5.85337397927324280e-05 -5.21254156720630146e-04
5.401678e+00  2.33868791133725809e-04  2.83237430845643056e-04 -6.66000442147351426e-04
5.410065e+00  4.68677315316943046e-04  3.62096160388275968e-04 -8.18307156749594096e-04
5.418453e+00  5.07721652948979539e-04  3.27969254809411205e-04 -9.78386413275854436e-04
5.426841e+00  4.08250750871691080e-04  2.21599396421157216e-04 -1.14446029000456065e-03
5.435228e+00  2.33874236416118958e-04  8.53472174828040313e-05 -1.31328187995982757e-03
5.443616e+00  4.51637724315627780e-05 -4.26911362881145779e-05 -1.48077602242836824e-03
5.452004e+00 -1.08409729272108087e-04 -1.33671944158679924e-04 -1.64273066272988010e-03
5.460391e+00 -1.94432342711055577e-04 -1.71511413249745518e-04 -1.79547518852872946e-03
5.468779e+00 -2.00698341904882358e-04 -1.54308060599429446e-04 -1.93639163674792043e-03
5.477167e+00 -1.35045219531599692e-04 -9.32562612067521673e-05 -2.06418254005769249e-03
5.485555e+00 -2.17446677018493301e-05 -9.05812304729637344e-06 -2.17893830621793388e-03
5.493942e+00  1.05069372406727018e-04  7.35597691346476999e-05 -2.28200291603439850e-03
5.502330e+00  2.09728149402709044e-04  1.32056975659506254e-04 -2.37563903398673197e-03
5.510718e+00  2.63348442540928328e-04  1.51543492549682297e-04 -2.46261600958943986e-03
5.519105e+00  2.50243280299240940e-04  1.28101249083372809e-04 -2.54582914523319038e-03
5.527493e+00  1.70866846890845470e-04  6.90781375020976443e-05 -2.62795586691794798e-03
5.535881e+00  4.05665931278583966e-05 -9.67338675613228476e-06 -2.71119105026849201e-03
5.544268e+00 -1.15429602327233319e-04 -8.87468136243650728e-05 -2.79712787546391572e-03
5.552656e+00 -2.69298571567533221e-04 -1.50854300146339250e-04 -2.88673519772492072e-03
5.561044e+00 -3.98103217478656360e-04 -1.85589109582064534e-04 -2.98035654382055194e-03
5.569432e+00 -4.89406871106628952e-04 -1.91948848252678303e-04 -3.07774162518445644e-03
5.577819e+00 -5.43548052593069366e-04 -1.78026083803559598e-04 -3.17809495087510415e-03
5.586207e+00 -5.72160170623844532e-04 -1.58175731190669951e-04 -3.28007988266101717e-03
5.594595e+00 -5.93672535525587909e-04 -1.48663752660507320e-04 -3.38180803407558527e-03
5.602982e+00 -6.27323154399930718e-04 -1.63117815479302145e-04 -3.48088444533824681e-03
5.611370e+00 -6.87470026354107728e-04 -2.09038434971254097e-04 -3.57449729362792389e-03
5.619758e+00 -7.79740817865344905e-04 -2.86199579477512147e-04 -3.65955032658820409e-03
5.628145e+00 -8.99883893684614894e-04 -3.87112146545670079e-04 -3.73289383750588510e-03
5.636533e+00 -1.03529727627630621e-03 -4.99142031820936131e-04 -3.79163262133398607e-03
5.644921e+00 -1.16848122327660540e-03 -6.07547362304322125e-04 -3.83342480438961675e-03
5.653308e+00 -1.28130088870173869e-03 -6.98610280967719367e-04 -3.85675243898697326e-03
5.661696e+00 -1.35893434843295502e-03 -7.62160034491609121e-04 -3.86114940825897255e-03
5.670084e+00 -1.39264070547322097e-03 -7.93075274874875972e-04 -3.84730430116772678e-03
5.678472e+00 -1.38092711782535483e-03 -7.91669190499372623e-04 -3.81700984807468221e-03
5.686859e+00 -1.32915209980699416e-03 -7.63078565102221136e-04 -3.77300715989697250e-03
5.695247e+00 -1.24790874875416527e-03 -7.15901719867980887e-04 -3.71872398051423117e-03
5.703635e+00 -1.15066301437205618e-03 -6.60397451698309032e-04 -3.65790208575392066e-03
5.712022e+00 -1.05115537488060379e-03 -6.06579147781416872e-04 -3.59420007013008368e-03
5.720410e+00 -9.61048042370806020e-04 -5.62528368636773849e-04 -3.53083679549286156e-03
5.728798e+00 -8.88201603340471797e-04 -5.33210729808010790e-04 -3.47026412315934191e-03
5.737185e+00 -8.35820195517125199e-04 -5.19995409553691617e-04 -3.41391233137534108e-03
5.745573e+00 -8.02566429535949886e-04 -5.20959959682706876e-04 -3.36208720358469526e-03
5.753961e+00 -7.83595641425893622e-04 -5.31891916513963403e-04 -3.31399830734363608e-03
5.762349e+00 -7.72248776616265881e-04 -5.47698780634632565e-04 -3.26787658491487854e-03
5.770736e+00 -7.61955766072972560e-04 -5.63818880010371541e-04 -3.22121475715076789e-03
5.779124e+00 -7.47863985184686847e-04 -5.77255460876428318e-04 -3.17111659012315507e-03
5.787512e+00 -7.27804683101953556e-04 -5.86975201963552975e-04 -3.11466016698596889e-03
5.795899e+00 -7.02377255405147024e-04 -5.93591740483870810e-04 -3.04924449288755802e-03
5.804287e+00 -6.74188260115741490e-04 -5.98512495072359347e-04 -2.97292642046361908e-03
5.812675e+00 -6.46584139293459757e-04 -6.02937647698117583e-04 -2.88467436667712903e-03
5.821062e+00 -6.22376830221605445e-04 -6.07108221528085022e-04 -2.78448067658257446e-03
5.829450e+00 -6.03003347847802604e-04 -6.10069405407149775e-04 -2.67337005280008375e-03
5.837838e+00 -5.88389486682668050e-04 -6.10058539895679181e-04 -2.55331046925471932e-03
5.846226e+00 -5.77557613788220255e-04 -6.05408533038398456e-04 -2.42698753108226608e-03
5.854613e+00 -5.69731661514842982e-04 -5.95621119016999660e-04 -2.29748765065134830e-03
5.863001e+00 -5.65481877516309565e-04 -5.82201293334012751e-04 -2.16796713376183562e-03
5.871389e+00 -5.67452916703909912e-04 -5.68964403346768890e-04 -2.04130990244243788e-03
5.879776e+00 -5.80375258150916062e-04 -5.61670260633984021e-04 -1.91979550629393578e-03
5.888164e+00 -6.10266948219996270e-04 -5.66996570763324140e-04 -1.80486091474189067e-03
5.896552e+00 -6.62972799346901991e-04 -5.91082698834593970e-04 -1.69697961300091819e-03
5.904939e+00 -7.42409980822555417e-04 -6.38018468805902805e-04 -1.59563533058683306e-03
5.913327e+00 -8.48984199839413031e-04 -7.08626408104753402e-04 -1.49942196234408454e-03
5.921715e+00 -9.78587834871530796e-04 -7.99802062048554294e-04 -1.40627841989789657e-03
5.930103e+00 -1.12245140514435882e-03 -9.04591236827625056e-04 -1.31378619933073784e-03
5.938490e+00 -1.26793403408336034e-03 -1.01302323505152972e-03 -1.21949125568449621e-03
5.946878e+00 -1.40013404832870446e-03 -1.11352699477466053e-03 -1.12124863136449826e-03
5.955266e+00 -1.50401714525636799e-03 -1.19464559340588935e-03 -1.01751876398208118e-03
5.963653e+00 -1.56663687349152384e-03 -1.24672059809099729e-03 -9.07546988383954828e-04
5.972041e+00 -1.57900137573759882e-03 -1.26320614688130162e-03 -7.91446713529838307e-04
5.980429e+00 -1.53722801515816928e-03 -1.24134663361352639e-03 -6.70187981252292134e-04
5.988816e+00 -1.44277724005416048e-03 -1.18211803958565356e-03 -5.45452442795203371e-04
5.997204e+00 -1.30175065862016379e-03 -1.08951985802561947e-03 -4.19398588637411084e-04
6.005592e+00 -1.12348023191682022e-03 -9.69469981312654004e-04 -2.94412119727659996e-04
6.013979e+00 -9.18831281889826964e-04 -8.28658691590698250e-04 -1.72836201193264302e-04
6.022367e+00 -6.98674034810161304e-04 -6.73699921772241911e-04 -5.66973564849927324e-05
6.030755e+00 -4.72878608419282764e-04 -5.10788391027712898e-04  5.24884344133063217e-05
6.039143e+00 -2.50026095199243326e-04 -3.45882447699370462e-04  1.53819961989552252e-04
6.047530e+00 -3.77770794119308895e-05 -1.85213637764768368e-04  2.47072841976892269e-04
6.055918e+00  1.56441469259266375e-04 -3.57632907970951809e-05  3.32683812417468164e-04
6.064306e+00  3.24882382368327997e-04  9.46396413138378498e-05  4.11625728228499574e-04
6.072693e+00  4.59405829676487530e-04  1.97785098138931407e-04  4.85243692357496695e-04
6.081081e+00  5.52044680757539006e-04  2.66093531509680684e-04  5.55084380986028926e-04
6.089469e+00  5.96118435336738203e-04  2.93919674097608478e-04  6.22677803312994007e-04
6.097856e+00  5.87516399619155858e-04  2.78697178093180562e-04  6.89311211009329978e-04
6.106244e+00  5.25620440277889747e-04  2.21479521804558043e-04  7.55871482274542866e-04
6.114632e+00  4.13462897616725380e-04  1.26654396420143725e-04  8.22736404563570705e-04
6.123020e+00  2.56996169461620196e-04  8.76762948362051393e-07  8.89702933302247037e-04
6.131407e+00  6.36509854185840279e-05 -1.48484469303627342e-04  9.56017535729862468e-04
6.139795e+00 -1.59344901584968776e-04 -3.14869995582821923e-04  1.02050648803844453e-03
6.148183e+00 -4.06245775779623224e-04 -4.93472695684558796e-04  1.08173776717191816e-03
6.156570e+00 -6.73139090713798676e-04 -6.81283291276308387e-04  1.13821813709083291e-03
6.164958e+00 -9.57187847331418215e-04 -8.76252103563030112e-04  1.18863099318909930e-03
6.173346e+00 -1.25496927862740553e-03 -1.07585160538593285e-03  1.23203342481489095e-03
6.181733e+00 -1.56044484804194203e-03 -1.27554378085921027e-03  1.26797144670165343e-03
6.190121e+00 -1.86328893926327095e-03 -1.46773761207102970e-03  1.29654525037963615e-03
6.198509e+00 -2.14823608529754245e-03 -1.64164164427555337e-03  1.31840149299542776e-03
6.206897e+00 -2.39578718064027609e-03 -1.78408880398237945e-03  1.33462212939526202e-03
6.215284e+00 -2.58420348094489521e-03 -1.88113606546988824e-03  1.34657032454428604e-03
6.223672e+00 -2.69235573069194446e-03 -1.92004901081188270e-03  1.35573608450997819e-03
6.232060e+00 -2.70277620006948230e-03 -1.89118241595779397e-03  1.36356082558775288e-03
6.240447e+00 -2.60425724645285770e-03 -1.78935865323897529e-03  1.37127917375908306e-03
6.248835e+00 -2.39353812228946129e-03 -1.61458320395532480e-03  1.37983675152149039e-03
6.257223e+00 -2.07591575095289775e-03 -1.37214163032793363e-03  1.38985010356262677e-03
6.265610e+00 -1.66489180105617771e-03 -1.07223143099779029e-03  1.40158218121018267e-03
6.273998e+00 -1.18113153828285013e-03 -7.29321343070846151e-04  1.41497585864983934e-03
6.282386e+00 -6.51007937919311983e-04 -3.61369563979845791e-04  1.42972684846191800e-03
6.290774e+00 -1.04891715278269119e-04  1.11087870459606300e-05  1.44533309133212679e-03
6.299161e+00  4.24777704081237258e-04  3.66229353012508202e-04  1.46114359438356519e-03
6.307549e+00  9.05692313216755742e-04  6.82270717104924932e-04  1.47643309521082672e-03
6.315937e+00  1.30819259195588374e-03  9.39547781044491339e-04  1.49045051160915146e-03
6.324324e+00  1.60799848712009363e-03  1.12247217435018924e-03  1.50243980189912105e-03
6.332712e+00  1.78884013165794809e-03  1.22148050856263259e-03  1.51168970623403965e-03
6.341100e+00  1.84454395527202178e-03  1.23443187647539468e-03  1.51758661551144847e-03
6.349487e+00  1.78011305113648681e-03  1.16712356345587240e-03  1.51963031893085688e-03
6.357875e+00  1.61142970530958932e-03  1.03271979029648524e-03  1.51746169946955791e-03
6.366263e+00  1.36345063917328547e-03  8.50112486778311434e-04  1.51091211068392567e-03
6.374651e+00  1.06711156628623658e-03  6.41476959947416569e-04  1.50000802277937056e-03
6.383038e+00  7.55430777054025911e-04  4.29442802129701351e-04  1.48494259280114818e-03
6.391426e+00  4.59431885922440822e-04  2.34344899426952043e-04  1.46606393526907517e-03
6.399814e+00  2.04539593253584388e-04  7.19863585496265785e-05  1.44383711627097820e-03
6.408201e+00  8.00698664777273895e-06 -4.77785595659719568e-05  1.41875595911039403e-03
6.416589e+00 -1.22316639826240301e-04 -1.21527870638392683e-04  1.39127355807186254e-03
6.424977e+00 -1.87839094455338653e-04 -1.51866832832863856e-04  1.36176229371508858e-03
6.433364e+00 -1.97847363972627392e-04 -1.46274330333624281e-04  1.33045861815012860e-03
6.441752e+00 -1.67198657006840799e-04 -1.15432136680972423e-04  1.29743435389269930e-03
6.450140e+00 -1.13506514152995224e-04 -7.13287674615734372e-05  1.26263773602553332e-03
6.458527e+00 -5.42649615026769911e-05 -2.54049137402594944e-05  1.22594716141811630e-03
6.466915e+00 -4.29159944197008450e-06  1.30314808154323850e-05  1.18721443817059466e-03
6.475303e+00  2.61793930300075919e-05  3.79026780194436264e-05  1.14633855112843477e-03
6.483691e+00  3.24996529668601490e-05  4.68215458554112842e-05  1.10333402029701242e-03
6.492078e+00  1.56078277814963111e-05  4.08987542147940263e-05  1.05833474922298072e-03
6.500466e+00 -1.88983030828083870e-05  2.39774097355323115e-05  1.01156846734185035e-03
6.508854e+00 -6.24201004092702830e-05  1.44435933918362010e-06  9.63325298825518702e-04
6.517241e+00 -1.05426849435753768e-04 -2.11337280700781771e-05  9.13882994656337630e-04
6.525629e+00 -1.39523342559197817e-04 -3.92519050907761310e-05  8.63417938006259475e-04
6.534017e+00 -1.59119707142014289e-04 -5.03547870456748004e-05  8.11964907292386817e-04
6.542404e+00 -1.62415009521427303e-04 -5.42339106706895001e-05  7.59406331106531420e-04
6.550792e+00 -1.51547087849714297e-04 -5.28758313828172767e-05  7.05478199147334633e-04
6.559180e+00 -1.31927097770388193e-04 -4.98229136937410741e-05  6.49839081405426274e-04
6.567568e+00 -1.10949116590986009e-04 -4.92358620379918977e-05  5.92181897907420726e-04
6.575955e+00 -9.63815336852312862e-05 -5.48844787589218146e-05  5.32322804823544835e-04
6.584343e+00 -9.47838124602236543e-05 -6.92709925483962888e-05  4.70279164826181229e-04
6.592731e+00 -1.10262402555276964e-04 -9.30674159704369101e-05  4.06344731461894904e-04
6.601118e+00 -1.43788448023685994e-04 -1.24983544766184398e-04  3.41100115096348898e-04
6.609506e+00 -1.93170763145389922e-04 -1.62066183409403404e-04  2.75356684685969580e-04
6.617894e+00 -2.53646337586116075e-04 -2.00338682182346357e-04  2.10090960853988594e-04
6.626281e+00 -3.18929556276443659e-04 -2.35641453306414299e-04  1.46354604847530475e-04
6.634669e+00 -3.82474321518391281e-04 -2.64495173088648240e-04  8.51444251622088347e-05
6.643057e+00 -4.38687397356648612e-04 -2.84800729819318515e-04  2.73013577634299669e-05
6.651445e+00 -4.83867986695504565e-04 -2.96238192803970914e-04 -2.65387188827722452e-05
6.659832e+00 -5.16703677372217429e-04 -3.00297645861246796e-04 -7.59889804970766966e-05
6.668220e+00 -5.38247939087908508e-04 -2.99944774046149618e-04 -1.20925755948843181e-04
6.676608e+00 -5.51431286620492436e-04 -2.98995800244712380e-04 -1.61431803335016150e-04
6.684995e+00 -5.60242533450296489e-04 -3.01330201426037352e-04 -1.97725515389394243e-04
6.693383e+00 -5.68750156284948336e-04 -3.10093545720682240e-04 -2.30112000926749923e-04
6.701771e+00 -5.80168588848807543e-04 -3.27046683238605340e-04 -2.58913427759301280e-04
6.710158e+00 -5.96177783062464082e-04 -3.52192311117741519e-04 -2.84398371908485775e-04
6.718546e+00 -6.16629603402708924e-04 -3.83754006958841095e-04 -3.06769853030159126e-04
6.726934e+00 -6.39686322783306256e-04 -4.18524966351112120e-04 -3.26180369500823084e-04
6.735322e+00 -6.62377846023066942e-04 -4.52541647622843309e-04 -3.42738103459469599e-04
6.743709e+00 -6.81474425318883900e-04 -4.81953226027796006e-04 -3.56545155179665717e-04
6.752097e+00 -6.94460737744536510e-04 -5.03892708384142286e-04 -3.67760105906555623e-04
6.760485e+00 -7.00362390479276355e-04 -5.17149765527362046e-04 -3.76621666583579402e-04
6.768872e+00 -7.00212287134840180e-04 -5.22472661992246564e-04 -3.83446176675380666e-04
6.777260e+00 -6.96994907497394981e-04 -5.22386417450105742e-04 -3.88631464440447648e-04
6.785648e+00 -6.95015974510196171e-04 -5.20544170389994061e-04 -3.92627906479779687e-04
6.794035e+00 -6.98832488704309585e-04 -5.20782122315846595e-04 -3.95870322804182842e-04
6.802423e+00 -7.12030925832802999e-04 -5.26134462075355885e-04 -3.98727382345650670e-04
6.810811e+00 -7.36189202271062145e-04 -5.38078920320528005e-04 -4.01469566970667682e-04
6.819199e+00 -7.70333506241994612e-04 -5.56241784709959951e-04 -4.04230862254637262e-04
6.827586e+00 -8.11089881492305879e-04 -5.78655454202354732e-04 -4.07000642603590538e-04
6.835974e+00 -8.53507768411255617e-04 -6.02460440836421920e-04 -4.09660424447257836e-04
6.844362e+00 -8.92298292467387792e-04 -6.24795384794736802e-04 -4.12022079955675496e-04
6.852749e+00 -9.23102637669099353e-04 -6.43575103002138249e-04 -4.13867970755399622e-04
6.861137e+00 -9.43399925314061956e-04 -6.57895509356589596e-04 -4.15014759438073796e-04
6.869525e+00 -9.52774549192298499e-04 -6.67934548724219727e-04 -4.15363051132487866e-04
6.877912e+00 -9.52490396566173301e-04 -6.74424090857140245e-04 -4.14912423181746292e-04
6.886300e+00 -9.44577604463682388e-04 -6.77940598284893013e-04 -4.13777807870937728e-04
6.894688e+00 -9.30802786157584124e-04 -6.78316150517815756e-04 -4.12200774981721473e-04
6.903075e+00 -9.11916765447340306e-04 -6.74415321571519128e-04 -4.10524117537287088e-04
6.911463e+00 -8.87457836626671394e-04 -6.64385634792369578e-04 -4.09158899572864619e-04
6.919851e+00 -8.56164349309295435e-04 -6.46299461422038951e-04 -4.08564387751625879e-04
6.928239e+00 -8.16810230709129597e-04 -6.18942603113170880e-04 -4.09205231928610536e-04
6.936626e+00 -7.69123711746720184e-04 -5.82452148497565494e-04 -4.11490283434027312e-04
6.945014e+00 -7.14428206100968023e-04 -5.38575600145492668e-04 -4.15730803180772547e-04
6.953402e+00 -6.55761644408881764e-04 -4.90470322589027551e-04 -4.22099299548520318e-04
6.961789e+00 -5.97445813256484233e-04 -4.42127513036150676e-04 -4.30573122253546220e-04
6.970177e+00 -5.44281573090543095e-04 -3.97629092970781610e-04 -4.40906283694994224e-04
6.978565e+00 -5.00653195350275987e-04 -3.60483981081323424e-04 -4.52640061793886390e-04
6.986952e+00 -4.69827842540326216e-04 -3.33226219530338892e-04 -4.65120909719839951e-04
6.995340e+00 -4.53636039285925524e-04 -3.17323704224420963e-04 -4.77542642238658213e-04
7.003728e+00 -4.52538907015558522e-04 -3.13319238441493058e-04 -4.89034778186429853e-04
7.012116e+00 -4.65935170518590408e-04 -3.21062887204435457e-04 -4.98759321031457046e-04
7.020503e+00 -4.92519985216287749e-04 -3.39897091370270970e-04 -5.05995477013490092e-04
7.028891e+00 -5.30545759733144339e-04 -3.68714373970123336e-04 -5.10229904581766978e-04
7.037279e+00 -5.77914532655939331e-04 -4.05909450752677621e-04 -5.11229605108615972e-04
7.045666e+00 -6.32151392184752514e-04 -4.49329518424455214e-04 -5.09065681671572005e-04
7.054054e+00 -6.90396456714953964e-04 -4.96326459620513257e-04 -5.04107052227145518e-04
7.062442e+00 -7.49525382184670756e-04 -5.43956641774410261e-04 -4.96990894331052571e-04
7.070829e+00 -8.06414061292494390e-04 -5.89306019674613229e-04 -4.88546917950331925e-04
7.079217e+00 -8.58285621920856800e-04 -6.29847351579413913e-04 -4.79694064052398495e-04
7.087605e+00 -9.03016097897536298e-04 -6.63693747223394301e-04 -4.71340834430626426e-04
7.095993e+00 -9.39249280322772447e-04 -6.89652509493405815e-04 -4.64279358460928425e-04
7.104380e+00 -9.66246151979744143e-04 -7.07079761093893961e-04 -4.59080990393941502e-04
7.112768e+00 -9.83530824458827852e-04 -7.15616433507159613e-04 -4.56030873469243504e-04
7.121156e+00 -9.90484265420165906e-04 -7.14931238576955530e-04 -4.55099674261002271e-04
7.129543e+00 -9.86059655558661026e-04 -7.04602980130329139e-04 -4.55941181997152880e-04
7.137931e+00 -9.68769022199272335e-04 -6.84213448764489467e-04 -4.57940718035955614e-04
7.146319e+00 -9.36992875312554741e-04 -6.53614231169667346e-04 -4.60310209055594033e-04
7.154706e+00 -8.89516732951450969e-04 -6.13248506059593150e-04 -4.62190435506610394e-04
7.163094e+00 -8.26101462729178092e-04 -5.64382987033338951e-04 -4.62760297889743791e-04
7.171482e+00 -7.47889957198126921e-04 -5.09130948554962115e-04 -4.61354081463403705e-04
7.179870e+00 -6.57509556928929971e-04 -4.50227685218148970e-04 -4.57538553364363130e-04
7.188257e+00 -5.58835669715464982e-04 -3.90626689328347316e-04 -4.51132995240800393e-04
7.196645e+00 -4.56515012848222217e-04 -3.33060364421436156e-04 -4.42200664398195926e-04
7.205033e+00 -3.55433256539967597e-04 -2.79725976002179828e-04 -4.30999045531494588e-04
7.213420e+00 -2.60306250909183158e-04 -2.32212420900076598e-04 -4.17874962628753935e-04
7.221808e+00 -1.75498091276034317e-04 -1.91682450661345656e-04 -4.03155961516318969e-04
7.230196e+00 -1.05056923376779842e-04 -1.59215486299870421e-04 -3.87068579415323732e-04
7.238583e+00 -5.28474037920754369e-05 -1.36150891025630885e-04 -3.69665168140001900e-04
7.246971e+00 -2.26001422643278549e-05 -1.24258579542932797e-04 -3.50788140681575428e-04
7.255359e+00 -1.77236156475971715e-05 -1.25611998971934363e-04 -3.30111244669922138e-04
7.263747e+00 -4.08215312708146006e-05 -1.42156659871873369e-04 -3.07220664789680529e-04
7.272134e+00 -9.29946348372811708e-05 -1.75093886495018613e-04 -2.81706375435488798e-04
7.280522e+00 -1.73126057721986108e-04 -2.24264664641140796e-04 -2.53286800600928137e-04
7.288910e+00 -2.77398524383772830e-04 -2.87732466980792755e-04 -2.21935808313188446e-04
7.297297e+00 -3.99255187143031267e-04 -3.61729924382049833e-04 -1.87948911063835333e-04
7.305685e+00 -5.29906440866500768e-04 -4.41018018939182740e-04 -1.51960596398273895e-04
7.314073e+00 -6.59325017270482238e-04 -5.19561707837573367e-04 -1.14927771251476061e-04
7.322460e+00 -7.77519087055814008e-04 -5.91350113328303266e-04 -7.80369256161872769e-05
7.330848e+00 -8.75798088925528297e-04 -6.51172112019166287e-04 -4.25470541199281954e-05
7.339236e+00 -9.47762800179982709e-04 -6.95168194636851472e-04 -9.63268456352657425e-06
7.347623e+00 -9.89836737615689679e-04 -7.21063766847524802e-04  1.97737884156350463e-05
7.356011e+00 -1.00129508542008716e-03 -7.28123695477966675e-04  4.51447210541800414e-05
7.364399e+00 -9.83895953479847199e-04 -7.16938706222146815e-04  6.64564493806278313e-05
7.372787e+00 -9.41302179389355131e-04 -6.89154622316308493e-04  8.42015214115980501e-05
7.381174e+00 -8.78476997694850451e-04 -6.47246652503117919e-04  9.93572937611269326e-05
7.389562e+00 -8.01177005353205323e-04 -5.94388698765250145e-04  1.13294625622674275e-04
7.397950e+00 -7.15574294704090954e-04 -5.34363763220298423e-04  1.27600110511376944e-04
7.406337e+00 -6.27944099796350292e-04 -4.71414771617988332e-04  1.43875221399250103e-04
7.414725e+00 -5.44313644429736182e-04 -4.09973672586475446e-04  1.63555092646963955e-04
7.423113e+00 -4.70007830588202533e-04 -3.54250623981502174e-04  1.87720321335517980e-04
7.431500e+00 -4.09110139076961066e-04 -3.07718923404756424e-04  2.16935754425547935e-04
7.439888e+00 -3.63940928695008416e-04 -2.72620488377414141e-04  2.51179446291552788e-04
7.448276e+00 -3.34713458338849288e-04 -2.49651668092577502e-04  2.89832767250157897e-04
7.456664e+00 -3.19524365737004551e-04 -2.37927365796892533e-04  3.31705989376246684e-04
7.465051e+00 -3.14754339722445151e-04 -2.35245874903441715e-04  3.75146809170165364e-04
7.473439e+00 -3.15831091696720074e-04 -2.38609308133789838e-04  4.18216951220291779e-04
7.481827e+00 -3.18192304237157513e-04 -2.44865221067542128e-04  4.58865097013491728e-04
7.490214e+00 -3.18219083944196819e-04 -2.51292487903201963e-04  4.95107187749012573e-04
7.498602e+00 -3.13913692092321849e-04 -2.56005731462734037e-04  5.25232197616571045e-04
7.506990e+00 -3.05168230334432276e-04 -2.58120270325301452e-04  5.47962422256809524e-04
7.515377e+00 -2.93586546936379247e-04 -2.57671926622918485e-04  5.62541326191579776e-04
7.523765e+00 -2.81940341130872954e-04 -2.55359318277132981e-04  5.68796663502272866e-04
7.532153e+00 -2.73420525430667204e-04 -2.52220203591667878e-04  5.67154583179597439e-04
7.540541e+00 -2.70864752330692374e-04 -2.49321732693521137e-04  5.58558258123629256e-04
7.548928e+00 -2.76116596066069357e-04 -2.47510054826523957e-04  5.44344359947735996e-04
7.557316e+00 -2.89622447728085685e-04 -2.47257402018457282e-04  5.26114465946038315e-04
7.565704e+00 -3.10307554514817157e-04 -2.48609859961785380e-04  5.05558428492861663e-04
7.574091e+00 -3.35716559799293789e-04 -2.51208354927912904e-04  4.84253744151507369e-04
7.582479e+00 -3.62379080283463438e-04 -2.54378868458256843e-04  4.63515577231078755e-04
7.590867e+00 -3.86345962507839721e-04 -2.57294253820108574e-04  4.44280091400110864e-04
7.599254e+00 -4.03813991597948329e-04 -2.59168500766167624e-04  4.26997456243946843e-04
7.607642e+00 -4.11737920628661540e-04 -2.59436073637843532e-04  4.11598317754392512e-04
7.616030e+00 -4.08330421049522439e-04 -2.57887001170077862e-04  3.97549194955378038e-04
7.624418e+00 -3.93354013057217039e-04 -2.54709237588643411e-04  3.83938180223957403e-04
7.632805e+00 -3.68130357756307096e-04 -2.50395626094271416e-04  3.69601157391870642e-04
7.641193e+00 -3.35260082350750878e-04 -2.45547064880890739e-04  3.53317396768819479e-04
7.649581e+00 -2.98125098676271685e-04 -2.40645897514465170e-04  3.34009651410617308e-04
7.657968e+00 -2.60288969536625475e-04 -2.35857543696828514e-04  3.10901152962096423e-04
7.666356e+00 -2.24928951770910754e-04 -2.30925068434444813e-04  2.83657118157770174e-04
7.674744e+00 -1.94426286309666119e-04 -2.25215533417375636e-04  2.52483593524451769e-04
7.683131e+00 -1.70181080336755114e-04 -2.17895647734610455e-04  2.18122565865120775e-04
7.691519e+00 -1.52633566290470653e-04 -2.08153695099382496e-04  1.81773181535758955e-04
7.699907e+00 -1.41426169762301355e-04 -1.95406725414297363e-04  1.44980771067766830e-04
7.708295e+00 -1.35630474100967307e-04 -1.79446864970648915e-04  1.09467862912821887e-04
7.716682e+00 -1.33968193471568155e-04 -1.60480345386908698e-04  7.69270351919221885e-05
7.725070e+00 -1.34989756504433822e-04 -1.39072579503453754e-04  4.88510683381821221e-05
7.733458e+00 -1.37224005894972389e-04 -1.16067088184987089e-04  2.64066416596614474e-05
7.741845e+00 -1.39325934549383259e-04 -9.25122012625664115e-05  1.03322658674924405e-05
7.750233e+00 -1.40224547639835001e-04 -6.95888278850282982e-05  9.02967400872316017e-07
7.758621e+00 -1.39247621745534076e-04 -4.85375782684459853e-05 -2.02720042722357075e-06
7.767008e+00 -1.36181599924585083e-04 -3.05645758035358949e-05  1.03942631214983939e-06
7.775396e+00 -1.31218380111286959e-04 -1.66826032686015270e-05  9.32136005634645360e-06
7.783784e+00 -1.24773521350318852e-04 -7.49726931504532130e-06  2.18671722957414041e-05
7.792171e+00 -1.17223302478937214e-04 -3.01440034099361397e-06  3.76530517383526906e-05
7.800559e+00 -1.08656127789096807e-04 -2.54397133177531212e-06  5.56354411626367953e-05
7.808947e+00 -9.87455785298680045e-05 -4.75643108848498821e-06  7.47936130432940533e-05
7.817335e+00 -8.68230728724333670e-05 -7.92780469418739674e-06  9.41676602297191438e-05
7.825722e+00 -7.21532839448208878e-05 -1.03354411510376668e-05  1.12860743810916058e-04
7.834110e+00 -5.43248163645872488e-05 -1.06805959738744543e-05  1.30031776684187060e-04
7.842498e+00 -3.36108643494323990e-05 -8.40382992220249321e-06  1.44916684456716219e-04
7.850885e+00 -1.11494399202872080e-05 -3.79764934437148803e-06  1.56854772246303687e-04
7.859273e+00  1.11556416598001658e-05  2.13063558087829723e-06  1.65309511774023590e-04
7.867661e+00  3.10085527561856840e-05  8.00701746644550057e-06  1.69915909767769639e-04
7.876048e+00  4.62577541459902251e-05  1.25215638001714569e-05  1.70542221827412594e-04
7.884436e+00  5.54256368577295827e-05  1.47974425876614654e-05  1.67323607895967109e-04
7.892824e+00  5.80644815389926930e-05  1.45945764798707718e-05  1.60674827294814658e-04
7.901212e+00  5.48264465042800893e-05  1.22975318054470010e-05  1.51293297856933362e-04
7.909599e+00  4.72399530597715031e-05  8.71518019996334483e-06  1.40119604311817565e-04
7.917987e+00  3.72921259955131371e-05  4.79603728734213245e-06  1.28247455045706987e-04
7.926375e+00  2.69651821216592996e-05  1.37267826835865085e-06  1.16818247077353144e-04
7.934762e+00  1.78643139257036834e-05 -9.92054847861325145e-07  1.06909171255217217e-04
7.943150e+00  1.10309876727746388e-05 -2.02551909550883286e-06  9.94093029542604431e-05
7.951538e+00  6.95895398368968158e-06 -1.65309202428366538e-06  9.49157591496876740e-05
7.959925e+00  5.74878576286914108e-06  1.33254260970784514e-07  9.36799849825768879e-05
7.968313e+00  7.30645651864735115e-06  3.37490332646950493e-06  9.55957339166100433e-05
7.976701e+00  1.15118328616632049e-05  8.18809125933691345e-06  1.00225639967331702e-04
7.985089e+00  1.83141500722594539e-05  1.47464796152183842e-05  1.06877362350070454e-04
7.993476e+00  2.77480798078733016e-05  2.32222702696251400e-05  1.14710995772244274e-04
8.001864e+00  3.99020660589175576e-05  3.37280286810624346e-05  1.22844165445564548e-04
8.010252e+00  5.48766370192246294e-05  4.62920031335707039e-05  1.30445807541844811e-04
8.018639e+00  7.27439185435310227e-05  6.08575298710737996e-05  1.36813923945617856e-04
8.027027e+00  9.34999357511583703e-05  7.72817093118941673e-05  1.41416775906104262e-04
8.035415e+00  1.17000193372820914e-04  9.53227865499029880e-05  1.43893225424232069e-04
8.043802e+00  1.42876425474803534e-04  1.14611355040183645e-04  1.44033323541876838e-04
8.052190e+00  1.70453246835793764e-04  1.34610926850044183e-04  1.41750798886540122e-04
8.060578e+00  1.98709605655497120e-04  1.54602519214039921e-04  1.37047722753661774e-04
8.068966e+00  2.26333130856756423e-04  1.73732916627205680e-04  1.29986619190230188e-04
8.077353e+00  2.51889047122835080e-04  1.91130098880889419e-04  1.20685477290333369e-04
8.085741e+00  2.74082153810180015e-04  2.06055116556693569e-04  1.09324879048334705e-04
8.094129e+00  2.92042625102440249e-04  2.18046220760681361e-04  9.61529341167198851e-05
8.102516e+00  3.05538693306671026e-04  2.27001708868257473e-04  8.14911528980034313e-05
8.110904e+00  3.15033412696401295e-04  2.33155993502978128e-04  6.57346222172819751e-05
8.119292e+00  3.21548760084597698e-04  2.36948609230859970e-04  4.93251396488038593e-05
8.127679e+00  3.26361929968590093e-04  2.38837935727283435e-04  3.27003051856831234e-05
8.136067e+00  3.30624405642744178e-04  2.39131478726122882e-04  1.62401728272076473e-05
8.144455e+00  3.35029440939442870e-04  2.37896977818680328e-04  2.11804823022887786e-07
8.152842e+00  3.39631218909299773e-04  2.34995438153927144e-04 -1.52883163906256094e-05
8.161230e+00  3.43863852136719068e-04  2.30231195764467339e-04 -3.03647141288109218e-05
8.169618e+00  3.46748099586466428e-04  2.23558835537084863e-04 -4.53106507275185665e-05
8.178006e+00  3.47210245628017577e-04  2.15261665431424763e-04 -6.05714246797899440e-05
8.186393e+00  3.44399441589257897e-04  2.06032716551778072e-04 -7.66842630328151464e-05
8.194781e+00  3.37911444353215448e-04  1.96924467372951932e-04 -9.41832828844820500e-05
8.203169e+00  3.27880587390865235e-04  1.89177338449593528e-04 -1.13497240041835707e-04
8.211556e+00  3.14947004540019719e-04  1.83985404709920695e-04 -1.34872372922170106e-04
8.219944e+00  3.00146184308261628e-04  1.82282534897489909e-04 -1.58312417261198058e-04
8.228332e+00  2.84792430578942205e-04  1.84614247635374220e-04 -1.83540693955736782e-04
8.236719e+00  2.70403274602249583e-04  1.91121927835965003e-04 -2.10016896578541054e-04
8.245107e+00  2.58660518093740781e-04  2.01628424216788435e-04 -2.36998973614942421e-04
8.253495e+00  2.51373767409269913e-04  2.15777885657014826e-04 -2.63615015693288441e-04
8.261883e+00  2.50401085963878353e-04  2.33164020379754205e-04 -2.88951417938690131e-04
8.270270e+00  2.57482743780538962e-04  2.53399742857645857e-04 -3.12157027201213910e-04
8.278658e+00  2.73982811838291397e-04  2.76117555500756165e-04 -3.32516352588663926e-04
8.287046e+00  3.00591493444396735e-04  3.00916765541539371e-04 -3.49476788816966376e-04
8.295433e+00  3.37068656593219349e-04  3.27294612752494090e-04 -3.62656262383387578e-04
8.303821e+00  3.82107462489885167e-04  3.54608700663276277e-04 -3.71819304743450051e-04
8.312209e+00  4.33381598170365606e-04  3.82097016480430055e-04 -3.76806892343809884e-04
8.320596e+00  4.87791113153887308e-04  4.08946480546138076e-04 -3.77466076572496574e-04
8.328984e+00  5.41855238876888371e-04  4.34384781768127779e-04 -3.73609678881040420e-04
8.337372e+00  5.92167114143663052e-04  4.57765447101914091e-04 -3.64987039893556226e-04
8.345760e+00  6.35823317314199968e-04  4.78612992925208421e-04 -3.51285382440547230e-04
8.354147e+00  6.70746790372862486e-04  4.96615167808800873e-04 -3.32197430710024345e-04
8.362535e+00  6.95855376952635445e-04  5.11584481394364841e-04 -3.07519405665940748e-04
8.370923e+00  7.11084887741304686e-04  5.23421459178775666e-04 -2.77240516393314552e-04
8.379310e+00  7.17302637503007805e-04  5.32101205339019978e-04 -2.41641112224019614e-04
8.387698e+00  7.16144213443764880e-04  5.37698736544480220e-04 -2.01377889329679730e-04
8.396086e+00  7.09809605818850211e-04  5.40452344735427997e-04 -1.57495676994516743e-04
8.404473e+00  7.00847412777710769e-04  5.40831788278943286e-04 -1.11377377220096089e-04
8.412861e+00  6.91924470229248346e-04  5.39567652216349741e-04 -6.46667116969135814e-05
8.421249e+00  6.85570703690327617e-04  5.37618480174160756e-04 -1.91367587109075304e-05
8.429637e+00  6.83915056694807703e-04  5.36070500852764680e-04  2.34896216654037913e-05
8.438024e+00  6.88440626846012829e-04  5.35980398061964495e-04  6.16957897158467778e-05
8.446412e+00  6.99787956876451664e-04  5.38199322582679808e-04  9.42911835941068996e-05
8.454800e+00  7.17651523592707959e-04  5.43230755136754899e-04  1.20521288190424724e-04
8.463187e+00  7.40812612210792784e-04  5.51157628120549207e-04  1.40124230268493579e-04
8.471575e+00  7.67311381830709750e-04  5.61650754803407187e-04  1.53303505925703166e-04
8.479963e+00  7.94726718249156271e-04  5.74053473123566516e-04  1.60670519823728785e-04
8.488350e+00  8.20519551584846180e-04  5.87515225675384997e-04  1.63173482788219441e-04
8.496738e+00  8.42377598209591944e-04  6.01132252309300396e-04  1.61977345108899301e-04
8.505126e+00  8.58494581005055817e-04  6.14062693589914740e-04  1.58330231671004195e-04
8.513514e+00  8.67747840394476433e-04  6.25600686422835808e-04  1.53468246768157451e-04
8.521901e+00  8.69771325210146875e-04  6.35207940961084270e-04  1.48527949817734307e-04
8.530289e+00  8.64936115858899800e-04  6.42517448322458152e-04  1.44454960746615479e-04
8.538677e+00  8.54267369026936313e-04  6.47331864652469211e-04  1.41959024900752698e-04
8.547064e+00  8.39333257499189122e-04  6.49628660832995064e-04  1.41504375105304950e-04
8.555452e+00  8.22119500421404029e-04  6.49571752390597245e-04  1.43287902072771758e-04
8.563840e+00  8.04883156724478825e-04  6.47522749642103260e-04  1.47233055856662751e-04
8.572227e+00  7.89978815233007827e-04  6.44034328690521016e-04  1.53020479930399806e-04
8.580615e+00  7.79646958112147287e-04  6.39805570834300419e-04  1.60105663857432878e-04
8.589003e+00  7.75760087145207188e-04  6.35599016025555378e-04  1.67722782454429107e-04
8.597390e+00  7.79558674103375082e-04  6.32139404726059727e-04  1.74923205490733051e-04
8.605778e+00  7.91437657995188804e-04  6.30017318440345025e-04  1.80626668299817424e-04
8.614166e+00  8.10837775444805931e-04  6.29624257705838075e-04  1.83656207259834354e-04
8.622554e+00  8.36286279531258704e-04  6.31147851852675076e-04  1.82803486492735194e-04
8.630941e+00  8.65615964644280388e-04  6.34631862314265433e-04  1.76933127372917519e-04
8.639329e+00  8.96334655812760367e-04  6.40069762891114918e-04  1.65071949786370109e-04
8.647717e+00  9.26056184488934626e-04  6.47489742594721182e-04  1.46492731599941482e-04
8.656104e+00  9.52892734884417530e-04  6.56995674013693552e-04  1.20821449012083185e-04
8.664492e+00  9.75720246257221770e-04  6.68732740954369482e-04  8.81138868392109963e-05
8.672880e+00  9.94241695344601217e-04  6.82768048973694179e-04  4.88699536378814334e-05
8.681267e+00  1.00882883667502941e-03  6.98924104715115558e-04  4.03100114164218633e-06
8.689655e+00  1.02020865171361915e-03  7.16633804473341724e-04 -4.50478606491058878e-05
8.698043e+00  1.02910200664237507e-03  7.34876405350395477e-04 -9.66948225395769973e-05
8.706431e+00  1.03591635676352715e-03  7.52233674284225398e-04 -1.49044844270412484e-04
8.714818e+00  1.04058375732233969e-03  7.67082110709412434e-04 -2.00142700760283943e-04
8.723206e+00  1.04259739802178234e-03  7.77887875583438328e-04 -2.48060836736292158e-04
8.731594e+00  1.04121821561951986e-03  7.83518172394666985e-04 -2.91028340842184208e-04
8.739981e+00  1.03576181291275909e-03  7.83476600595056183e-04 -3.27511451073207325e-04
8.748369e+00  1.02587188805549462e-03  7.78001561564290465e-04 -3.56262907269418161e-04
8.756757e+00  1.01170183071839104e-03  7.67998389570517977e-04 -3.76384041343024280e-04
8.765144e+00  9.93951220971030832e-04  7.54817588618076230e-04 -3.87363304883878775e-04
8.773532e+00  9.73760935113678170e-04  7.39950902058115882e-04 -3.89075226153194978e-04
8.781920e+00  9.52527079685135331e-04  7.24744928740187768e-04 -3.81792376739191811e-04
8.790308e+00  9.31703509045960204e-04  7.10205067076699332e-04 -3.66204445036437789e-04
8.798695e+00  9.12641225189519761e-04  6.96923867925849797e-04 -3.43395873681394241e-04
8.807083e+00  8.96488701074290174e-04  6.85136510247362951e-04 -3.14805500899910720e-04
8.815471e+00  8.84145571935180665e-04  6.74862064590368241e-04 -2.82191030213445348e-04
8.823858e+00  8.76233695491881776e-04  6.66056219214725197e-04 -2.47552002439848729e-04
8.832246e+00  8.73052460549919845e-04  6.58717554555891078e-04 -2.13005893228602924e-04
8.840634e+00  8.74514296915934828e-04  6.52928342806917395e-04 -1.80663608773858650e-04
8.849021e+00  8.80086729172954848e-04  6.48835119824333565e-04 -1.52493054111261958e-04
8.857409e+00  8.88788160211443994e-04  6.46595696466418959e-04 -1.30151879972759707e-04
8.865797e+00  8.99283652714917016e-04  6.46336036816130182e-04 -1.14840077943932387e-04
8.874185e+00  9.10094504242968416e-04  6.48144070899385775e-04 -1.07198034583184392e-04
8.882572e+00  9.19889142267098399e-04  6.52093076489411992e-04 -1.07223176756084758e-04
8.890960e+00  9.27784089912661483e-04  6.58269638575660621e-04 -1.14229375912930782e-04
8.899348e+00  9.33558566980744711e-04  6.66775820420711820e-04 -1.26889501378723706e-04
8.907735e+00  9.37693444211814870e-04  6.77679604314056520e-04 -1.43330729809931453e-04
8.916123e+00  9.41199340356328176e-04  6.90917980209005637e-04 -1.61260923177892053e-04
8.924511e+00  9.45267280855884191e-04  7.06191458963965142e-04 -1.78154508559442716e-04
8.932898e+00  9.50822724395091910e-04  7.22896000517964901e-04 -1.91476008692670303e-04
8.941286e+00  9.58096618757042101e-04  7.40132211824194694e-04 -1.98885499525091176e-04
8.949674e+00  9.66340210126280194e-04  7.56815659852969340e-04 -1.98430695160915603e-04
8.958062e+00  9.73771836598213785e-04  7.71864945250695460e-04 -1.88728238970216838e-04
8.966449e+00  9.77774447309297506e-04  7.84397661043255228e-04 -1.69080834235209911e-04
8.974837e+00  9.75317549741486125e-04  7.93864045486334345e-04 -1.39517311253528322e-04
8.983225e+00  9.63550806112356962e-04  8.00067212308162704e-04 -1.00789151994565426e-04
8.991612e+00  9.40480491862656772e-04  8.03037213518885992e-04 -5.43083204106765293e-05
9.000000e+00  9.05624076426715381e-04  8.02780781810159263e-04 -2.00861839464050402e-06
