# Author: SW4
# Scenario: test
# Date: UTC  09/20/2017:20:28:05.000
# Bandwith (Hz): 1.234000e+00
# Station: sta10
# Target location (WGS84 longitude, latitude) (deg): 1.182594e+02 3.718865e+01
# Actual location (WGS84 longitude, latitude) (deg): 1.182594e+02 3.718865e+01
# Distance from target to actual location (m): 0.000000e+00
# nColumns: 4
# Column 1: Time (s)
# Column 2: X displacement (m)
# Column 3: Y displacement (m)
# Column 4: Z displacement (m)
0.000000e+00  0.00000000000000000e+00  0.00000000000000000e+00  0.00000000000000000e+00
8.387698e-03  0.00000000000000000e+00  0.00000000000000000e+00  0.00000000000000000e+00
1.677540e-02  0.00000000000000000e+00  0.00000000000000000e+00  0.00000000000000000e+00
2.516309e-02  0.00000000000000000e+00  0.00000000000000000e+00  0.00000000000000000e+00
3.355079e-02  0.00000000000000000e+00  0.00000000000000000e+00  0.00000000000000000e+00
4.193849e-02  0.00000000000000000e+00  0.00000000000000000e+00  0.00000000000000000e+00
5.032619e-02  0.00000000000000000e+00  0.00000000000000000e+00  0.00000000000000000e+00
5.871389e-02  0.00000000000000000e+00  0.00000000000000000e+00  0.00000000000000000e+00
6.710158e-02  0.00000000000000000e+00  0.00000000000000000e+00  0.00000000000000000e+00
7.548928e-02  0.00000000000000000e+00  0.00000000000000000e+00  0.00000000000000000e+00
8.387698e-02  0.00000000000000000e+00  0.00000000000000000e+00  0.00000000000000000e+00
9.226468e-02  0.00000000000000000e+00  0.00000000000000000e+00  0.00000000000000000e+00
1.006524e-01  0.00000000000000000e+00  0.00000000000000000e+00  0.00000000000000000e+00
1.090401e-01  0.00000000000000000e+00  0.00000000000000000e+00  0.00000000000000000e+00
1.174278e-01  0.00000000000000000e+00  0.00000000000000000e+00  0.00000000000000000e+00
1.258155e-01  0.00000000000000000e+00  0.00000000000000000e+00  0.00000000000000000e+00
1.342032e-01  0.00000000000000000e+00  0.00000000000000000e+00  0.00000000000000000e+00
1.425909e-01  0.00000000000000000e+00  0.00000000000000000e+00  0.00000000000000000e+00
1.509786e-01  0.00000000000000000e+00  0.00000000000000000e+00  0.00000000000000000e+00
1.593663e-01  0.00000000000000000e+00  0.00000000000000000e+00  0.00000000000000000e+00
1.677540e-01  0.00000000000000000e+00  0.00000000000000000e+00  0.00000000000000000e+00
1.761417e-01  0.00000000000000000e+00  0.00000000000000000e+00  0.00000000000000000e+00
1.845294e-01  0.00000000000000000e+00  0.00000000000000000e+00  0.00000000000000000e+00
1.929171e-01  0.00000000000000000e+00  0.00000000000000000e+00  0.00000000000000000e+00
2.013048e-01  0.00000000000000000e+00  0.00000000000000000e+00  0.00000000000000000e+00
2.096925e-01  0.00000000000000000e+00  0.00000000000000000e+00  0.00000000000000000e+00
2.180801e-01  0.00000000000000000e+00  0.00000000000000000e+00  0.00000000000000000e+00
2.264678e-01  0.00000000000000000e+00  0.00000000000000000e+00  0.00000000000000000e+00
2.348555e-01  0.00000000000000000e+00  0.00000000000000000e+00  0.00000000000000000e+00
2.432432e-01  0.00000000000000000e+00  0.00000000000000000e+00  0.00000000000000000e+00
2.516309e-01  0.00000000000000000e+00  0.00000000000000000e+00  0.00000000000000000e+00
2.600186e-01  0.00000000000000000e+00  0.00000000000000000e+00  0.00000000000000000e+00
2.684063e-01  0.00000000000000000e+00  0.00000000000000000e+00  0.00000000000000000e+00
2.767940e-01  0.00000000000000000e+00  0.00000000000000000e+00  0.00000000000000000e+00
2.851817e-01  0.00000000000000000e+00  0.00000000000000000e+00  0.00000000000000000e+00
2.935694e-01  0.00000000000000000e+00  0.00000000000000000e+00  0.00000000000000000e+00
3.019571e-01  0.00000000000000000e+00  0.00000000000000000e+00  0.00000000000000000e+00
3.103448e-01  0.00000000000000000e+00  0.00000000000000000e+00  0.00000000000000000e+00
3.187325e-01  0.00000000000000000e+00  0.00000000000000000e+00  0.00000000000000000e+00
3.271202e-01  0.00000000000000000e+00  0.00000000000000000e+00  0.00000000000000000e+00
3.355079e-01  0.00000000000000000e+00  0.00000000000000000e+00  0.00000000000000000e+00
3.438956e-01 2.41672806175493881e-217 1.76981157981423400e-217 -8.63433183722978690e-218
3.522833e-01 1.27556618162122490e-206 2.92173689353748865e-206 -2.28284890433335498e-206
3.606710e-01 1.91267993601505605e-197 2.82573136941869872e-197 -3.54352732970319608e-197
3.690587e-01 9.80646895425242218e-190 1.44602383970640039e-189 -1.83505505085344736e-189
3.774464e-01 3.82393546344875085e-183 6.23871932451360180e-183 -6.82519665394486952e-183
3.858341e-01 1.35483842599900715e-177 2.81893755033426324e-177 -1.93615349557521431e-177
3.942218e-01 2.21965700353164874e-173 1.32802077344838499e-172 7.41408669347188980e-173
4.026095e-01 1.12246540576383168e-167 -6.58191451497684293e-168 -6.72891510012811235e-168
4.109972e-01 1.17385180715900545e-162 -1.13556725875594040e-162 -1.52216387372190572e-162
4.193849e-01 3.60150925089932573e-158 -4.29856642843379748e-158 -5.76861352429822320e-158
4.277726e-01 4.59619565954059171e-154 -6.55497453341353999e-154 -8.73988818413745167e-154
4.361603e-01 2.73218785427982981e-150 -4.89279168557914031e-150 -6.45243734454120418e-150
4.445480e-01 7.57349991645503560e-147 -1.99609561829803603e-146 -2.58294701440333989e-146
4.529357e-01 6.71826948491813969e-144 -4.84021638924180916e-143 -6.04043026710477798e-143
4.613234e-01 -1.31004361749828722e-140 -7.56790267693797297e-140 -8.81578429306797965e-140
4.697111e-01 -4.24826872488292995e-137 -8.34861774341148896e-137 -8.71830911326371748e-137
4.780988e-01 -5.29802628782079523e-134 -7.01213744878681032e-134 -6.69014082608403498e-134
4.864865e-01 -3.96295368143822892e-131 -4.48333988097224923e-131 -4.87634639818817143e-131
4.948742e-01 -2.19444376521908916e-128 -1.93259574418022757e-128 -3.87580468200644662e-128
5.032619e-01 -1.11686944455341325e-125 -3.74878308433484308e-126 -3.09951792849568902e-125
5.116496e-01 -5.49528532205510094e-123 9.23539847026731162e-124 -2.10841593950479178e-122
5.200373e-01 -2.24347741737712109e-120 7.26470151792992241e-121 -1.09556711190275123e-119
5.284250e-01 -6.64352252212541742e-118 1.13598348484902301e-118 -4.15042196364185287e-117
5.368127e-01 -1.32040632834206938e-115 -3.86113273152615503e-116 -1.12464321045678310e-114
5.452004e-01 -1.55976423599273102e-113 -2.30649742400680232e-113 -2.14891370815694974e-112
5.535881e-01 -4.92786332833430148e-112 -5.55321831046557672e-111 -2.81858949520390379e-110
5.619758e-01 1.77660387452644653e-109 -7.96079062350835264e-109 -2.35748991292281722e-108
5.703635e-01 3.70947954756126335e-107 -7.22461751931635436e-107 -9.20556353063046232e-107
5.787512e-01 3.90420519186536874e-105 -3.95463476889163484e-105 3.88934646723092473e-105
5.871389e-01 2.62694218097363722e-103 -9.27882104267890450e-104 7.93966256904173792e-103
5.955266e-01 1.17038708224132709e-101 3.06285856818785847e-102 5.32581796949641735e-101
6.039143e-01 3.30011819997629473e-100 3.21353981218537762e-100  1.97739800197531256e-99
6.123020e-01  4.77334162925084801e-99  1.07302089164335895e-98  3.92026359461386524e-98
6.206897e-01 -1.05247845731253203e-98  1.40753725652609342e-97  1.96509518196121678e-97
6.290774e-01 -1.48564402202135144e-96 -8.45213048509578866e-97 -7.33756247723186589e-96
6.374651e-01 -1.28063171287849650e-95 -3.99296931058552904e-95 -1.08905846618875612e-94
6.458527e-01  1.98204820469990801e-94 -5.32593547970904500e-95  7.28636593557469631e-94
6.542404e-01  2.65083202178302429e-93  6.14889074184670416e-93  1.80948916884340774e-92
6.626281e-01 -2.42449075128570664e-92  6.37492296440836378e-93 -8.90769252460914551e-92
6.710158e-01 -2.78233794234948839e-91 -7.04211239588478349e-91 -1.83454643865969844e-90
6.794035e-01  3.01595274322774994e-90  1.57539064402671314e-90  1.32436507124348705e-89
6.877912e-01  1.31345143412819944e-89  5.16377553989181168e-89  9.85611775833776721e-89
6.961789e-01 -2.71240615935740871e-88 -3.52685855795136339e-88 -1.33072000032762634e-87
7.045666e-01  4.36882403931421962e-88 -1.34170447306770876e-87  4.14372027644697964e-88
7.129543e-01  1.23770006645358684e-86  2.56269590169285259e-86  6.60559902895948233e-86
7.213420e-01 -8.34923377277747835e-86 -7.89599535604088637e-86 -3.54454357857447787e-85
7.297297e-01 -6.46390370874696591e-86 -5.68623242134743818e-85 -7.24189166425290550e-85
7.381174e-01  3.22265451302194247e-84  5.67749009925563776e-84  1.54203738287072952e-83
7.465051e-01 -1.40659365245607919e-83 -1.25846700082216296e-83 -5.40836855113837298e-83
7.548928e-01 -1.73811445847998634e-83 -8.23716065866642044e-83 -1.38512998235665313e-82
7.632805e-01  4.03144987866282433e-82  6.61949726739708101e-82  1.82479467875913146e-81
7.716682e-01 -1.37730898558422419e-81 -1.25613641416385016e-81 -4.90050538112294543e-81
7.800559e-01 -1.82526583474860010e-81 -6.66238388855229334e-81 -1.34339285595519618e-80
7.884436e-01  3.01473617983804132e-80  4.65086394716765521e-80  1.31711259624351320e-79
7.968313e-01 -8.27583440902393073e-80 -7.27860717948099927e-80 -2.72076437596530495e-79
8.052190e-01 -1.38416567318446558e-79 -3.88289957522782252e-79 -9.10720208257651625e-79
8.136067e-01  1.55929721789505007e-78  2.25664178758277783e-78  6.56914393369402359e-78
8.219944e-01 -3.30402356819653965e-78 -2.61178343697750851e-78 -9.66872170090691166e-78
8.303821e-01 -7.93247273951419040e-78 -1.76570502171727369e-77 -4.63273735237979546e-77
8.387698e-01  6.00408528033464185e-77  8.15171888198760251e-77  2.42096276732391907e-76
8.471575e-01 -9.07990580950063586e-77 -5.68628860242950642e-77 -2.11028988382164312e-76
8.555452e-01 -3.39630629884562863e-76 -6.32198934681187119e-76 -1.79655446323195793e-75
8.639329e-01  1.77316954180344675e-75  2.25242694717074281e-75  6.78151310176809966e-75
8.723206e-01 -1.60980011506429293e-75 -3.85947549574577526e-76 -1.55759607099614906e-75
8.807083e-01 -1.10689742094719048e-74 -1.79292593464149365e-74 -5.39417800135600831e-74
8.890960e-01  4.03725059445301925e-74  4.72273749606321593e-74  1.44275044832740861e-73
8.974837e-01 -9.00211693842593045e-75  2.65356567260748271e-74  8.26362561562843729e-74
9.058714e-01 -2.85194648644663013e-73 -4.13685121562748052e-73 -1.28196709915098660e-72
9.142591e-01  7.00585021780070198e-73  7.18530651653075460e-73  2.24348348414032868e-72
9.226468e-01  5.38735985874815810e-73  1.44951573012961698e-72  4.32474603000013224e-72
9.310345e-01 -6.13360801024367152e-72 -8.31460390818148176e-72 -2.50064388180743990e-71
9.394222e-01  9.13323039063358822e-72  7.34115529519957644e-72  2.27273629909630650e-71
9.478099e-01  2.39985861697503230e-71  4.55188503861961502e-71  1.25417274505938195e-70
9.561976e-01 -1.13956772479808454e-70 -1.59445206664371717e-70 -4.41531855058227506e-70
9.645853e-01  5.97432862287039718e-71  2.73460506142810061e-71  2.17787883899363919e-70
9.729730e-01  5.96015799823080405e-70  1.01471992543237585e-69  2.52028263202201209e-69
9.813607e-01  5.12157607218371719e-70 -1.30967266705476427e-70 -1.23378043144483805e-68
9.897484e-01 -1.73394368246060148e-68 -1.96941285271361408e-68  4.21118204672538968e-68
9.981361e-01 -1.28107946524908349e-68 -2.19658769351708459e-68  4.06097554386009603e-68
1.006524e+00  1.05592051831721190e-66  1.31535885272715382e-66 -2.04159069956532318e-66
1.014911e+00 -4.95261395817068962e-66 -5.81805903455123107e-66  1.05048104978105439e-65
1.023299e+00 -2.42242888322611404e-65 -3.30860840952466059e-65  3.37559925667422129e-65
1.031687e+00  3.39827019547539852e-64  4.26425862500053213e-64 -6.18478510716952469e-64
1.040075e+00 -5.06350563644232137e-64 -5.26526473306432337e-64  1.36417250500059035e-63
1.048462e+00 -1.20475848198538201e-62 -1.56193278742597198e-62  1.99702965525956588e-62
1.056850e+00  6.89108445397594179e-62  8.43409327536207652e-62 -1.35502425547075897e-61
1.065238e+00  2.17736664756649231e-61  3.00537856597132014e-61 -2.82334604164766402e-61
1.073625e+00 -3.41803447899231490e-60 -4.30698171786066163e-60  6.22895722915353405e-60
1.082013e+00  3.02081244542101120e-60  2.84950125774464336e-60 -9.86976150095987403e-60
1.090401e+00  1.15793838151110106e-58  1.48878761806694782e-58 -1.98092677664605909e-58
1.098788e+00 -4.35419919172032160e-58 -5.23856620853277820e-58  9.16414702198485050e-58
1.107176e+00 -2.88497813423545142e-57 -3.80327339185240743e-57  4.48224978402522393e-57
1.115564e+00  2.17372173965487409e-56  2.69857540439600153e-56 -4.20054212986043428e-56
1.123952e+00  4.71763679827881597e-56  6.58275932063403180e-56 -5.45830596415024327e-56
1.132339e+00 -7.97496205043377492e-55 -1.00565595544963046e-54  1.46812707285533468e-54
1.140727e+00 -1.35929515079133140e-56 -2.12761929711179525e-55 -1.00721738289430471e-54
1.149115e+00  2.45518806815201371e-53  3.13069385711402307e-53 -4.34654258475542416e-53
1.157502e+00 -3.63492160294163848e-53 -4.06378084631374525e-53  9.57196102266888367e-53
1.165890e+00 -6.71730679465767158e-52 -8.64529856416098058e-52  1.14617315781044222e-51
1.174278e+00  1.82704317094627725e-51  2.18049033967799174e-51 -4.09049779734568969e-51
1.182665e+00  1.69490687870119785e-50  2.19924153425356654e-50 -2.78828836815155529e-50
1.191053e+00 -6.45882626046560497e-50 -7.87521389419775850e-50  1.36025395898545821e-49
1.199441e+00 -4.06744175216092436e-49 -5.31426182335402946e-49  6.46294090802621480e-49
1.207829e+00  1.92108528650992110e-48  2.36669764099091214e-48 -3.92537006734277030e-48
1.216216e+00  9.54783852253816309e-48  1.25360810950169073e-47 -1.47505481997213933e-47
1.224604e+00 -5.08755142573730869e-47 -6.30116781014700406e-47  1.02473342704073860e-46
1.232992e+00 -2.24215236275392805e-46 -2.95000609724590655e-46  3.41300559839650762e-46
1.241379e+00  1.22618308738744286e-45  1.52197570221275475e-45 -2.46283055841895472e-45
1.249767e+00  5.32387310192258329e-45  6.99696393687782426e-45 -8.12618314059471330e-45
1.258155e+00 -2.70128794892499084e-44 -3.35123997355288941e-44  5.47023284165188119e-44
1.266542e+00 -1.27168696233339933e-43 -1.66518686892265922e-43  1.97748957660028953e-43
1.274930e+00  5.38270172243162039e-43  6.65428432082363824e-43 -1.11390858439582356e-42
1.283318e+00  3.00132572003940622e-42  3.90986599440731321e-42 -4.80218356694862904e-42
1.291705e+00 -9.39937410149348724e-42 -1.15219225924172991e-41  2.03173218001775379e-41
1.300093e+00 -6.83263912624887853e-41 -8.85108014496247421e-41  1.12972522020130546e-40
1.308481e+00  1.32325424850142293e-40  1.58816050839723252e-40 -3.14450687329465835e-40
1.316869e+00  1.46299856045070209e-39  1.88458261030790270e-39 -2.50344241822401721e-39
1.325256e+00 -1.06561485824359036e-39 -1.15818490444883422e-39  3.51523840136365045e-39
1.333644e+00 -2.86972191358613505e-38 -3.67591285736745075e-38  5.09097875815958213e-38
1.342032e+00 -1.44151557312532454e-38 -2.21341158188493284e-38 -4.41473617304046779e-39
1.350419e+00  4.99166003763045235e-37  6.35424393705621654e-37 -9.22819622086569708e-37
1.358807e+00  9.29524468167561132e-37  1.24848417472969155e-36 -1.16801710956520629e-36
1.367195e+00 -7.29748484141411790e-36 -9.21041263956230140e-36  1.42699068721373404e-35
1.375582e+00 -2.67414131981090288e-35 -3.50198518862660967e-35  4.12548223881868607e-35
1.383970e+00  7.85801506457585472e-35  9.74189013095689241e-35 -1.71087130641367198e-34
1.392358e+00  5.64014935917622282e-34  7.29843911857757738e-34 -9.52045608682085472e-34
1.400746e+00 -2.74581629037933905e-34 -2.91022292234076283e-34  1.07504419867130774e-33
1.409133e+00 -9.26604901530044153e-33 -1.18861021784155840e-32  1.67325219811356582e-32
1.417521e+00 -1.30639468886330737e-32 -1.76570894252613619e-32  1.47418461361378359e-32
1.425909e+00  1.13019135213240062e-31  1.43474770443326393e-31 -2.21138506586015265e-31
1.434296e+00  4.15411849411047182e-31  5.42985964690261656e-31 -6.54478243070836223e-31
1.442684e+00 -7.64509733255619393e-31 -9.41885034494894424e-31  1.82186850611275042e-30
1.451072e+00 -7.42428475243062493e-30 -9.58999476469253133e-30  1.29975680178051382e-29
1.459459e+00 -5.59445551176811912e-30 -7.81918773275866202e-30  3.13980972630085031e-30
1.467847e+00  8.71471478191253673e-29  1.11414733795869531e-28 -1.67435195859117004e-28
1.476235e+00  2.71520700656230323e-28  3.55821674852760038e-28 -4.21563121465903709e-28
1.484623e+00 -4.88439437667290042e-28 -6.06489780227190527e-28  1.17353453555891291e-27
1.493010e+00 -4.57428693841736156e-27 -5.91922300128467892e-27  8.09144669451969527e-27
1.501398e+00 -5.07642683405361145e-27 -6.86667290313011290e-27  5.14369655585583340e-27
1.509786e+00  4.25350433070639699e-26  5.44022484226774627e-26 -8.48453292232507862e-26
1.518173e+00  1.66838325973899184e-25  2.17833476069134389e-25 -2.74073587296340748e-25
1.526561e+00 -6.30196973862686672e-26 -7.02257306100857752e-26  2.77901949988903936e-25
1.534949e+00 -2.04478233018372432e-24 -2.64151059144850176e-24  3.81787927172162847e-24
1.543336e+00 -4.71208145166549623e-24 -6.20752233417480755e-24  7.02162443346663454e-24
1.551724e+00  9.39704966101607664e-24  1.18582437469368813e-23 -2.24035988156636190e-23
1.560112e+00  7.52473427250807226e-23  9.77914481358285078e-23 -1.35138668844881542e-22
1.568500e+00  1.10809418441867165e-22  1.47450237042993069e-22 -1.41403842564560782e-22
1.576887e+00 -4.47986926992986971e-22 -5.73988889473200013e-22  9.69083834973152567e-22
1.585275e+00 -2.35763133431052943e-21 -3.07653970479405315e-21  4.13609514702853762e-21
1.593663e+00 -2.44194797173348300e-21 -3.28044001671518704e-21  2.49485445580107808e-21
1.602050e+00  1.50642894266533952e-20  1.94276120084598602e-20 -3.17255237947834922e-20
1.610438e+00  6.64283157088080564e-20  8.69187855069105685e-20 -1.15702413835427012e-19
1.618826e+00  6.13974628743909331e-20  8.26398257610961865e-20 -5.68796352572961145e-20
1.627213e+00 -3.96882693603092362e-19 -5.13542508121001443e-19  8.44185392055357966e-19
1.635601e+00 -1.71634631863477201e-18 -2.24940179948480399e-18  3.02539442206173249e-18
1.643989e+00 -1.90897899755212441e-18 -2.55158262772431513e-18  2.13814420698421003e-18
1.652377e+00  8.05830459938255172e-18  1.04355070806958354e-17 -1.80569453375010321e-17
1.660764e+00  3.98673613899317483e-17  5.22960051679518258e-17 -7.25652048544775611e-17
1.669152e+00  6.17049035817427372e-17  8.19025034610561780e-17 -8.57575405931165952e-17
1.677540e+00 -1.05562940666772943e-16 -1.36015487503415978e-16  2.77521201057108621e-16
1.685927e+00 -7.80332350342030536e-16 -1.02403087955362566e-15  1.49924825083693268e-15
1.694315e+00 -1.71658798701425547e-15 -2.27026785543194168e-15  2.76391419530405107e-15
1.702703e+00 -8.17402492235413464e-17 -1.54556057182979197e-16 -1.58617062153569345e-15
1.711090e+00  1.12021687917828254e-14  1.46930090199469502e-14 -2.36325604486415191e-14
1.719478e+00  3.63972066194762432e-14  4.80732502509420047e-14 -6.54540820652057515e-14
1.727866e+00  4.65861095062381133e-14  6.21024944221361066e-14 -6.12963285249822937e-14
1.736253e+00 -7.13816497222741099e-14 -9.28375317331620067e-14  2.03182874376737803e-13
1.744641e+00 -5.05507310570403208e-13 -6.67231089182763648e-13  1.02292400239806661e-12
1.753029e+00 -1.23258790437910719e-12 -1.63528557641048659e-12  2.16056078368355414e-12
1.761417e+00 -1.22302108384540801e-12 -1.63838835488215579e-12  1.36954433844789195e-12
1.769804e+00  2.56445533076150713e-12  3.36343788456839441e-12 -7.09475343686705355e-12
1.778192e+00  1.46175498493100825e-11  1.93723783622817400e-11 -3.03017101307741591e-11
1.786580e+00  3.50784435056004325e-11  4.66813210683463868e-11 -6.41429840984648284e-11
1.794967e+00  4.54604180897947331e-11  6.08214939779802577e-11 -6.60487370349235608e-11
1.803355e+00 -1.03800083964088364e-11 -1.30190272970857762e-11  7.64118527738336481e-11
1.811743e+00 -2.30789317061310626e-10 -3.06552412830889910e-10  5.40942077233379935e-10
1.820130e+00 -7.10953606954486073e-10 -9.48408528067824689e-10  1.46326229922785738e-09
1.828518e+00 -1.41467129983894198e-09 -1.89276577243734045e-09  2.67227443210394630e-09
1.836906e+00 -1.96709281389664436e-09 -2.64033803315262532e-09  3.28199018533336790e-09
1.845294e+00 -1.41975037552679566e-09 -1.91917340051772816e-09  1.21731063006741328e-09
1.853681e+00  1.99596177632512840e-09  2.65295002759342053e-09 -7.38443568720086901e-09
1.862069e+00  1.13704256411643936e-08  1.52489498287635716e-08 -2.95444758298741068e-08
1.870457e+00  3.27003064194166620e-08  4.39639332982668145e-08 -7.94284571830149728e-08
1.878844e+00  7.92675000417999559e-08  1.06698035722337642e-07 -1.88521537585364102e-07
1.887232e+00  1.81643761097634088e-07  2.44606452935590465e-07 -4.27810545265219498e-07
1.895620e+00  4.07746229522062895e-07  5.49087599211577052e-07 -9.51249574486525813e-07
1.904007e+00  9.00386777164859491e-07  1.21234479429569548e-06 -2.07654450861004375e-06
1.912395e+00  1.94589863838585126e-06  2.61981818001965983e-06 -4.43261980763441591e-06
1.920783e+00  4.09853573314111965e-06  5.51774976875443089e-06 -9.22617903814512496e-06
1.929171e+00  8.40257608578119582e-06  1.13124037633321857e-05 -1.87142571313448662e-05
1.937558e+00  1.67777127701387913e-05  2.25894452902348609e-05 -3.70162308258375488e-05
1.945946e+00  3.26637478762344477e-05  4.39831965822657335e-05 -7.14590664937949890e-05
1.954334e+00  6.20591588660666336e-05  8.35777769561855759e-05 -1.34727168422837403e-04
1.962721e+00  1.15135857372159354e-04  1.55087021128146773e-04 -2.48184264271381018e-04
1.971109e+00  2.08666045663782066e-04  2.81133188719233579e-04 -4.46839420297420438e-04
1.979497e+00  3.69543997015730401e-04  4.98009180916902439e-04 -7.86514384752784305e-04
1.987884e+00  6.39702992821438582e-04  8.62334613394946355e-04 -1.35378994231681246e-03
1.996272e+00  1.08268593736597272e-03  1.45996276459817230e-03 -2.27921098154777388e-03
2.004660e+00  1.79199600975816446e-03  2.41732075455189507e-03 -3.75395667462093780e-03
2.013048e+00  2.90110053421582977e-03  3.91502780161995766e-03 -6.04967284674794419e-03
2.021435e+00  4.59455925861323826e-03  6.20309798030249659e-03 -9.54035814814472270e-03
2.029823e+00  7.11918201300872425e-03  9.61627265948094938e-03 -1.47240623651704577e-02
2.038211e+00  1.07934090150771499e-02  1.45870672446694240e-02 -2.22407417185838986e-02
2.046598e+00  1.60123286070065936e-02  2.16530609035862354e-02 -3.28810942662800879e-02
2.054986e+00  2.32450537082876836e-02  3.14540090975202469e-02 -4.75798731210449258e-02
2.063374e+00  3.30207843822557037e-02  4.47138048663410156e-02 -6.73864537240616013e-02
2.071761e+00  4.59000372395172718e-02  6.22024895105078371e-02 -9.34057795536843427e-02
2.080149e+00  6.24284614295150045e-02  8.46747398500520554e-02 -1.26704693201775298e-01
2.088537e+00  8.30725586665292670e-02  1.12783775357472707e-01 -1.68182432358745720e-01
2.096925e+00  1.08139511216279377e-01  1.46973482670038014e-01 -2.18409801799062719e-01
2.105312e+00  1.37686997464323890e-01  1.87356489045417463e-01 -2.77448815331937992e-01
2.113700e+00  1.71432852707866235e-01  2.33591285794101683e-01 -3.44672459723811886e-01
2.122088e+00  2.08677954651766223e-01  2.84776295434595761e-01 -4.18611191530843862e-01
2.130475e+00  2.48257855425972340e-01  3.39381753280848464e-01 -4.96857072591319171e-01
2.138863e+00  2.88538539060125332e-01  3.95240212464970098e-01 -5.76056323856270258e-01
2.147251e+00  3.27468594136559321e-01  4.49612477732354077e-01 -6.52015177265251156e-01
2.155638e+00  3.62693873561789559e-01  4.99337559112075391e-01 -7.19931766818785346e-01
2.164026e+00  3.91731850009312765e-01  5.41063431141754925e-01 -7.74749281212368746e-01
2.172414e+00  4.12192576996293192e-01  5.71541583420472676e-01 -8.11605029315048743e-01
2.180801e+00  4.22023243138615223e-01  5.87954965094324211e-01 -8.26329962958573194e-01
2.189189e+00  4.19745849433479812e-01  5.88238756805727903e-01 -8.15937631317948386e-01
2.197577e+00  4.04654451950106075e-01  5.71349018527616104e-01 -7.79034322859458062e-01
2.205965e+00  3.76940928512108198e-01  5.37437347320715575e-01 -7.16085963364134104e-01
2.214352e+00  3.37726517270445281e-01  4.87900509277736760e-01 -6.29492896391236290e-01
2.222740e+00  2.88989369426509601e-01  4.25291204533361333e-01 -5.23449216316981492e-01
2.231128e+00  2.33393879401737447e-01  3.53096808357907632e-01 -4.03594747579096580e-01
2.239515e+00  1.74042741893020270e-01  2.75413297611418528e-01 -2.76499435151425443e-01
2.247903e+00  1.14184620096573819e-01  1.96557715512567288e-01 -1.49045893551188580e-01
2.256291e+00  5.69166894297030712e-02  1.20671339698327690e-01 -2.77911638396705248e-02
2.264678e+00  4.92099101406899119e-03  5.13656064585210140e-02  8.16096171146921817e-02
2.273066e+00 -3.97332576182842998e-02 -8.54590986739365947e-03  1.74847125128832381e-01
2.281454e+00 -7.57009213685927024e-02 -5.72015138759392888e-02  2.49222183384244428e-01
2.289842e+00 -1.02379402184904600e-01 -9.37221478479663000e-02  3.03713011874471583e-01
2.298229e+00 -1.19841706861605973e-01 -1.18128037762944421e-01  3.38857987921956261e-01
2.306617e+00 -1.28702656723191644e-01 -1.31165302694242397e-01  3.56491659048850384e-01
2.315005e+00 -1.29943667195229512e-01 -1.34075992333661520e-01  3.59387906986846473e-01
2.323392e+00 -1.24723738505565063e-01 -1.28348193980090064e-01  3.50869401955556437e-01
2.331780e+00 -1.14202336413721919e-01 -1.15480458103604522e-01  3.34437264485908936e-01
2.340168e+00 -9.93948834379332624e-02 -9.67883734655973910e-02  3.13461689153385736e-01
2.348555e+00 -8.10750446559686672e-02 -7.32725509863969976e-02  2.90956871317749555e-01
2.356943e+00 -5.97311392802277671e-02 -4.55582247208675614e-02  2.69445751301446712e-01
2.365331e+00 -3.55776867989625878e-02 -1.39082790960640031e-02  2.50905108837251312e-01
2.373719e+00 -8.61765529831920972e-03  2.16957621202322308e-02  2.36771645231583339e-01
2.382106e+00  2.12536285871302334e-02  6.14164551953310656e-02  2.27985788157348351e-01
2.390494e+00  5.41159320239388425e-02  1.05383943889413689e-01  2.25051545372849604e-01
2.398882e+00  8.98794025764953486e-02  1.53502063211615886e-01  2.28096284684729367e-01
2.407269e+00  1.28146857129021546e-01  2.05262599929370321e-01  2.36921862199842737e-01
2.415657e+00  1.68103640662970261e-01  2.59595309175804423e-01  2.51046085419720066e-01
2.424045e+00  2.08454982446669906e-01  3.14780605035115457e-01  2.69739315024717208e-01
2.432432e+00  2.47427397972444063e-01  3.68447485286465259e-01  2.92063813631366020e-01
2.440820e+00  2.82844216084356503e-01  4.17670722942931671e-01  3.16922834502021467e-01
2.449208e+00  3.12276033730059466e-01  4.59169010971199054e-01  3.43122921437339856e-01
2.457596e+00  3.33255856629346314e-01  4.89590954392734534e-01  3.69447597160560581e-01
2.465983e+00  3.43537567322262927e-01  5.05860824136827203e-01  3.94735009888890098e-01
2.474371e+00  3.41367212157380140e-01  5.05543554487966507e-01  4.17947821367627259e-01
2.482759e+00  3.25731370893177441e-01  4.87181218562992568e-01  4.38222169154924235e-01
2.491146e+00  2.96546962702289141e-01  4.50553057226787956e-01  4.54884772124773296e-01
2.499534e+00  2.54762680638668970e-01  3.96818683966716601e-01  4.67432987796353339e-01
2.507922e+00  2.02353117364886204e-01  3.28518424171518386e-01  4.75480758199546660e-01
2.516309e+00  1.42200822637134544e-01  2.49423594370022622e-01  4.78682154470113863e-01
2.524697e+00  7.78766653646623674e-02  1.64249755289131438e-01  4.76651512303067348e-01
2.533085e+00  1.33424677659876850e-02  7.82642488836154671e-02  4.68902792104639088e-01
2.541473e+00 -4.73902038990913141e-02 -3.16722404673987299e-03  4.54829332852691171e-01
2.549860e+00 -1.00606340906190195e-01 -7.50434747866542129e-02  4.33738398380574874e-01
2.558248e+00 -1.43200707399836868e-01 -1.33149124984979966e-01  4.04943939473007997e-01
2.566636e+00 -1.72925268382079528e-01 -1.74390362161332774e-01  3.67907891074938820e-01
2.575023e+00 -1.88547314167076346e-01 -1.97013223348668803e-01  3.22407835261106668e-01
2.583411e+00 -1.89906104683643828e-01 -2.00687457058061625e-01  2.68699956634613379e-01
2.591799e+00 -1.77867725463573573e-01 -1.86454774224757036e-01  2.07643273175282889e-01
2.600186e+00 -1.54188793536616131e-01 -1.56554909280545829e-01  1.40755126376438028e-01
2.608574e+00 -1.21308561916891128e-01 -1.14154885788158800e-01  7.01782585595312342e-02
2.616962e+00 -8.20950966336609633e-02 -6.30152091778241191e-02 -1.44538708633118506e-03
2.625349e+00 -3.95741124262567467e-02 -7.13080281254485204e-03 -7.11825593160935327e-02
2.633737e+00  3.33135812473095557e-03  4.96158110869201197e-02 -1.36071964323784683e-01
2.642125e+00  4.40257833393416856e-02  1.03756017312328391e-01 -1.93406641945221669e-01
2.650513e+00  8.04117698746076581e-02  1.52466047952255629e-01 -2.40995938061016490e-01
2.658900e+00  1.10995538715204914e-01  1.93712214958733420e-01 -2.77371335574459865e-01
2.667288e+00  1.34924598057445999e-01  2.26306342006513672e-01 -3.01910195536591264e-01
2.675676e+00  1.51962822749325543e-01  2.49877780401691063e-01 -3.14865167012369940e-01
2.684063e+00  1.62414456998467432e-01  2.64776878973474683e-01 -3.17301788802773321e-01
2.692451e+00  1.67012572534736781e-01  2.71930251889608898e-01 -3.10959673260259972e-01
2.700839e+00  1.66788930597648655e-01  2.72670218275027521e-01 -2.98061424464834412e-01
2.709226e+00  1.62941139769552934e-01  2.68559522753915536e-01 -2.81097044715599043e-01
2.717614e+00  1.56709980389470066e-01  2.61228544186474843e-01 -2.62610033196156278e-01
2.726002e+00  1.49275586093601531e-01  2.52236718033230389e-01 -2.45005633728147265e-01
2.734390e+00  1.41676763348112605e-01  2.42964066587591315e-01 -2.30393538694188660e-01
2.742777e+00  1.34753907098944137e-01  2.34533645112448452e-01 -2.20468963706354465e-01
2.751165e+00  1.29113278006917603e-01  2.27762110075583141e-01 -2.16429200095845542e-01
2.759553e+00  1.25109077472721403e-01  2.23133822186688507e-01 -2.18918691293582296e-01
2.767940e+00  1.22839723400461814e-01  2.20793826276988625e-01 -2.27994919949706831e-01
2.776328e+00  1.22155651749584676e-01  2.20556249564809681e-01 -2.43109824573624261e-01
2.784716e+00  1.22677334839618818e-01  2.21926455271781703e-01 -2.63106128221036961e-01
2.793103e+00  1.23823491252970069e-01  2.24136990105719414e-01 -2.86233265654612545e-01
2.801491e+00  1.24850228893713916e-01  2.26198392468653919e-01 -3.10191902991999280e-01
2.809879e+00  1.24901810076322839e-01  2.26965865431256575e-01 -3.32218017569308244e-01
2.818267e+00  1.23072751119207860e-01  2.25221509799847952e-01 -3.49216125889134810e-01
2.826654e+00  1.18479236062367974e-01  2.19769481878957895e-01 -3.57946042485536076e-01
2.835042e+00  1.10335739858905102e-01  2.09538639318941705e-01 -3.55259048610656825e-01
2.843430e+00  9.80308223034366544e-02  1.93684636357877721e-01 -3.38369097510525185e-01
2.851817e+00  8.11947517890168474e-02  1.71681655703248892e-01 -3.05134744587336026e-01
2.860205e+00  5.97513530411769231e-02  1.43393552800538726e-01 -2.54319993886699625e-01
2.868593e+00  3.39474816231216878e-02  1.09115471492322064e-01 -1.85799191920570317e-01
2.876980e+00  4.35575077779510288e-03  6.95799134269026315e-02 -1.00673903653892713e-01
2.885368e+00 -2.81508032294870737e-02  2.59253121924831569e-02 -1.27856133815956361e-03
2.893756e+00 -6.24500982762959747e-02 -2.03703885039381201e-02  1.08934683706477464e-01
2.902144e+00 -9.72434019412786316e-02 -6.75846325854031066e-02  2.25625323927580806e-01
2.910531e+00 -1.31141565725837184e-01 -1.13864199597204202e-01  3.43885561791514749e-01
2.918919e+00 -1.62756934196846170e-01 -1.57347406634194026e-01  4.58617717407978187e-01
2.927307e+00 -1.90792959125665629e-01 -1.96283949712540873e-01  5.64925265078917493e-01
2.935694e+00 -2.14124619817755296e-01 -2.29143128461604811e-01  6.58474165975661774e-01
2.944082e+00 -2.31864245747725378e-01 -2.54703145123556796e-01  7.35786990234484906e-01
2.952470e+00 -2.43408821893625255e-01 -2.72116118997968170e-01  7.94443146462656680e-01
2.960857e+00 -2.48466035400227186e-01 -2.80945000554047919e-01  8.33172231050782086e-01
2.969245e+00 -2.47057141903192501e-01 -2.81169635356071534e-01  8.51841594322911289e-01
2.977633e+00 -2.39495436579819643e-01 -2.73160162335901180e-01  8.51351348210272585e-01
2.986021e+00 -2.26340151982701909e-01 -2.57617334812453136e-01  8.33458626080906040e-01
2.994408e+00 -2.08327382284528684e-01 -2.35481759058894541e-01  8.00557377373181889e-01
3.002796e+00 -1.86282329923051659e-01 -2.07817675073270813e-01  7.55440532162606981e-01
3.011184e+00 -1.61020630361316863e-01 -1.75681558250250197e-01  7.01068701437379760e-01
3.019571e+00 -1.33250182772041426e-01 -1.39990786045841975e-01  6.40364760843734504e-01
3.027959e+00 -1.03487859338777535e-01 -1.01411638986004318e-01  5.76047842690423639e-01
3.036347e+00 -7.20065543637668504e-02 -6.02874580847867769e-02  5.10514248602206289e-01
3.044734e+00 -3.88263130329518577e-02 -1.66255608118396243e-02  4.45767056361562553e-01
3.053122e+00 -3.75830311247234627e-03  2.98450803784079816e-02  3.83391112318403948e-01
3.061510e+00  3.34975910854938622e-02  7.95440415478062962e-02  3.24566020316694792e-01
3.069897e+00  7.32107423598947482e-02  1.32849522064644232e-01  2.70106810724408619e-01
3.078285e+00  1.15452709049896490e-01  1.89873991174190515e-01  2.20520274646697850e-01
3.086673e+00  1.59932718849608746e-01  2.50242238403746764e-01  1.76064732393847651e-01
3.095061e+00  2.05867388030732179e-01  3.12914317397469555e-01  1.36802540733529043e-01
3.103448e+00  2.51914761976288759e-01  3.76093946948243163e-01  1.02637803184190982e-01
3.111836e+00  2.96194984387938898e-01  4.37252690648484599e-01  7.33360027615358456e-02
3.120224e+00  3.36406717653588483e-01  4.93282698479410087e-01  4.85270160977330015e-02
3.128611e+00  3.70031948261612897e-01  5.40768763610516179e-01  2.76975251365513125e-02
3.136999e+00  3.94605111451372559e-01  5.76348033885493383e-01  1.01823206757252881e-02
3.145387e+00  4.08008959447809627e-01  5.97107445799834657e-01 -4.83451099035523899e-03
3.153774e+00  4.08752215919633566e-01  6.00958783011928066e-01 -1.82984312716316933e-02
3.162162e+00  3.96184639521999282e-01  5.86931730982293343e-01 -3.12364019585054352e-02
3.170550e+00  3.70613929837870504e-01  5.55336819512694646e-01 -4.46800283006396140e-02
3.178938e+00  3.33304467886068767e-01  5.07770758889375395e-01 -5.95641076121989979e-02
3.187325e+00  2.86357235799827137e-01  4.46962463496500539e-01 -7.66109411898855119e-02
3.195713e+00  2.32489691432816448e-01  3.76484085662732837e-01 -9.62156243243554588e-02
3.204101e+00  1.74750242402855693e-01  3.00372776198402580e-01 -1.18350142774534622e-01
3.212488e+00  1.16211408229229166e-01  2.22721776405744171e-01 -1.42503988331151854e-01
3.220876e+00  5.96872461230014209e-02  1.47301741174895057e-01 -1.67675978854249036e-01
3.229264e+00  7.51425632591850700e-03  7.72650015125943140e-02 -1.92426212549148767e-01
3.237651e+00 -3.85776000050018913e-02  1.49689038060662055e-02 -2.14989349297846688e-01
3.246039e+00 -7.74933541228726153e-02 -3.80671759552616631e-02 -2.33441846244849871e-01
3.254427e+00 -1.08707459373776530e-01 -8.10791309955150724e-02 -2.45907536740483823e-01
3.262815e+00 -1.32125552780063521e-01 -1.13877626602038540e-01 -2.50779050933474967e-01
3.271202e+00 -1.47905488686405517e-01 -1.36611997486194681e-01 -2.46928006756756774e-01
3.279590e+00 -1.56274634142636731e-01 -1.49527732860718743e-01 -2.33875490794080376e-01
3.287978e+00 -1.57379645422044911e-01 -1.52766004625040475e-01 -2.11896552763575913e-01
3.296365e+00 -1.51198818066376667e-01 -1.46245752587226940e-01 -1.82038259316291806e-01
3.304753e+00 -1.37536571438676813e-01 -1.29654946934184917e-01 -1.46039979950559839e-01
3.313141e+00 -1.16106017383564325e-01 -1.02559585665438727e-01 -1.06156401046192270e-01
3.321528e+00 -8.66904851795187309e-02 -6.46188806104935065e-02 -6.48972169246782860e-02
3.329916e+00 -4.93601091718061102e-02 -1.58752607270039869e-02 -2.47109239661537847e-02
3.338304e+00 -4.70699182188535729e-03  4.29292300616118880e-02  1.23483250681425145e-02
3.346692e+00  4.59460364756275538e-02  1.10070189005062005e-01  4.49243010734525772e-02
3.355079e+00  1.00410537599158620e-01  1.82655436484494837e-01  7.25845073304718924e-02
3.363467e+00  1.55613945220930056e-01  2.56594199354389818e-01  9.59255894457409219e-02
3.371855e+00  2.07726787245292199e-01  3.26760897796672001e-01  1.16529103291967889e-01
3.380242e+00  2.52444573764928959e-01  3.87366257059815922e-01  1.36758708643040433e-01
3.388630e+00  2.85407716707419767e-01  4.32514147790667158e-01  1.59414657409064325e-01
3.397018e+00  3.02715962419247586e-01  4.56886256274328884e-01  1.87286996360531421e-01
3.405405e+00  3.01470517491580547e-01  4.56464968315787256e-01  2.22670599918177281e-01
3.413793e+00  2.80262536148373931e-01  4.29184657102799905e-01  2.66918231877169232e-01
3.422181e+00  2.39525131203965486e-01  3.75398630504196251e-01  3.20108534754364016e-01
3.430568e+00  1.81679601274011338e-01  2.98066256986795175e-01  3.80892519939656671e-01
3.438956e+00  1.11034290470356942e-01  2.02601306452117047e-01  4.46555851353996724e-01
3.447344e+00  3.34325007977310726e-02  9.63732150598194115e-02  5.13298822001161947e-01
3.455732e+00 -4.43124723951813307e-02 -1.20907767156987287e-02  5.76697689661860302e-01
3.464119e+00 -1.15119969377520073e-01 -1.14103344740194429e-01  6.32277555366226207e-01
3.472507e+00 -1.72382154154838901e-01 -2.01879097787203837e-01  6.76105264217851665e-01
3.480895e+00 -2.10634490829893717e-01 -2.69511393422268986e-01  7.05305616307799199e-01
3.489282e+00 -2.26061821464761920e-01 -3.13725704728564647e-01  7.18416966020291703e-01
3.497670e+00 -2.16775675837786813e-01 -3.34305374911053221e-01  7.15530818453771644e-01
3.506058e+00 -1.82840548368485595e-01 -3.34135601930257375e-01  6.98198511825025458e-01
3.514445e+00 -1.26072089137619664e-01 -3.18867610280760494e-01  6.69128512576238177e-01
3.522833e+00 -4.96691093341075293e-02 -2.96256808687855644e-01  6.31732176499339437e-01
3.531221e+00  4.22339902748544299e-02 -2.75267698942248284e-01  5.89597655245813423e-01
3.539609e+00  1.45002294133492415e-01 -2.65059402767951646e-01  5.45977400941564661e-01
3.547996e+00  2.53845516224899870e-01 -2.73968337162231179e-01  5.03364576547954190e-01
3.556384e+00  3.64026889938415588e-01 -3.08592116184613963e-01  4.63211376212221415e-01
3.564772e+00  4.70929738971238798e-01 -3.73056821783461778e-01  4.25813729278115172e-01
3.573159e+00  5.70015766858997130e-01 -4.68524373859867560e-01  3.90358371952632288e-01
3.581547e+00  6.56739731255131853e-01 -5.92972515829319535e-01  3.55105220682962686e-01
3.589935e+00  7.26498988082681985e-01 -7.41259138796498296e-01  3.17663936626268462e-01
3.598322e+00  7.74689776138751673e-01 -9.05464904655108649e-01  2.75319375348084427e-01
3.606710e+00  7.96916082926356295e-01 -1.07549135506893734e+00  2.25364524412925926e-01
3.615098e+00  7.89357000627655125e-01 -1.23987379443302803e+00  1.65408458100456429e-01
3.623486e+00  7.49253574086061191e-01 -1.38674844714493783e+00  9.36374870197303616e-02
3.631873e+00  6.75436698530434754e-01 -1.50489319382955866e+00  9.01715443324464447e-03
3.640261e+00  5.68793121189522188e-01 -1.58474445250290263e+00 -8.85707339357370699e-02
3.648649e+00  4.32563287168161392e-01 -1.61928478414097410e+00 -1.98258344473408343e-01
3.657036e+00  2.72384307414943294e-01 -1.60470136937162833e+00 -3.18189986861358187e-01
3.665424e+00  9.60304067385063104e-02 -1.54073694618665291e+00 -4.45587786798486818e-01
3.673812e+00 -8.71458707541793026e-02 -1.43069079504210861e+00 -5.76882643371522952e-01
3.682199e+00 -2.67016037501633441e-01 -1.28107281649357563e+00 -7.07904933920745494e-01
3.690587e+00 -4.33622617812365607e-01 -1.10096067201196868e+00 -8.34124503071113521e-01
3.698975e+00 -5.78145636964666698e-01 -9.01149252771783482e-01 -9.50923898134349854e-01
3.707363e+00 -6.93759252621730327e-01 -6.93205540493450956e-01 -1.05388403444347700e+00
3.715750e+00 -7.76266329033883151e-01 -4.88545699657629062e-01 -1.13905872820876741e+00
3.724138e+00 -8.24433101238584265e-01 -2.97635017828376147e-01 -1.20321459878815928e+00
3.732526e+00 -8.39990403964357091e-01 -1.29379671524480655e-01 -1.24401597423316135e+00
3.740913e+00 -8.27314171660215592e-01  9.25994139840534067e-03 -1.26014025530595086e+00
3.749301e+00 -7.92838668634373911e-01  1.13442558108586194e-01 -1.25131672865588484e+00
3.757689e+00 -7.44285661729331305e-01  1.80443490116260125e-01 -1.21828980647022922e+00
3.766076e+00 -6.89808610271191891e-01  2.09529022652504948e-01 -1.16271496520693263e+00
3.774464e+00 -6.37152697666386936e-01  2.01761365249762764e-01 -1.08700151096669728e+00
3.782852e+00 -5.92920895005383142e-01  1.59776353735931048e-01 -9.94120357009659616e-01
3.791240e+00 -5.62016036794925511e-01  8.75580956443976904e-02 -8.87397163771118325e-01
3.799627e+00 -5.47302468743334880e-01 -9.78345017619665705e-03 -7.70311584541224170e-01
3.808015e+00 -5.49501832024144599e-01 -1.26239012383415256e-01 -6.46322188471212811e-01
3.816403e+00 -5.67309561844461241e-01 -2.55142620449380686e-01 -5.18733838253959023e-01
3.824790e+00 -5.97694916732072978e-01 -3.89438810099641264e-01 -3.90619497546138839e-01
3.833178e+00 -6.36330426727905407e-01 -5.21973509425114668e-01 -2.64801431165703205e-01
3.841566e+00 -6.78088318782071986e-01 -6.45796373899487963e-01 -1.43887903523129190e-01
3.849953e+00 -7.17542388017101018e-01 -7.54453579033443456e-01 -3.03515970961880689e-02
3.858341e+00 -7.49423207353732024e-01 -8.42247124526726565e-01  7.33735999052962523e-02
3.866729e+00 -7.68990355977025697e-01 -9.04440592381994812e-01  1.64807913210324841e-01
3.875116e+00 -7.72304218377456664e-01 -9.37400760829397273e-01  2.41385802509695824e-01
3.883504e+00 -7.56398106240359747e-01 -9.38676474074471412e-01  3.00489247760535427e-01
3.891892e+00 -7.19365586908741639e-01 -9.07026863226309765e-01  3.39571486434100511e-01
3.900280e+00 -6.60385644001915240e-01 -8.42416985823016717e-01  3.56371780793476367e-01
3.908667e+00 -5.79708872055078039e-01 -7.45998375359292476e-01  3.49202029602311670e-01
3.917055e+00 -4.78622244712923695e-01 -6.20085218975354846e-01  3.17267185726198053e-01
3.925443e+00 -3.59400481975546748e-01 -4.68126203261312213e-01  2.60967872722146943e-01
3.933830e+00 -2.25241842765189410e-01 -2.94660917982270454e-01  1.82128689448925268e-01
3.942218e+00 -8.01783368961992704e-02 -1.05241644415637561e-01  8.41011111019879937e-02
3.950606e+00  7.10529224947295118e-02  9.37009221029402595e-02 -2.82946677716106425e-02
3.958993e+00  2.23188326652770525e-01  2.95064869580359546e-01 -1.49001596778986389e-01
3.967381e+00  3.70670389512570475e-01  4.91363408299226423e-01 -2.71117649808871541e-01
3.975769e+00  5.07928391189824358e-01  6.75082392794883801e-01 -3.87409278973244509e-01
3.984157e+00  6.29690623405159466e-01  8.39086663015578216e-01 -4.90889245205892111e-01
3.992544e+00  7.31303432129182696e-01  9.77041353451585159e-01 -5.75391961164356425e-01
4.000932e+00  8.09027656027724418e-01  1.08380797224677661e+00 -6.36080126759209663e-01
4.009320e+00  8.60282995322497190e-01  1.15577482133822751e+00 -6.69826594154748656e-01
4.017707e+00  8.83815050836828098e-01  1.19108688043166011e+00 -6.75432621872435579e-01
4.026095e+00  8.79767159755439399e-01  1.18975017070970779e+00 -6.53664599115634237e-01
4.034483e+00  8.49648273637011453e-01  1.15359788093471560e+00 -6.07112479860733023e-01
4.042870e+00  7.96197697863276654e-01  1.08611844387982526e+00 -5.39891770738218035e-01
4.051258e+00  7.23156741390646562e-01  9.92158239476230164e-01 -4.57225251863971671e-01
4.059646e+00  6.34965874801072583e-01  8.77523207917807357e-01 -3.64949989635528493e-01
4.068034e+00  5.36413704281337056e-01  7.48514098740268863e-01 -2.68999730289612216e-01
4.076421e+00  4.32270568789888843e-01  6.11438858140776031e-01 -1.74912976948633780e-01
4.084809e+00  3.26944041386210582e-01  4.72151785155559778e-01 -8.74133937955705875e-02
4.093197e+00  2.24194823451105585e-01  3.35670985986835035e-01 -1.01017132286853797e-02
4.101584e+00  1.26947979677574763e-01  2.05921279786086348e-01  5.47130268731410088e-02
4.109972e+00  3.72248871118378843e-02  8.56372418890001402e-02  1.06030116101040642e-01
4.118360e+00 -4.37945887624417510e-02 -2.35598779181181439e-02  1.44026794360901461e-01
4.126747e+00 -1.15590770987968938e-01 -1.20925053355463441e-01  1.69805055137389221e-01
4.135135e+00 -1.78036736302502635e-01 -2.06235393522121807e-01  1.85057182913580920e-01
4.143523e+00 -2.31096618446523516e-01 -2.79387849863472537e-01  1.91703818192802883e-01
4.151911e+00 -2.74552422084629821e-01 -3.40032713647804130e-01  1.91562482298881176e-01
4.160298e+00 -3.07821244312577957e-01 -3.87326384214251418e-01  1.86098779152377103e-01
4.168686e+00 -3.29910473653481306e-01 -4.19868259708990721e-01  1.76297021425050632e-01
4.177074e+00 -3.39532377211854586e-01 -4.35851840534072055e-01  1.62664255896542015e-01
4.185461e+00 -3.35366274817911314e-01 -4.33415552323027309e-01  1.45356119122309502e-01
4.193849e+00 -3.16423124435819714e-01 -4.11133661115821336e-01  1.24390014309529867e-01
4.202237e+00 -2.82441337986231000e-01 -3.68552141262268540e-01  9.98955694882761314e-02
4.210624e+00 -2.34230413398967524e-01 -3.06657174173217972e-01  7.23473852652433969e-02
4.219012e+00 -1.73883994657269253e-01 -2.28170039843028638e-01  4.27314277475424401e-02
4.227400e+00 -1.04805781775900109e-01 -1.37591165211955163e-01  1.26120310977693682e-02
4.235788e+00 -3.15259508043058689e-02 -4.09622783040528432e-02 -1.59128206742756434e-02
4.244175e+00  4.06748358258658474e-02  5.46308030151564025e-02 -4.03594347670784143e-02
4.252563e+00  1.06280616308135359e-01  1.41742723240997515e-01 -5.80845092267771521e-02
4.260951e+00  1.60116085811906755e-01  2.13333477585109482e-01 -6.65547267642375429e-02
4.269338e+00  1.97895559509159935e-01  2.63493162339929088e-01 -6.36230855030833209e-02
4.277726e+00  2.16665024415046759e-01  2.88016231729723737e-01 -4.77792819949618766e-02
4.286114e+00  2.15079896936823473e-01  2.84745461903335995e-01 -1.83492084403895986e-02
4.294501e+00  1.93492743124804578e-01  2.53649406424510282e-01  2.43727165895702598e-02
4.302889e+00  1.53858743574101509e-01  1.96644082372933515e-01  7.90671522890575990e-02
4.311277e+00  9.94950428372831236e-02  1.17210430921824704e-01  1.43412424472026900e-01
4.319664e+00  3.47479657574081210e-02  1.98864234762449257e-02  2.14184630906523121e-01
4.328052e+00 -3.53732246904468750e-02 -9.02772139167305476e-02  2.87429464094709264e-01
4.336440e+00 -1.05545315093500791e-01 -2.08215496411121526e-01  3.58695082018987810e-01
4.344828e+00 -1.70429509728042661e-01 -3.29239691124250444e-01  4.23309858683479701e-01
4.353215e+00 -2.24907562478954937e-01 -4.49284940763242269e-01  4.76683465035790288e-01
4.361603e+00 -2.64264733032166077e-01 -5.65008513937102830e-01  5.14605961142172053e-01
4.369991e+00 -2.84343366109415852e-01 -6.73756398569955506e-01  5.33519075468669057e-01
4.378378e+00 -2.81696412422418829e-01 -7.73432537402891196e-01  5.30737552223939479e-01
4.386766e+00 -2.53765512480575939e-01 -8.62312941426235824e-01  5.04605976883073404e-01
4.395154e+00 -1.99094676991085351e-01 -9.38847221175868385e-01  4.54586145676720010e-01
4.403541e+00 -1.17571279255746675e-01 -1.00148488137103464e+00  3.81279441924581575e-01
4.411929e+00 -1.06653948678469401e-02 -1.04855538783977353e+00  2.86395486269044097e-01
4.420317e+00  1.18378630907889373e-01 -1.07822152436327112e+00  1.72680819978555555e-01
4.428705e+00  2.64453666659303033e-01 -1.08851612889607496e+00  4.38190574478737188e-02
4.437092e+00  4.20657698454002804e-01 -1.07746318406701702e+00 -9.56920036520379075e-02
4.445480e+00  5.78557508621552197e-01 -1.04327498772287086e+00 -2.40687866297477931e-01
4.453868e+00  7.28662595161879256e-01 -9.84607320997022528e-01 -3.85516316107400281e-01
4.462255e+00  8.61091490016525407e-01 -9.00844435630229534e-01 -5.24256284646528958e-01
4.470643e+00  9.66378223202600140e-01 -7.92376472479110805e-01 -6.50981367762698326e-01
4.479031e+00  1.03633647534398610e+00 -6.60825518961690173e-01 -7.60064300215780975e-01
4.487418e+00  1.06487904879378470e+00 -5.09175276971843616e-01 -8.46507292744960615e-01
4.495806e+00  1.04868527360943520e+00 -3.41765470162891161e-01 -9.06271814193977288e-01
4.504194e+00  9.87620970613936278e-01 -1.64126810235570464e-01 -9.36573111207815057e-01
4.512582e+00  8.84843689112608467e-01  1.73452794669778677e-02 -9.36101851366291315e-01
4.520969e+00  7.46566154347862776e-01  1.95853026876711661e-01 -9.05139147316433079e-01
4.529357e+00  5.81496826639623321e-01  3.64742981476046502e-01 -8.45541747507431718e-01
4.537745e+00  4.00020569481238708e-01  5.18064694816052773e-01 -7.60589586913525739e-01
4.546132e+00  2.13217281913558904e-01  6.51060057242134893e-01 -6.54705464082744770e-01
4.554520e+00  3.18363640903921163e-02  7.60507825463498044e-01 -5.33073485234471955e-01
4.562908e+00 -1.34652740221131800e-01  8.44869066942328217e-01 -4.01196396988170112e-01
4.571295e+00 -2.78828556235987124e-01  9.04212463232893948e-01 -2.64439834670878782e-01
4.579683e+00 -3.95827586066079429e-01  9.39937267905944784e-01 -1.27612747847971553e-01
4.588071e+00 -4.83557035965170523e-01  9.54348102564688272e-01  5.37198159443865331e-03
4.596459e+00 -5.42610389618471523e-01  9.50161753028857192e-01  1.31723338945373386e-01
4.604846e+00 -5.75921538047576953e-01  9.30035877038869696e-01  2.49865365604926115e-01
4.613234e+00 -5.88220376618914131e-01  8.96200939208633862e-01  3.59394727941849956e-01
4.621622e+00 -5.85368906168009406e-01  8.50251971574068510e-01  4.60915044320081568e-01
4.630009e+00 -5.73661258393486029e-01  7.93121896492494427e-01  5.55773129522349474e-01
4.638397e+00 -5.59164776543123909e-01  7.25221324510757492e-01  6.45731202608426869e-01
4.646785e+00 -5.47164532759158440e-01  6.46699279112640468e-01  7.32613460017069063e-01
4.655172e+00 -5.41753304165768612e-01  5.57761529950155266e-01  8.17965170198555636e-01
4.663560e+00 -5.45586276806636961e-01  4.58980836931895952e-01  9.02758225218487476e-01
4.671948e+00 -5.59797831793419465e-01  3.51545016197892690e-01  9.87170130681438995e-01
4.680336e+00 -5.84059509233135543e-01  2.37409581138238984e-01  1.07045504086357113e+00
4.688723e+00 -6.16745829296344916e-01  1.19345218597474323e-01  1.15091660081660541e+00
4.697111e+00 -6.55169468253594123e-01  8.90071362716653462e-04  1.22598370211763186e+00
4.705499e+00 -6.95849508385415483e-01 -1.13771736357609968e-01  1.29238225314004773e+00
4.713886e+00 -7.34784731635789945e-01 -2.19981945201555590e-01  1.34638880671652816e+00
4.722274e+00 -7.67715611880038784e-01 -3.12812715942035524e-01  1.38414526063296450e+00
4.730662e+00 -7.90370621463387768e-01 -3.87295638581065471e-01  1.40200804975302940e+00
4.739049e+00 -7.98701552135393067e-01 -4.38675277910563322e-01  1.39690097695264637e+00
4.747437e+00 -7.89116317081062668e-01 -4.62690654454344097e-01  1.36663892644345908e+00
4.755825e+00 -7.58715293750754860e-01 -4.55884580572110454e-01  1.31019089488110074e+00
4.764212e+00 -7.05529736802275931e-01 -4.15931340535450778e-01  1.22785555575493732e+00
4.772600e+00 -6.28750542294745363e-01 -3.41960641889568762e-01  1.12133084608725508e+00
4.780988e+00 -5.28925655640622328e-01 -2.34843824977680832e-01  9.93669836488683345e-01
4.789376e+00 -4.08097610628861573e-01 -9.74006834682330930e-02  8.49126750203135550e-01
4.797763e+00 -2.69851216750994216e-01  6.55154449172014458e-02  6.92907635972057956e-01
4.806151e+00 -1.19246000219861939e-01  2.47089562869957424e-01  5.30848353161401221e-01
4.814539e+00  3.73820622230465888e-02  4.38795164146778327e-01  3.69047278711581161e-01
4.822926e+00  1.92751284504460468e-01  6.30825194487179775e-01  2.13481472219382878e-01
4.831314e+00  3.39083742086592754e-01  8.12685353459483228e-01  6.96337962758925982e-02
4.839702e+00  4.68644357046900550e-01  9.73910529929365110e-01 -5.78440274486508171e-02
4.848089e+00  5.74326957262890847e-01  1.10484696785372916e+00 -1.65410174347841582e-01
4.856477e+00  6.50234369981967708e-01  1.19742901279353164e+00 -2.50833621270479645e-01
4.864865e+00  6.92193822941872372e-01  1.24587170476737175e+00 -3.13300420227347443e-01
4.873253e+00  6.98148970736002350e-01  1.24720070437522534e+00 -3.53412722651849254e-01
4.881640e+00  6.68376880396208128e-01  1.20155047072862997e+00 -3.73074547573980064e-01
4.890028e+00  6.05492925929521864e-01  1.11218099835201412e+00 -3.75268178664742935e-01
4.898416e+00  5.14228478450671656e-01  9.85192323073925236e-01 -3.63737911798484470e-01
4.906803e+00  4.00993826406687348e-01  8.28952217349639642e-01 -3.42611745495546849e-01
4.915191e+00  2.73268480746352127e-01  6.53291706093936941e-01 -3.16003529990187437e-01
4.923579e+00  1.38888129730562471e-01  4.68559146923052006e-01 -2.87644867468933196e-01
4.931966e+00  5.31678252168957949e-03  2.84649767642483176e-01 -2.60594924643626324e-01
4.940354e+00 -1.21000554377770922e-01  1.10137524007234505e-01 -2.37065828828756681e-01
4.948742e+00 -2.35117899227369059e-01 -4.83741125798943933e-02 -2.18382379068867455e-01
4.957130e+00 -3.33838294690009474e-01 -1.86596804101738678e-01 -2.05070822547382847e-01
4.965517e+00 -4.15707389637576141e-01 -3.02559678328079007e-01 -1.97047335324994605e-01
4.973905e+00 -4.80766806774066913e-01 -3.96288546269256470e-01 -1.93857919668210116e-01
4.982293e+00 -5.30124634240869308e-01 -4.69236804387072715e-01 -1.94912446542745310e-01
4.990680e+00 -5.65431975029438538e-01 -5.23586102447832658e-01 -1.99659357958586026e-01
4.999068e+00 -5.88369850617706858e-01 -5.61556639845176453e-01 -2.07663770270919895e-01
5.007456e+00 -6.00246231439844236e-01 -5.84861975662772315e-01 -2.18576957481813661e-01
5.015843e+00 -6.01778871145285055e-01 -5.94411614172141722e-01 -2.32013928659373092e-01
5.024231e+00 -5.93100246087706839e-01 -5.90312087027022314e-01 -2.47381480456753344e-01
5.032619e+00 -5.73973824900148366e-01 -5.72154051175258971e-01 -2.63715345211149699e-01
5.041007e+00 -5.44165584435888250e-01 -5.39511740151529695e-01 -2.79587470138803362e-01
5.049394e+00 -5.03880477926775594e-01 -4.92534462388298122e-01 -2.93131934500411584e-01
5.057782e+00 -4.54157596214798620e-01 -4.32487492347930380e-01 -3.02212809704874019e-01
5.066170e+00 -3.97123538462644088e-01 -3.62106521897582967e-01 -3.04724458213839366e-01
5.074557e+00 -3.36030079899861334e-01 -2.85664653752800424e-01 -2.98981359451769124e-01
5.082945e+00 -2.75044262915158599e-01 -2.08706743420054269e-01 -2.84128069491348889e-01
5.091333e+00 -2.18808026072992906e-01 -1.37471579093851298e-01 -2.60486532139743043e-01
5.099720e+00 -1.71830700990703605e-01 -7.80850199488175301e-02 -2.29761034145743420e-01
5.108108e+00 -1.37812207004466974e-01 -3.56546595544997638e-02 -1.95040661033021229e-01
5.116496e+00 -1.19011091818206391e-01 -1.34198921782513747e-02 -1.60571874992152863e-01
5.124884e+00 -1.15767079065746320e-01 -1.21065626489085532e-02 -1.31313721566990727e-01
5.133271e+00 -1.26264169767484308e-01 -2.96044851331680493e-02 -1.12327533372704652e-01
5.141659e+00 -1.46582746450844820e-01 -6.10355414019907935e-02 -1.08084368102050951e-01
5.150047e+00 -1.71044680618456180e-01 -9.92192473379259893e-02 -1.21791043926715289e-01
5.158434e+00 -1.92811913795681023e-01 -1.35482120169991088e-01 -1.54836405805796967e-01
5.166822e+00 -2.04663396418954424e-01 -1.60706612310079044e-01 -2.06443338583651409e-01
5.175210e+00 -1.99852508142784963e-01 -1.66481907017755171e-01 -2.73582139576506789e-01
5.183597e+00 -1.72939205777606131e-01 -1.46205976825360684e-01 -3.51162784824582297e-01
5.191985e+00 -1.20497731185382581e-01 -9.59960874855829149e-02 -4.32484122369236057e-01
5.200373e+00 -4.16194804572853003e-02 -1.52909179987685689e-02 -5.09883526875261284e-01
5.208760e+00  6.18421071049074234e-02  9.29327479380261529e-02 -5.75506147792089084e-01
5.217148e+00  1.85306471729846600e-01  2.22357943971257133e-01 -6.22101661116336357e-01
5.225536e+00  3.21771379257994483e-01  3.63919394059333934e-01 -6.43758881687660489e-01
5.233924e+00  4.62352142562212076e-01  5.06722420655474681e-01 -6.36502575758414624e-01
5.242311e+00  5.96996662737400374e-01  6.39184085324936646e-01 -5.98698473777448115e-01
5.250699e+00  7.15304975845457824e-01  7.50266163538451214e-01 -5.31237475342289600e-01
5.259087e+00  8.07376890865807773e-01  8.30658990917321871e-01 -4.37494351907491918e-01
5.267474e+00  8.64613781410943583e-01  8.73780720626560314e-01 -3.23076753158658136e-01
5.275862e+00  8.80409249115818859e-01  8.76477328835075564e-01 -1.95395385293584772e-01
5.284250e+00  8.50676451765147834e-01  8.39342570467655924e-01 -6.30960154368169074e-02
5.292637e+00  7.74175581415510794e-01  7.66620602042633603e-01  6.46002477625956528e-02
5.301025e+00  6.52621770040668014e-01  6.65702561940388460e-01  1.78598792401983703e-01
5.309413e+00  4.90570541461649190e-01  5.46276557599608803e-01  2.70624451086663942e-01
5.317801e+00  2.95094172469880622e-01  4.19232640392762590e-01  3.33854562142103406e-01
5.326188e+00  7.52775397681205161e-02  2.95455335509577754e-01  3.63443059485909103e-01
5.334576e+00 -1.58424293700199281e-01  1.84651763479239950e-01  3.56891634683580705e-01
5.342964e+00 -3.94913258143983315e-01  9.43601528207952400e-02  3.14233699673104494e-01
5.351351e+00 -6.23199272754386469e-01  2.92605744476933383e-02  2.38011457394881248e-01
5.359739e+00 -8.33111900247169523e-01 -9.13100687328578277e-03  1.33044953574975033e-01
5.368127e+00 -1.01591363728351958e+00 -2.23578184070020690e-02  6.01264491715805972e-03
5.376514e+00 -1.16476664483967363e+00 -1.45378972525460927e-02 -1.35116991425377697e-01
5.384902e+00 -1.27502144315640509e+00  8.41326961434491968e-03 -2.81747248506561909e-01
5.393290e+00 -1.34431652445224259e+00  3.97250686673212491e-02 -4.25343513813276897e-01
5.401678e+00 -1.37249876397163328e+00  7.27310320596333271e-02 -5.58086025786833861e-01
5.410065e+00 -1.36139257862173602e+00  1.01702543394865841e-01 -6.73425656203684886e-01
5.418453e+00 -1.31445826815119005e+00  1.22444467119662129e-01 -7.66496604057632869e-01
5.426841e+00 -1.23638529495283800e+00  1.32588871738060388e-01 -8.34357458030395183e-01
5.435228e+00 -1.13266441490168601e+00  1.31580510937849254e-01 -8.76051092756294558e-01
5.443616e+00 -1.00917524089344579e+00  1.20402005879372762e-01 -8.92491764525019105e-01
5.452004e+00 -8.71815698408645701e-01  1.01126585250666062e-01 -8.86202869142091454e-01
5.460391e+00 -7.26189615208361672e-01  7.64044736056095908e-02 -8.60940222440137126e-01
5.468779e+00 -5.77360413031208441e-01  4.89835948871532728e-02 -8.21243064074229534e-01
5.477167e+00 -4.29673582949877952e-01  2.13396022597550292e-02 -7.71958290083329945e-01
5.485555e+00 -2.86648103186235292e-01 -4.54766777295806997e-03 -7.17782938514419544e-01
5.493942e+00 -1.50935837287330260e-01 -2.72738647176426555e-02 -6.62865916913718878e-01
5.502330e+00 -2.43465266947870268e-02 -4.59798472258563032e-02 -6.10502459943511600e-01
5.510718e+00  9.20669384822419973e-02 -6.02618657285312539e-02 -5.62944045268525373e-01
5.519105e+00  1.97873076626519234e-01 -7.00722044356185542e-02 -5.21333255100631110e-01
5.527493e+00  2.93092362304467946e-01 -7.56456227247456620e-02 -4.85758797326698744e-01
5.535881e+00  3.78015696983254712e-01 -7.74642921288423575e-02 -4.55412373157775885e-01
5.544268e+00  4.53036142916308116e-01 -7.62512939483957208e-02 -4.28818179828592771e-01
5.552656e+00  5.18518567668064811e-01 -7.29672538237602364e-02 -4.04099447980090509e-01
5.561044e+00  5.74726302448115289e-01 -6.87804988423462715e-02 -3.79245833427279744e-01
5.569432e+00  6.21813961510927826e-01 -6.49886248940746147e-02 -3.52350638808444083e-01
5.577819e+00  6.59882861906392004e-01 -6.28855196590292626e-02 -3.21796303570355158e-01
5.586207e+00  6.89082678920907243e-01 -6.35872888536998526e-02 -2.86378286652041736e-01
5.594595e+00  7.09733007573091323e-01 -6.78470924186511254e-02 -2.45368986319605464e-01
5.602982e+00  7.22433712920810156e-01 -7.58977481246848745e-02 -1.98532160283643871e-01
5.611370e+00  7.28134546823840934e-01 -8.73597551812286960e-02 -1.46102568562028606e-01
5.619758e+00  7.28142308177815001e-01 -1.01241635222551335e-01 -8.87450028204071345e-02
5.628145e+00  7.24056183331801773e-01 -1.16042130088970991e-01 -2.75026707392615893e-02
5.636533e+00  7.17636077784385984e-01 -1.29944261932993271e-01  3.62611126663269084e-02
5.644921e+00  7.10621730317345213e-01 -1.41074113700094345e-01  1.00929715830915964e-01
5.653308e+00  7.04529686347738160e-01 -1.47785892613178260e-01  1.64713549591581243e-01
5.661696e+00  7.00459217749309415e-01 -1.48931114971915940e-01  2.25748518325561920e-01
5.670084e+00  6.98936620803964237e-01 -1.44073473448805778e-01  2.82212804442605714e-01
5.678472e+00  6.99820916378553926e-01 -1.33620408212174829e-01  3.32455708964866647e-01
5.686859e+00  7.02284657815783975e-01 -1.18854953658906304e-01  3.75125547162520556e-01
5.695247e+00  7.04873349291470053e-01 -1.01864430657571253e-01  4.09278783450623407e-01
5.703635e+00  7.05637567567872770e-01 -8.53740700675335723e-02  4.34451618103679105e-01
5.712022e+00  7.02324404801451085e-01 -7.25026193631339438e-02  4.50679182881624951e-01
5.720410e+00  6.92609789715419533e-01 -6.64630971616709115e-02  4.58455863138444553e-01
5.728798e+00  6.74350372998951175e-01 -7.02355101487491112e-02  4.58641123587347155e-01
5.737185e+00  6.45832367309522981e-01 -8.62403060657052356e-02  4.52326094683765223e-01
5.745573e+00  6.05994547803633710e-01 -1.16042122258758651e-01  4.40684605033859589e-01
5.753961e+00  5.54603493054504293e-01 -1.60112883189595046e-01  4.24836083169431111e-01
5.762349e+00  4.92361336175800746e-01 -2.17680990018257053e-01  4.05745437526450647e-01
5.770736e+00  4.20930210700169838e-01 -2.86688681851607119e-01  3.84176980882274532e-01
5.779124e+00  3.42863648623641826e-01 -3.63872098747417383e-01  3.60707581685639322e-01
5.787512e+00  2.61443593858099899e-01 -4.44967800537378277e-01  3.35791057466517606e-01
5.795899e+00  1.80431969264476300e-01 -5.25035926117610297e-01  3.09854115277290787e-01
5.804287e+00  1.03756666491171032e-01 -5.98875352746254808e-01  2.83396646850033351e-01
5.812675e+00  3.51617425199067177e-02 -6.61492353281630363e-01  2.57067898009924134e-01
5.821062e+00 -2.21412290926153409e-02 -7.08573653100199929e-01  2.31695272195899027e-01
5.829450e+00 -6.57808139521775664e-02 -7.36909636716978067e-01  2.08253032033366509e-01
5.837838e+00 -9.44549624322226361e-02 -7.44715534315053995e-01  1.87771790540998934e-01
5.846226e+00 -1.08052337683055069e-01 -7.31808379932208153e-01  1.71203703812481844e-01
5.854613e+00 -1.07648730252546149e-01 -6.99614347489058153e-01  1.59269580372489922e-01
5.863001e+00 -9.53769527243990278e-02 -6.51002368541321208e-01  1.52320073423242192e-01
5.871389e+00 -7.41847262608616442e-02 -5.89962676051130508e-01  1.50242436832068338e-01
5.879776e+00 -4.75096006418042338e-02 -5.21169685828222540e-01  1.52437158477174289e-01
5.888164e+00 -1.89106371772674864e-02 -4.49483960430855811e-01  1.57876411220757185e-01
5.896552e+00  8.29827204668511648e-03 -3.79455290204957940e-01  1.65240936636390584e-01
5.904939e+00  3.13696693602483756e-02 -3.14887226349456206e-01  1.73116692595697147e-01
5.913327e+00  4.83616230895233742e-02 -2.58513339614497573e-01  1.80220407354360068e-01
5.921715e+00  5.82697561858544766e-02 -2.11818751916905607e-01  1.85616420733439758e-01
5.930103e+00  6.10422505135549201e-02 -1.75019729155781373e-01  1.88887054914534808e-01
5.938490e+00  5.74834778317213010e-02 -1.47192741009145617e-01  1.90225295560598473e-01
5.946878e+00  4.90657987651273997e-02 -1.26525740674422876e-01  1.90430746017318270e-01
5.955266e+00  3.76793961128799385e-02 -1.10650889745556924e-01  1.90805545438851976e-01
5.963653e+00  2.53556183141249759e-02 -9.70108746955914286e-02  1.92963369057192774e-01
5.972041e+00  1.39997051583661426e-02 -8.32108216334784129e-02  1.98578912967161125e-01
5.980429e+00  5.16428710906495503e-03 -6.73141046120858677e-02  2.09115184371906793e-01
5.988816e+00 -1.13114328068655915e-04 -4.80514187691377659e-02  2.25569954228288211e-01
5.997204e+00 -1.39561418611883659e-03 -2.49261491718144150e-02  2.48280159328782085e-01
6.005592e+00  1.14664215409702812e-03  1.78673248831951619e-03  2.76814340981323848e-01
6.013979e+00  6.80145764443269765e-03  3.11380159480800049e-02  3.09970062837709393e-01
6.022367e+00  1.44354085695546468e-02  6.16773476992809044e-02  3.45877873869631591e-01
6.030755e+00  2.26501612142124241e-02  9.16749983253591222e-02  3.82198016314346578e-01
6.039143e+00  2.99522014244676497e-02  1.19362474296700341e-01  4.16383017523237975e-01
6.047530e+00  3.49150937121911892e-02  1.43162805678676314e-01  4.45970615240589563e-01
6.055918e+00  3.63170965539162949e-02  1.61884864658681044e-01  4.68868275150126634e-01
6.064306e+00  3.32424472803852997e-02  1.74861797114052808e-01  4.83592879515631013e-01
6.072693e+00  2.51409189682483859e-02  1.82020747033376534e-01  4.89436346415575096e-01
6.081081e+00  1.18464454008552073e-02  1.83878744172373570e-01  4.86538829277245399e-01
6.089469e+00 -6.43903557876691901e-03  1.81467373467330134e-01  4.75863944752973278e-01
6.097856e+00 -2.91865467797591087e-02  1.76196197178582342e-01  4.59083080090272933e-01
6.106244e+00 -5.55940879328772133e-02  1.69671302684423986e-01  4.38386518259728075e-01
6.114632e+00 -8.46423189625575279e-02  1.63490217502699681e-01  4.16246740017602368e-01
6.123020e+00 -1.15142853469414441e-01  1.59037266678623279e-01  3.95163061059263410e-01
6.131407e+00 -1.45774029725584897e-01  1.57303809183162197e-01  3.77416510146836026e-01
6.139795e+00 -1.75103930082607800e-01  1.58755367019797838e-01  3.64860074770094411e-01
6.148183e+00 -2.01605374449791486e-01  1.63262463111405409e-01  3.58763159825954581e-01
6.156570e+00 -2.23671638820504948e-01  1.70104450917586303e-01  3.59721402978387617e-01
6.164958e+00 -2.39643933513512042e-01  1.78046572980711748e-01  3.67634923157358129e-01
6.173346e+00 -2.47861546545067701e-01  1.85481073673021940e-01  3.81750718515532328e-01
6.181733e+00 -2.46742595419219196e-01  1.90614770435557190e-01  4.00759109221050180e-01
6.190121e+00 -2.34897709988622694e-01  1.91679356699041958e-01  4.22930186933073049e-01
6.198509e+00 -2.11271538609706155e-01  1.87137838130898931e-01  4.46274214109488809e-01
6.206897e+00 -1.75298979848292097e-01  1.75861410378607835e-01  4.68709739137138148e-01
6.215284e+00 -1.27055984436986263e-01  1.57255734826594273e-01  4.88224589339751991e-01
6.223672e+00 -6.73803177728479197e-02  1.31323240494427701e-01  5.03017359829321387e-01
6.232060e+00  2.06274134001222399e-03  9.86574692584511748e-02  5.11610058762235531e-01
6.240447e+00  7.87905279157503219e-02  6.03750435747528597e-02  5.12925939322124047e-01
6.248835e+00  1.59601066429767152e-01  1.79990671866089441e-02  5.06329990682436337e-01
6.257223e+00  2.40759272945011982e-01 -2.66866503857895489e-02  4.91632731455075078e-01
6.265610e+00  3.18258040577823142e-01 -7.17910961719561980e-02  4.69060669127401964e-01
6.273998e+00  3.88128507880144635e-01 -1.15457404211678827e-01  4.39199083912079735e-01
6.282386e+00  4.46764741949749467e-01 -1.55976744490429003e-01  4.02914584308463275e-01
6.290774e+00  4.91224136602031014e-01 -1.91865951980927235e-01  3.61265928455533958e-01
6.299161e+00  5.19466880017867894e-01 -2.21907274153887502e-01  3.15411845811154723e-01
6.307549e+00  5.30505758313911113e-01 -2.45155070369027950e-01  2.66524167130145206e-01
6.315937e+00  5.24450050396642053e-01 -2.60918849001785302e-01  2.15713496291033480e-01
6.324324e+00  5.02442058791462864e-01 -2.68734077786893233e-01  1.63972853839431831e-01
6.332712e+00  4.66499280893319879e-01 -2.68331767872816263e-01  1.12142374854279789e-01
6.341100e+00  4.19286961550887183e-01 -2.59615335974546335e-01  6.08956802755607068e-02
6.349487e+00  3.63852930854251855e-01 -2.42649417033444198e-01  1.07462247851743634e-02
6.357875e+00  3.03358248326568936e-01 -2.17661115464497040e-01 -3.79301648813558726e-02
6.366263e+00  2.40833460834718543e-01 -1.85050632184006830e-01 -8.48619597909844592e-02
6.374651e+00  1.78982514332409137e-01 -1.45405928721963895e-01 -1.29843965875199280e-01
6.383038e+00  1.20046414240036953e-01 -9.95152920285767434e-02 -1.72700732035220350e-01
6.391426e+00  6.57286693340308620e-02 -4.83722406200829610e-02 -2.13256525058422408e-01
6.399814e+00  1.71762672350037685e-02  6.83117795338632813e-03 -2.51315753957202737e-01
6.408201e+00 -2.49953214012520811e-02  6.47245896013873417e-02 -2.86655892348346097e-01
6.416589e+00 -6.06464667834475599e-02  1.23793031405966605e-01 -3.19032840338566270e-01
6.424977e+00 -9.00392919744025244e-02  1.82423014851823911e-01 -3.48196811115497995e-01
6.433364e+00 -1.13754397056945109e-01  2.38959107450681080e-01 -3.73915498487760678e-01
6.441752e+00 -1.32603968799899330e-01  2.91769079626524375e-01 -3.96000405773589526e-01
6.450140e+00 -1.47543841972753192e-01  3.39315666179022757e-01 -4.14331862223764058e-01
6.458527e+00 -1.59585517754974454e-01  3.80232735770475949e-01 -4.28878701909412907e-01
6.466915e+00 -1.69709256575167222e-01  4.13402763490434588e-01 -4.39709771890634094e-01
6.475303e+00 -1.78780873098474125e-01  4.38030902409009659e-01 -4.46995891861792893e-01
6.483691e+00 -1.87477061984933746e-01  4.53709041347898911e-01 -4.51002321036187315e-01
6.492078e+00 -1.96226005972058554e-01  4.60461642898545742e-01 -4.52073239675401140e-01
6.500466e+00 -2.05170803319799061e-01  4.58764510186407903e-01 -4.50611016330490166e-01
6.508854e+00 -2.14162414894670916e-01  4.49528526391351935e-01 -4.47053616664612907e-01
6.517241e+00 -2.22786256330423399e-01  4.34043266962925056e-01 -4.41853311648283453e-01
6.525629e+00 -2.30422492750373353e-01  4.13880122301671816e-01 -4.35459219792647456e-01
6.534017e+00 -2.36335214565299129e-01  3.90760487843390403e-01 -4.28305323457713549e-01
6.542404e+00 -2.39780959242927777e-01  3.66400622578717250e-01 -4.20804320868896575e-01
6.550792e+00 -2.40123406867975786e-01  3.42349826129411283e-01 -4.13346264343582181e-01
6.559180e+00 -2.36939189455638771e-01  3.19841546496435369e-01 -4.06299962158107097e-01
6.567568e+00 -2.30100084212357725e-01  2.99677017896543996e-01 -4.00014758978372631e-01
6.575955e+00 -2.19819553261198147e-01  2.82157737388577190e-01 -3.94820326001714572e-01
6.584343e+00 -2.06656261969485416e-01  2.67076978638886076e-01 -3.91022498654322648e-01
6.592731e+00 -1.91473060132037048e-01  2.53772596517319204e-01 -3.88894193935118926e-01
6.601118e+00 -1.75356061981419425e-01  2.41234832694271623e-01 -3.88661779727975221e-01
6.609506e+00 -1.59504028425372146e-01  2.28255089816669893e-01 -3.90488409661704117e-01
6.617894e+00 -1.45102327780499946e-01  2.13596070511362951e-01 -3.94456604402534050e-01
6.626281e+00 -1.33197637546701303e-01  1.96161190882961106e-01 -4.00552871697655466e-01
6.634669e+00 -1.24589065396743026e-01  1.75141989363890777e-01 -4.08657262306978686e-01
6.643057e+00 -1.19748748638070029e-01  1.50126029502481190e-01 -4.18540195260586556e-01
6.651445e+00 -1.18780667118576211e-01  1.21153848149069751e-01 -4.29867831912025322e-01
6.659832e+00 -1.21421032483859007e-01  8.87207767581648654e-02 -4.42216167338504940e-01
6.668220e+00 -1.27078120865485727e-01  5.37266932354399998e-02 -4.55092969078101262e-01
6.676608e+00 -1.34904685658587015e-01  1.73828607637219468e-02 -4.67965675469295739e-01
6.684995e+00 -1.43892678961668047e-01 -1.89106787921672279e-02 -4.80292581837987453e-01
6.693383e+00 -1.52978219590903214e-01 -5.37015008761964133e-02 -4.91554384604308947e-01
6.701771e+00 -1.61144714602846822e-01 -8.56193433755781663e-02 -5.01283346577296895e-01
6.710158e+00 -1.67513605727221598e-01 -1.13495086700910172e-01 -5.09087718991665716e-01
6.718546e+00 -1.71414846974561025e-01 -1.36453672077798599e-01 -5.14669568296806768e-01
6.726934e+00 -1.72432333674791521e-01 -1.53974336577881871e-01 -5.17834886735975664e-01
6.735322e+00 -1.70422666071993217e-01 -1.65915580335057183e-01 -5.18495658967403461e-01
6.743709e+00 -1.65508474909300179e-01 -1.72506009590022880e-01 -5.16664167675757624e-01
6.752097e+00 -1.58049716691905318e-01 -1.74305188759143498e-01 -5.12440272450820467e-01
6.760485e+00 -1.48597738889242464e-01 -1.72140700424046084e-01 -5.05992853453281710e-01
6.768872e+00 -1.37837655309775264e-01 -1.67028815450871615e-01 -4.97537035866048416e-01
6.777260e+00 -1.26524798081744660e-01 -1.60086601282814461e-01 -4.87309056513356209e-01
6.785648e+00 -1.15420762033014365e-01 -1.52443010137169516e-01 -4.75540750583302141e-01
6.794035e+00 -1.05233930314380941e-01 -1.45155678407088623e-01 -4.62435755101226142e-01
6.802423e+00 -9.65685506108965586e-02 -1.39139087019867380e-01 -4.48149560424871196e-01
6.810811e+00 -8.98854931794922374e-02 -1.35108489088015732e-01 -4.32775315597569210e-01
6.819199e+00 -8.54767341221811111e-02 -1.33542605034243783e-01 -4.16336840355678306e-01
6.827586e+00 -8.34544392788751921e-02 -1.34666597960751089e-01 -3.98789739241381724e-01
6.835974e+00 -8.37544303855380090e-02 -1.38455399232561477e-01 -3.80030811641113908e-01
6.844362e+00 -8.61528377283318630e-02 -1.44656070861846120e-01 -3.59915054849292204e-01
6.852749e+00 -9.02938472692410149e-02 -1.52826558902012549e-01 -3.38278636191643611e-01
6.861137e+00 -9.57257038072527183e-02 -1.62387041623404560e-01 -3.14965476004445244e-01
6.869525e+00 -1.01941644235685247e-01 -1.72679267909215034e-01 -2.89854567482398628e-01
6.877912e+00 -1.08422193783752618e-01 -1.83028834504999044e-01 -2.62884882720626101e-01
6.886300e+00 -1.14675226727153343e-01 -1.92805243785063585e-01 -2.34074829784174626e-01
6.894688e+00 -1.20270454912159624e-01 -2.01474881925099075e-01 -2.03533800955758293e-01
6.903075e+00 -1.24865631542865299e-01 -2.08642784098343553e-01 -1.71464244298789786e-01
6.911463e+00 -1.28222657435993315e-01 -2.14080081096392177e-01 -1.38153760071575871e-01
6.919851e+00 -1.30212843201423345e-01 -2.17735223467833944e-01 -1.03957921457933561e-01
6.928239e+00 -1.30811775304138789e-01 -2.19728429289738736e-01 -6.92756961877909194e-02
6.936626e+00 -1.30085437814928900e-01 -2.20330233491473848e-01 -3.45202483516010294e-02
6.945014e+00 -1.28170218729231511e-01 -2.19926357753144980e-01 -8.84039808124322083e-05
6.953402e+00 -1.25250027823893606e-01 -2.18972242707046627e-01  3.36678111274308633e-02
6.961789e+00 -1.21533945767513030e-01 -2.17941452930160512e-01  6.64644320501209529e-02
6.970177e+00 -1.17237550570496979e-01 -2.17272705691547718e-01  9.81012001956415303e-02
6.978565e+00 -1.12570268695748460e-01 -2.17320370181920353e-01  1.28468195085854470e-01
6.986952e+00 -1.07729895620857913e-01 -2.18312914729776514e-01  1.57543138925448134e-01
6.995340e+00 -1.02904054055568739e-01 -2.20323021359593668e-01  1.85380097272277500e-01
7.003728e+00 -9.82769741650811185e-02 -2.23252008907592336e-01  2.12091236666325123e-01
7.012116e+00 -9.40387742964087503e-02 -2.26829889111538424e-01  2.37823995401279853e-01
7.020503e+00 -9.03936881865794739e-02 -2.30630977927181874e-01  2.62736328874609959e-01
7.028891e+00 -8.75636425204142782e-02 -2.34103659058781638e-01  2.86972638587493500e-01
7.037279e+00 -8.57842381120325487e-02 -2.36611756152652425e-01  3.10642715243262757e-01
7.045666e+00 -8.52914533292615379e-02 -2.37484100491684058e-01  3.33805549063368123e-01
7.054054e+00 -8.62991635024998732e-02 -2.36068344486201759e-01  3.56459172994285700e-01
7.062442e+00 -8.89695587785162834e-02 -2.31784859273194810e-01  3.78536948610696977e-01
7.070829e+00 -9.33803060970557763e-02 -2.24176629856627257e-01  3.99910076662644609e-01
7.079217e+00 -9.94935091864485727e-02 -2.12951409263205022e-01  4.20395629819499184e-01
7.087605e+00 -1.07131976632770270e-01 -1.98012968765077096e-01  4.39768988096675861e-01
7.095993e+00 -1.15967829208014961e-01 -1.79478998407922224e-01  4.57779281750018918e-01
7.104380e+00 -1.25527021329085386e-01 -1.57684049389939268e-01  4.74166426369392768e-01
7.112768e+00 -1.35211172080557024e-01 -1.33166899620724255e-01  4.88678472237602968e-01
7.121156e+00 -1.44335590099120087e-01 -1.06642814635260277e-01  5.01088116651807747e-01
7.129543e+00 -1.52179889411993841e-01 -7.89622607762115875e-02  5.11207382121275478e-01
7.137931e+00 -1.58045535199231618e-01 -5.10586819815971316e-02  5.18899734400086965e-01
7.146319e+00 -1.61313472242099021e-01 -2.38889578227249634e-02  5.24089177623621838e-01
7.154706e+00 -1.61494900937259267e-01  1.62904121771158283e-03  5.26765980574815718e-01
7.163094e+00 -1.58269217390568540e-01  2.46769694372672641e-02  5.26988774384005154e-01
7.171482e+00 -1.51504959111085802e-01  4.45897446298966493e-02  5.24882955301254173e-01
7.179870e+00 -1.41262031899711538e-01  6.08980357435775846e-02  5.20635518072474435e-01
7.188257e+00 -1.27776074937377304e-01  7.33558791171175784e-02  5.14486537679417211e-01
7.196645e+00 -1.11428058018202075e-01  8.19511338691078922e-02  5.06717660743571385e-01
7.205033e+00 -9.27038067833942381e-02  8.68980772926516154e-02  4.97638257459301458e-01
7.213420e+00 -7.21489691781892900e-02  8.86130751379975296e-02  4.87570131179524247e-01
7.221808e+00 -5.03248735002244721e-02  8.76758423747503457e-02  4.76831754859215085e-01
7.230196e+00 -2.77698786871136208e-02  8.47801665602392895e-02  4.65723042652907537e-01
7.238583e+00 -4.96948208970610702e-03  8.06788249443578104e-02  4.54511723039880300e-01
7.246971e+00  1.76630877962491682e-02  7.61276701599128275e-02  4.43422256382713875e-01
7.255359e+00  3.97956071502313172e-02  7.18335754352534273e-02  4.32627891916939789e-01
7.263747e+00  6.11760390491021960e-02  6.84101959594238251e-02  4.22246130457868074e-01
7.272134e+00  8.16241434413344513e-02  6.63443725506771137e-02  4.12337635407128977e-01
7.280522e+00  1.01017920842834702e-01  6.59746768632872710e-02  4.02908353148983212e-01
7.288910e+00  1.19277381392057596e-01  6.74823479454333269e-02  3.93914299647578459e-01
7.297297e+00  1.36347916026701405e-01  7.08938375794602033e-02  3.85268380636568208e-01
7.305685e+00  1.52185118153583432e-01  7.60933990848495501e-02  3.76848704972257864e-01
7.314073e+00  1.66742456016226392e-01  8.28436718570064873e-02  3.68507884131757946e-01
7.322460e+00  1.79962816833160566e-01  9.08120434736130883e-02  3.60082809922946112e-01
7.330848e+00  1.91774560873379601e-01  9.96006165157252710e-02  3.51404525003962631e-01
7.339236e+00  2.02092321985497481e-01  1.08777758988232429e-01  3.42307915450418887e-01
7.347623e+00  2.10822428486805991e-01  1.17909418033540284e-01  3.32640878116563177e-01
7.356011e+00  2.17872431892730589e-01  1.26588573807118104e-01  3.22272497997635965e-01
7.364399e+00  2.23163730535091143e-01  1.34461367741604082e-01  3.11099785306806764e-01
7.372787e+00  2.26645774493499125e-01  1.41248582567321479e-01  2.99052547615447084e-01
7.381174e+00  2.28310014592950028e-01  1.46761310566907055e-01  2.86095947660613081e-01
7.389562e+00  2.28201617489401432e-01  1.50909826364942573e-01  2.72230418329696133e-01
7.397950e+00  2.26427004995335246e-01  1.53704941463932154e-01  2.57488916340202489e-01
7.406337e+00  2.23155631043177177e-01  1.55251549222264140e-01  2.41931783926162491e-01
7.414725e+00  2.18615122202209633e-01  1.55734646554934630e-01  2.25639701786463281e-01
7.423113e+00  2.13079767195666958e-01  1.55398745747602374e-01  2.08705469752383244e-01
7.431500e+00  2.06853188039058583e-01  1.54522252862488302e-01  1.91225558095219378e-01
7.439888e+00  2.00246869917647952e-01  1.53389067536443269e-01  1.73292362309219572e-01
7.448276e+00  1.93556947479370967e-01  1.52260161841735908e-01  1.54987934510643688e-01
7.456664e+00  1.87041970659538509e-01  1.51348031747293360e-01  1.36379781511996367e-01
7.465051e+00  1.80904251879132949e-01  1.50796709359498154e-01  1.17519065365758790e-01
7.473439e+00  1.75276990568195845e-01  1.50669546984042640e-01  9.84411998039129432e-02
7.481827e+00  1.70218697695844051e-01  1.50946162373892134e-01  7.91685360665642796e-02
7.490214e+00  1.65715453063529194e-01  1.51528792799620060e-01  5.97146343069924063e-02
7.498602e+00  1.61690447971863105e-01  1.52257136434341162e-01  4.00894797153640917e-02
7.506990e+00  1.58019412119339342e-01  1.52929805065554841e-01  2.03049424613643593e-02
7.515377e+00  1.54549921688896225e-01  1.53329762405943870e-01  3.79821772581981592e-04
7.523765e+00  1.51122169978418847e-01  1.53250624520822248e-01 -1.96560859180345583e-02
7.532153e+00  1.47588709475482027e-01  1.52520682719490874e-01 -3.97593006184058795e-02
7.540541e+00  1.43831041190343262e-01  1.51022005268985238e-01 -5.98715452251080207e-02
7.548928e+00  1.39771501585047558e-01  1.48702713756515170e-01 -7.99202100451968100e-02
7.557316e+00  1.35379482837662907e-01  1.45581365923785788e-01 -9.98202743954537119e-02
7.565704e+00  1.30671702127800049e-01  1.41743367065079257e-01 -1.19477401085987048e-01
7.574091e+00  1.25706996852031100e-01  1.37330340582528909e-01 -1.38791762339937841e-01
7.582479e+00  1.20576700541936158e-01  1.32524101475856637e-01 -1.57662162912917292e-01
7.590867e+00  1.15391959451167925e-01  1.27527247259723864e-01 -1.75990114702830214e-01
7.599254e+00  1.10269557488178432e-01  1.22542580431964213e-01 -1.93683509075573912e-01
7.607642e+00  1.05317927561039304e-01  1.17753571232643517e-01 -2.10659560785431077e-01
7.616030e+00  1.00624856045703759e-01  1.13307722865520544e-01 -2.26846909125134027e-01
7.624418e+00  9.62480002400604856e-02  1.09304157395339566e-01 -2.42186923687212119e-01
7.632805e+00  9.22089756600711907e-02  1.05786239806281407e-01 -2.56634213367722464e-01
7.641193e+00  8.84914169988055416e-02  1.02739572366364315e-01 -2.70156343009867128e-01
7.649581e+00  8.50429477869123068e-02  1.00095137284000366e-01 -2.82732922322733671e-01
7.657968e+00  8.17805485903081997e-02  9.77368961673444614e-02 -2.94354237353598114e-01
7.666356e+00  7.85985771620213297e-02  9.55129015085552091e-02 -3.05019426852628839e-01
7.674744e+00  7.53785658341598747e-02  9.32488199742540491e-02 -3.14734228061386068e-01
7.683131e+00  7.19997841985168946e-02  9.07626295989629600e-02 -3.23508500317515713e-01
7.691519e+00  6.83495387064514820e-02  8.78792492945099785e-02 -3.31353726335802734e-01
7.699907e+00  6.43323570691085728e-02  8.44440129794101629e-02 -3.38280591816999432e-01
7.708295e+00  5.98774024349829070e-02  8.03340712912616745e-02 -3.44296868913080645e-01
7.716682e+00  5.49435976022647071e-02  7.54669701250054309e-02 -3.49405972354369376e-01
7.725070e+00  4.95221381182767359e-02  6.98059112620513511e-02 -3.53606409472821459e-01
7.733458e+00  4.36363442444153427e-02  6.33614995423087274e-02 -3.56892147141142257e-01
7.741845e+00  3.73389997845319510e-02  5.61900140559665265e-02 -3.59253917640094511e-01
7.750233e+00  3.07074544135240365e-02  4.83884510196382761e-02 -3.60681421238489508e-01
7.758621e+00  2.38369446256593183e-02  4.00868308340504367e-02 -3.61166117686184285e-01
7.767008e+00  1.68327753062151621e-02  3.14384519365135395e-02 -3.60704161669718359e-01
7.775396e+00  9.80208141195264629e-03  2.26088594190558372e-02 -3.59299139990429395e-01
7.783784e+00  2.84589111855898438e-03  1.37643652756940810e-02 -3.56964316503139700e-01
7.792171e+00 -3.94779574048519186e-03  5.06101741361795858e-03 -3.53724052986987114e-01
7.800559e+00 -1.05092811256027371e-02 -3.36514160721630099e-03 -3.49614202706939881e-01
7.808947e+00 -1.67903594846625856e-02 -1.14058455540287998e-02 -3.44681502861606703e-01
7.817335e+00 -2.27652225155452990e-02 -1.89858800875851025e-02 -3.38982071509577543e-01
7.825722e+00 -2.84290860438294116e-02 -2.60655137034469624e-02 -3.32579120683590856e-01
7.834110e+00 -3.37947710259011644e-02 -3.26400118748622348e-02 -3.25540099294323648e-01
7.842498e+00 -3.88876892088372977e-02 -3.87364590160619859e-02 -3.17933559563893187e-01
7.850885e+00 -4.37398298189854290e-02 -4.44083139619684403e-02 -3.09825997881966519e-01
7.859273e+00 -4.83834172314408714e-02 -4.97282791912566566e-02 -3.01278895960250870e-01
7.867661e+00 -5.28449384767807062e-02 -5.47802312139780978e-02 -2.92346228190928703e-01
7.876048e+00 -5.71401979671240234e-02 -5.96510435850247031e-02 -2.83072676443462179e-01
7.884436e+00 -6.12709320375566802e-02 -6.44230599513182095e-02 -2.73492712552157291e-01
7.892824e+00 -6.52233451168803408e-02 -6.91678248280164221e-02 -2.63630668013579705e-01
7.901212e+00 -6.89687241671465973e-02 -7.39415170940133509e-02 -2.53501842947447820e-01
7.909599e+00 -7.24660426360992649e-02 -7.87822959902782644e-02 -2.43114550656330003e-01
7.917987e+00 -7.56662268333047061e-02 -8.37094541975949014e-02 -2.32472863466578888e-01
7.926375e+00 -7.85175731622525103e-02 -8.87240002179430914e-02 -2.21579761219001581e-01
7.934762e+00 -8.09716636685997582e-02 -9.38101511750663725e-02 -2.10440289686372906e-01
7.943150e+00 -8.29890452021768837e-02 -9.89371836378157288e-02 -1.99064260825982886e-01
7.951538e+00 -8.45439743949091549e-02 -1.04061147952369343e-01 -1.87468105269528090e-01
7.959925e+00 -8.56276776439002657e-02 -1.09126139821218535e-01 -1.75675646088381321e-01
7.968313e+00 -8.62497685926872648e-02 -1.14065128810694152e-01 -1.63717677725429861e-01
7.976701e+00 -8.64377092553290094e-02 -1.18800653628165581e-01 -1.51630391742678450e-01
7.985089e+00 -8.62345073367864617e-02 -1.23245890075226808e-01 -1.39452942041855737e-01
7.993476e+00 -8.56951149728630152e-02 -1.27306646044836963e-01 -1.27224608903363845e-01
8.001864e+00 -8.48821411582085517e-02 -1.30884755679769593e-01 -1.14982022330838513e-01
8.010252e+00 -8.38615411471802519e-02 -1.33883122225913032e-01 -1.02756880157068339e-01
8.018639e+00 -8.26989156238735479e-02 -1.36212287792877917e-01 -9.05745596048644075e-02
8.027027e+00 -8.14568678337022484e-02 -1.37797977822759377e-01 -7.84538352263762784e-02
8.035415e+00 -8.01935494120184916e-02 -1.38588735709480104e-01 -6.64076384641486273e-02
8.043802e+00 -7.89622244698623826e-02 -1.38562598728324604e-01 -5.44446097402093848e-02
8.052190e+00 -7.78114579928006617e-02 -1.37731738165244949e-01 -4.25710914137901603e-02
8.060578e+00 -7.67853544747833655e-02 -1.36144114559283186e-01 -3.07931056023706996e-02
8.068966e+00 -7.59232080906555307e-02 -1.33881558550812269e-01 -1.91178486109267569e-02
8.077353e+00 -7.52580877514454627e-02 -1.31054220462208021e-01 -7.55439420934438371e-03
8.085741e+00 -7.48141990599683615e-02 -1.27791849342651337e-01  3.88648137806324326e-03
8.094129e+00 -7.46031982773354696e-02 -1.24232782020827395e-01  1.51932499622695876e-02
8.102516e+00 -7.46199752028414154e-02 -1.20511884388870380e-01  2.63550607398973825e-02
8.110904e+00 -7.48387623922374401e-02 -1.16748920592084166e-01  3.73631884504771264e-02
8.119292e+00 -7.52105988548906063e-02 -1.13038770058439000e-01  4.82120122201577933e-02
8.127679e+00 -7.56630661302691299e-02 -1.09444591971182670e-01  5.88991393373869687e-02
8.136067e+00 -7.61029190428847008e-02 -1.05994639713551594e-01  6.94244580474857181e-02
8.144455e+00 -7.64218312112899395e-02 -1.02683003028105513e-01  7.97881392235796488e-02
8.152842e+00 -7.65049353131148913e-02 -9.94740341198864092e-02  8.99878738538586742e-02
8.161230e+00 -7.62412533516150515e-02 -9.63097025164666720e-02  1.00015829003634663e-01
8.169618e+00 -7.55347111173682445e-02 -9.31188369494461154e-02  1.09855896060304700e-01
8.178006e+00 -7.43142923766239583e-02 -8.98271412863111129e-02  1.19481811636458532e-01
8.186393e+00 -7.25419409034085416e-02 -8.63668557831825529e-02  1.28856612978011736e-01
8.194781e+00 -7.02170846346829997e-02 -8.26850027822779443e-02  1.37933639608130376e-01
8.203169e+00 -6.73771788336282457e-02 -7.87494327213638240e-02  1.46659021182275057e-01
8.211556e+00 -6.40942884512174377e-02 -7.45522654689221020e-02  1.54975364097537316e-01
8.219944e+00 -6.04682501923193422e-02 -7.01105983550531775e-02  1.62826136888262279e-01
8.228332e+00 -5.66173488797087066e-02 -6.54645652756066926e-02  1.70160106660260657e-01
8.236719e+00 -5.26677184271457377e-02 -6.06731161528434246e-02  1.76935197888880874e-01
8.245107e+00 -4.87427261822682076e-02 -5.58081422715801800e-02  1.83121287670118676e-01
8.253495e+00 -4.49533981620283615e-02 -5.09476394052599119e-02  1.88701614927107991e-01
8.261883e+00 -4.13906513103383250e-02 -4.61685717800057252e-02  1.93672690387623164e-01
8.270270e+00 -3.81198154049472784e-02 -4.15401237275988267e-02  1.98042869462785154e-01
8.278658e+00 -3.51776181011514144e-02 -3.71180043067009316e-02  2.01829964624509528e-01
8.287046e+00 -3.25715213925097807e-02 -3.29402814855277656e-02  2.05058347702529731e-01
8.295433e+00 -3.02811524998366534e-02 -2.90249947297000037e-02  2.07756002271338364e-01
8.303821e+00 -2.82615305999571118e-02 -2.53696652159253987e-02  2.09951954619797238e-01
8.312209e+00 -2.64477402613532905e-02 -2.19526908399924683e-02  2.11674359983339888e-01
8.320596e+00 -2.47606631068405837e-02 -1.87363892750306710e-02  2.12949288596899156e-01
8.328984e+00 -2.31133980832177177e-02 -1.56712706496398742e-02  2.13800086219340491e-01
8.337372e+00 -2.14179994533022604e-02 -1.27010836702036202e-02  2.14247094943341682e-01
8.345760e+00 -1.95920952559580398e-02 -9.76817312552705208e-03  2.14307454983962281e-01
8.354147e+00 -1.75649134187433366e-02 -6.81863976149135655e-03  2.13994719730930982e-01
8.362535e+00 -1.52822841742873156e-02 -3.80681970260026131e-03  2.13318167842781126e-01
8.370923e+00 -1.27102388547640291e-02 -6.98753153280903252e-04  2.12281899297551119e-01
8.379310e+00 -9.83689515131440026e-03  2.52553689739068226e-03  2.10883947123895965e-01
8.387698e+00 -6.67248677433939907e-03  5.87105622811471585e-03  2.09115732653325337e-01
8.396086e+00 -3.24761907649516544e-03  9.32814668930535482e-03  2.06962248128949478e-01
8.404473e+00  3.89993727282872480e-04  1.28739556829506590e-02  2.04403287245747883e-01
8.412861e+00  4.17992033353023398e-03  1.64748541725719781e-02  2.01415833937736710e-01
8.421249e+00  8.05401932462870840e-03  2.00895959929747736e-02  1.97977457359966608e-01
8.429637e+00  1.19415095293220631e-02  2.36729996876386510e-02  1.94070332332278467e-01
8.438024e+00  1.57736419964488381e-02  2.71798689713219493e-02  1.89685317276769794e-01
8.446412e+00  1.94876407692852124e-02  3.05688350923411165e-02  1.84825401471753609e-01
8.454800e+00  2.30296938425766408e-02  3.38058288574059063e-02  1.79507860982458578e-01
8.463187e+00  2.63569155687524426e-02  3.68668969418446402e-02  1.73764666978970805e-01
8.471575e+00  2.94383441923195405e-02  3.97400641618180298e-02  1.67640991873905465e-01
8.479963e+00  3.22551001711872884e-02  4.24260028116787077e-02  1.61191967038464640e-01
8.488350e+00  3.47998298422959942e-02  4.49374105335245480e-02  1.54478140099161887e-01
8.496738e+00  3.70755681332580606e-02  4.72971278095330530e-02  1.47560334792949027e-01
8.505126e+00  3.90941579450644547e-02  4.95351286053653805e-02  1.40494732002351463e-01
8.513514e+00  4.08743278399449489e-02  5.16846569904091530e-02  1.33328902899170237e-01
8.521901e+00  4.24395056999432030e-02  5.37779322263487597e-02  1.26099311961190924e-01
8.530289e+00  4.38154738000994456e-02  5.58419058882582003e-02  1.18830563363014605e-01
8.538677e+00  4.50280041590467861e-02  5.78945325005244538e-02  1.11536372664606559e-01
8.547064e+00  4.61006276877616930e-02  5.99419845952624888e-02  1.04221915531949344e-01
8.555452e+00  4.70527196224309677e-02  6.19771753227308236e-02  9.68869792554849923e-02
8.563840e+00  4.78981132328157033e-02  6.39797772714176122e-02  8.95293047160582028e-02
8.572227e+00  4.86444269670430265e-02  6.59177060149122168e-02  8.21475575179926587e-02
8.580615e+00  4.92932069830513825e-02  6.77498740426909357e-02  7.47434469698988746e-02
8.589003e+00  4.98408818344150614e-02  6.94298922317872907e-02  6.73227072042768410e-02
8.597390e+00  5.02803983044220124e-02  7.09102594185349600e-02  5.98949541525742313e-02
8.605778e+00  5.06032688114338852e-02  7.21465182742173639e-02  5.24726564698247203e-02
8.614166e+00  5.08016727297894224e-02  7.31009317002139503e-02  4.50695513939236500e-02
8.622554e+00  5.08702513977553200e-02  7.37453586128689054e-02  3.76989131762582030e-02
8.630941e+00  5.08072999533026037e-02  7.40631039894122239e-02  3.03721340967992789e-02
8.639329e+00  5.06151783188318397e-02  7.40496445415311511e-02  2.30979719140867387e-02
8.647717e+00  5.02999325636624070e-02  7.37123085919201976e-02  1.58825934187118156e-02
8.656104e+00  4.98702806140813651e-02  7.30691055662691658e-02  8.73037550812354526e-03
8.664492e+00  4.93362148775842863e-02  7.21469149125182618e-02  1.64531852999694954e-03
8.672880e+00  4.87075141590174870e-02  7.09792576938191866e-02 -5.36721668278017632e-03
8.681267e+00  4.79924543709443832e-02  6.96039158977148492e-02 -1.22988510588903192e-02
8.689655e+00  4.71969432150487131e-02  6.80606336900954068e-02 -1.91369704392563601e-02
8.698043e+00  4.63241897236538192e-02  6.63890230407846310e-02 -2.58641714560178121e-02
8.706431e+00  4.53749154343189992e-02  6.46267242864561747e-02 -3.24584804316035078e-02
8.714818e+00  4.43480389780678483e-02  6.28078586807412909e-02 -3.88943532809277528e-02
8.723206e+00  4.32416883082979986e-02  6.09617533170054016e-02 -4.51443110529002600e-02
8.731594e+00  4.20543276486781414e-02  5.91118360729933554e-02 -5.11809287271663485e-02
8.739981e+00  4.07857793347490075e-02  5.72746194740074918e-02 -5.69788676012410386e-02
8.748369e+00  3.94379625296220962e-02  5.54588073128080700e-02 -6.25166938868442351e-02
8.756757e+00  3.80152154389826052e-02  5.36646318882333453e-02 -6.77782757220296850e-02
8.765144e+00  3.65241329362181802e-02  5.18835590818072651e-02 -7.27535983142011539e-02
8.773532e+00  3.49729690441615421e-02  5.00985766109074901e-02 -7.74389345589089895e-02
8.781920e+00  3.33707701691510900e-02  4.82853464535608692e-02 -8.18364355329917054e-02
8.790308e+00  3.17264538201724941e-02  4.64144087484850074e-02 -8.59532719925650973e-02
8.798695e+00  3.00480501522138350e-02  4.44544113110135475e-02 -8.98004495973177552e-02
8.807083e+00  2.83423085856898162e-02  4.23761554462357276e-02 -9.33914268572015593e-02
8.815471e+00  2.66147936859920595e-02  4.01570851582781704e-02 -9.67407078898821354e-02
8.823858e+00  2.48704410884477596e-02  3.77856294011313446e-02 -9.98625633926937956e-02
8.832246e+00  2.31144029596980979e-02  3.52646487700830000e-02 -1.02769940141844332e-01
8.840634e+00  2.13529395845416178e-02  3.26132992317444553e-02 -1.05473580731458225e-01
8.849021e+00  1.95940747086698029e-02  2.98668469104961913e-02 -1.07981410348121296e-01
8.857409e+00  1.78477317336933755e-02  2.70742148356889721e-02 -1.10298219847784679e-01
8.865797e+00  1.61251705720657813e-02  2.42933513437858135e-02 -1.12425583000762414e-01
8.874185e+00  1.44377305796202331e-02  2.15849268330574988e-02 -1.14361943238003388e-01
8.882572e+00  1.27950553402433383e-02  1.90052293204712973e-02 -1.16102877647356897e-01
8.890960e+00  1.12031067596967369e-02  1.65992712401926042e-02 -1.17641532729054296e-01
8.899348e+00  9.66239277466264014e-03  1.43950912600713608e-02 -1.18969155979671753e-01
8.907735e+00  8.16687666421140115e-03  1.24001194373593027e-02 -1.20075672787699275e-01
8.916123e+00  6.70394028713713029e-03  1.06002005608276696e-02 -1.20950326855051471e-01
8.924511e+00  5.25558792316951559e-03  8.96141275292654943e-03 -1.21582367687213852e-01
8.932898e+00  3.80086982062261252e-03  7.43435281080138781e-03 -1.21961698912222527e-01
8.941286e+00  2.31926573093659211e-03  5.96024063574351979e-03 -1.22079431404348585e-01
8.949674e+00  7.94524407469303427e-04  4.47798670634751757e-03 -1.21928344884942211e-01
8.958062e+00 -7.81688207667589180e-04  2.93123626624151000e-03 -1.21503242877062115e-01
8.966449e+00 -2.40698060038376828e-03  1.27444941537009616e-03 -1.20801163996278660e-01
8.974837e+00 -4.06682304331054244e-03 -5.22671738367029570e-04 -1.19821470745761494e-01
8.983225e+00 -5.73490267259417139e-03 -2.47278199310592634e-03 -1.18565895691113574e-01
8.991612e+00 -7.37532539657353992e-03 -4.57062090830056156e-03 -1.17038606102130668e-01
9.000000e+00 -8.94642520197897091e-03 -6.79470825378896120e-03 -1.15246305837206270e-01
