# Author: SW4
# Scenario: test
# Date: UTC  12/09/2017:5:20:50.000
# Bandwith (Hz): 1.234000e+00
# Station: sta10
# Target location (WGS84 longitude, latitude) (deg): -1.177406e+02 3.718865e+01
# Actual location (WGS84 longitude, latitude) (deg): -1.177406e+02 3.718865e+01
# Distance from target to actual location (m): 0.000000e+00
# nColumns: 4
# Column 1: Time (s)
# Column 2: X displacement (m)
# Column 3: Y displacement (m)
# Column 4: Z displacement (m)
0.000000e+00  0.00000000000000000e+00  0.00000000000000000e+00  0.00000000000000000e+00
1.327434e-02  0.00000000000000000e+00  0.00000000000000000e+00  0.00000000000000000e+00
2.654867e-02  0.00000000000000000e+00  0.00000000000000000e+00  0.00000000000000000e+00
3.982301e-02  0.00000000000000000e+00  0.00000000000000000e+00  0.00000000000000000e+00
5.309735e-02  0.00000000000000000e+00  0.00000000000000000e+00  0.00000000000000000e+00
6.637168e-02  0.00000000000000000e+00  0.00000000000000000e+00  0.00000000000000000e+00
7.964602e-02 1.32402175266091384e-194 1.06569895105003068e-193 -5.75830570755742094e-198
9.292035e-02 -2.08351183908295552e-157 -5.46645691653337144e-157 -8.57193891500660855e-156
1.061947e-01 5.19957406715658779e-147 2.28270337840023342e-146 6.24086172883657634e-145
1.194690e-01 3.86991461556368285e-138 -1.11243412418553903e-138 -2.35218531166079060e-136
1.327434e-01 -7.66760084349175407e-132 -8.66098250592114997e-132 -8.47908718414571177e-131
1.460177e-01 5.09881012414205681e-127 1.56984166024342853e-127 -8.19527657726665631e-126
1.592920e-01 -7.49607288720694526e-123 -5.84820634231720483e-123 1.21544455735354130e-121
1.725664e-01 8.57524673895683463e-119 7.04298272729913848e-119 1.18383671240790379e-117
1.858407e-01 8.43941640954483924e-115 8.22823675537953088e-115 1.65637382086962654e-113
1.991150e-01 2.54386503395772492e-111 3.13827636578311824e-111 3.34244310374928993e-110
2.123894e-01 3.45500405258742538e-108 3.26744569568173820e-108 2.62294850676961987e-107
2.256637e-01 1.20280298497464179e-105 1.24581514310460719e-105 1.12939757481310507e-104
2.389381e-01 1.08787925351576450e-103 1.82416593275735196e-104 2.15128699492726894e-102
2.522124e-01 -3.73054071377519013e-101 -3.08421217477319952e-101 1.39726110657232712e-100
2.654867e-01 -3.39863303416897554e-99 -5.37021425319702110e-99 -4.21139552423846485e-99
2.787611e-01 -2.07510905036797231e-97  4.15542734447736322e-98 -4.01606344015447594e-97
2.920354e-01  1.88827112820532558e-95 -1.68563925487547467e-96  9.25452178379552634e-96
3.053097e-01 -6.23255051719513396e-94  7.99204524822953575e-94  2.78308790363383184e-94
3.185841e-01  3.38182374283551364e-92 -4.61997386133910154e-92  9.22550027251831934e-93
3.318584e-01 -1.90569490745594968e-90  1.71677971712217790e-90 -1.40971929737992281e-90
3.451327e-01  7.50797925370383554e-89 -6.12954241779072549e-89  5.92898800809069818e-89
3.584071e-01 -2.36053729580269310e-87  2.03673599460650760e-87 -1.84866945724448509e-87
3.716814e-01  6.59565194083179025e-86 -5.81282227647344133e-86  5.05154828088254311e-86
3.849558e-01 -1.68604243217457093e-84  1.43515973218234231e-84 -1.18264349703675469e-84
3.982301e-01  3.95928242194285151e-83 -3.18151340447400792e-83  2.29888204062703474e-83
4.115044e-01 -8.54235965145900563e-82  6.45946129367700936e-82 -3.71199922253238360e-82
4.247788e-01  1.70212807319062529e-80 -1.21448659367757382e-80  4.97364879327218326e-81
4.380531e-01 -3.13644007925140863e-79  2.12348073640178764e-79 -5.53889693051284704e-80
4.513274e-01  5.31943009658676569e-78 -3.43602654533023824e-78  5.25704428098156094e-79
4.646018e-01 -8.25411644815512963e-77  5.12069982098389172e-77 -4.51804607790422095e-78
4.778761e-01  1.16358473391895760e-75 -6.97039983333951842e-76  4.37104103404038909e-77
4.911504e-01 -1.47981426703455331e-74  8.59457268654592727e-75 -5.81364620062979744e-76
5.044248e-01  1.68475088639762707e-73 -9.51912835588125127e-74  9.01038314162976384e-75
5.176991e-01 -1.70111267121810115e-72  9.38790998869909381e-73 -1.30184207464863771e-73
5.309735e-01  1.50290549011705539e-71 -8.15332176607741922e-72  1.61583074675681506e-72
5.442478e-01 -1.13546497239681635e-70  6.13657021730479108e-71 -1.69420849672820252e-71
5.575221e-01  6.99514755771107588e-70 -3.87296693087567597e-70  1.51150992491559076e-70
5.707965e-01 -3.07435564122399277e-69  1.87367805171476843e-69 -1.16077319139425806e-69
5.840708e-01  3.63486925847523137e-69 -4.29683560826826854e-69  7.98689163781605269e-69
5.973451e-01  9.49537502891572828e-68 -4.26901630465251745e-68 -5.57504133072339653e-68
6.106195e-01 -1.17334542986139722e-66  8.25721721704068851e-67  4.80900962102635524e-67
6.238938e-01  8.29123431197537113e-66 -9.28193232351967274e-66 -5.18056248971142427e-66
6.371681e-01 -3.70950725019142134e-65  8.52144218771261278e-65  5.68468814660073112e-65
6.504425e-01  4.65814868477786021e-65 -6.68327005590220440e-64 -5.44651389475015873e-64
6.637168e-01  9.13610651757053858e-64  4.30405554328112693e-63  4.17353915805365763e-63
6.769912e-01 -9.76589941213766691e-63 -1.94271342430047416e-62 -2.22812355279777788e-62
6.902655e-01  4.93982691478543988e-62  1.16589215386091691e-62  3.34625206750390513e-62
7.035398e-01 -8.35275178522862408e-63  8.83229612634437821e-61  8.73576726512552950e-61
7.168142e-01 -2.50442985102230502e-60 -1.09110424187112538e-59 -1.18930421626905793e-59
7.300885e-01  2.73885079456874280e-59  7.92644674399797999e-59  8.63548447640784450e-59
7.433628e-01 -1.58352289895966165e-58 -3.42493691297603179e-58 -3.56860636012818636e-58
7.566372e-01  2.06526253131863710e-58  7.55560398702271365e-60  1.69714000828427973e-58
7.699115e-01  5.45719120022440147e-57  1.33709410947905251e-56  8.45907115332449825e-57
7.831858e-01 -4.42574518692364315e-56 -9.90288635170652419e-56 -7.40833888509904324e-56
7.964602e-01 -1.22466281639779524e-55  2.07493752924501877e-56  7.56814662072258912e-55
8.097345e-01  4.94487266170668723e-54  5.65227783464567358e-54 -9.33215489653721451e-54
8.230088e-01 -3.20778956228558298e-53 -3.96479246067844028e-53  6.46439097993414552e-53
8.362832e-01 -1.57154644574857784e-52 -1.52611059308380686e-52  1.67115183797867518e-52
8.495575e-01  4.09105688105904071e-51  4.40607041817648824e-51 -7.63371211477711827e-51
8.628319e-01 -2.14359947095939607e-50 -2.27770436932650933e-50  5.53771728393204561e-50
8.761062e-01 -1.33964620082803312e-49 -1.49320863754852142e-49  1.19584791964109089e-49
8.893805e-01  2.38550928634575517e-48  2.56564400672621057e-48 -4.58488749705286561e-48
9.026549e-01 -6.61350030291266811e-48 -6.64888183752003245e-48  2.13379670720689691e-47
9.159292e-01 -1.04754422521651680e-46 -1.15636981236705813e-46  1.52018684111237533e-46
9.292035e-01  9.20569039776487842e-46  9.78624549967025212e-46 -1.97741220766523496e-45
9.424779e-01  1.27408259332069074e-45  1.59323222208023152e-45  9.80845231218960968e-46
9.557522e-01 -5.21243191088199765e-44 -5.64776778209829418e-44  9.60579929906386123e-44
9.690265e-01  1.35771890884389457e-43  1.36907621913882276e-43 -4.01383070838547097e-43
9.823009e-01  1.93499904236871017e-42  2.13321541949956027e-42 -3.08572556547205448e-42
9.955752e-01 -1.16901823746696040e-41 -1.23435891491079903e-41  2.64777078971700451e-41
1.008850e+00 -5.02398894136931380e-41 -5.68485264927498647e-41  6.13644214130855419e-41
1.022124e+00  5.79184149824444365e-40  6.20892675449705110e-40 -1.18966062900765791e-39
1.035398e+00  7.92126011215094572e-40  9.62940482821367013e-40 -9.10129730824969110e-41
1.048673e+00 -2.23955053705468803e-38 -2.42221403461013548e-38  4.34995466380042863e-38
1.061947e+00  2.39311223466039273e-39 -1.06574645787981103e-39 -5.36918881885098708e-38
1.075221e+00  7.46725194393351590e-37  8.12471597717503689e-37 -1.39989405581246472e-36
1.088496e+00 -6.84046010498254760e-37 -6.29283020716997164e-37  2.82971481382931579e-36
1.101770e+00 -2.26205732532030473e-35 -2.47059054201691332e-35  4.15955678798271767e-35
1.115044e+00  2.79942160657303358e-35  2.71894148450069427e-35 -9.74156406674855765e-35
1.128319e+00  6.40300693985983973e-34  7.00557608289897826e-34 -1.17341856205881785e-33
1.141593e+00 -7.15976658047498040e-34 -6.92237391344980582e-34  2.56508505173654032e-33
1.154867e+00 -1.70673729879513590e-32 -1.86711423439295706e-32  3.16560845677667436e-32
1.168142e+00  1.03818504589312721e-32  9.12225980305745878e-33 -5.05271289259143441e-32
1.181416e+00  4.23771659856584189e-31  4.62792256335281997e-31 -8.06412679874092591e-31
1.194690e+00  9.23038639856022207e-32  1.51568929190581180e-31  5.48499678683685240e-31
1.207965e+00 -9.54009457432398634e-30 -1.03858231636766658e-29  1.88579773663920478e-29
1.221239e+00 -1.25162079112958981e-29 -1.47274844451070787e-29  8.71815179719192189e-30
1.234513e+00  1.86213684654585291e-28  2.01717692546435749e-28 -3.88311188559545735e-28
1.247788e+00  5.11438203423959010e-28  5.77963872887161311e-28 -7.11617615999748495e-28
1.261062e+00 -2.90193163931904586e-27 -3.11493024943020032e-27  6.59189961270761197e-27
1.274336e+00 -1.44417739322406008e-26 -1.60661788501223476e-26  2.42447744313444538e-26
1.287611e+00  2.82715426834848083e-26  2.94859093513732515e-26 -7.92257554069308319e-26
1.300885e+00  3.08719669425818789e-25  3.40260184599446318e-25 -5.77291794931962659e-25
1.314159e+00  1.16424271182203823e-25  1.55749222270301740e-25  2.36282619208637547e-25
1.327434e+00 -4.88342087082365925e-24 -5.33639065946357057e-24  1.00713200541664022e-23
1.340708e+00 -1.23212507654855402e-23 -1.39209137040228177e-23  1.77749881104271350e-23
1.353982e+00  4.82324886245391277e-23  5.18538446199650499e-23 -1.16637224246166121e-22
1.367257e+00  2.96247350499523834e-22  3.28961672394008683e-22 -5.36770541458237687e-22
1.380531e+00  1.03226086143095237e-23  3.45133939972744752e-23  4.05309583818584354e-22
1.393805e+00 -4.12412171905147875e-21 -4.53186870061129755e-21  8.52900025538452214e-21
1.407080e+00 -1.06225257822703703e-20 -1.19863320744118271e-20  1.62220148718484905e-20
1.420354e+00  2.62618422963393598e-20  2.81661563005406915e-20 -6.93385774592583374e-20
1.433628e+00  2.04673820338953506e-19  2.27355683921281278e-19 -3.91387773279580754e-19
1.446903e+00  2.38910353475038280e-19  2.76973290682799454e-19 -2.24930936220981035e-19
1.460177e+00 -1.75144619769198377e-18 -1.91918349548697080e-18  3.99982636362202971e-18
1.473451e+00 -7.72012315500358028e-18 -8.64132464994696434e-18  1.40056440667931630e-17
1.486726e+00 -3.08374234347201714e-18 -3.86193136439214516e-18 -3.37870509206152002e-18
1.500000e+00  7.31491643317130875e-17  8.08918397949654690e-17 -1.59338563011809730e-16
1.513274e+00  2.51035371549736061e-16  2.82442455268114161e-16 -4.44778652368970743e-16
1.526549e+00  3.75237842780422774e-17  5.44492633964778640e-17  2.24206705290249784e-16
1.539823e+00 -2.28849978774929627e-15 -2.54436750877845128e-15  4.95656703522557373e-15
1.553097e+00 -7.49288069871264079e-15 -8.45386367624668481e-15  1.34766499524828705e-14
1.566372e+00 -3.30388923492164311e-15 -4.01294959487567388e-15 -1.35621593158779588e-15
1.579646e+00  5.36886100871551267e-14  5.98720626069598381e-14 -1.19948469937396699e-13
1.592920e+00  2.00491225447574901e-13  2.26538197593992826e-13 -3.77848103998828132e-13
1.606195e+00  2.26770153393007619e-13  2.61572111736274725e-13 -2.84789679877338716e-13
1.619469e+00 -7.84673343478357037e-13 -8.74118584648553037e-13  1.94309718208542522e-12
1.632743e+00 -4.26060933084479961e-12 -4.82134726000525506e-12  8.56277890012076894e-12
1.646018e+00 -8.70629713552632619e-12 -9.94360252153437617e-12  1.50977068756943245e-11
1.659292e+00 -5.77253948623200125e-13 -8.74299690284040578e-13 -6.61326629000086429e-12
1.672566e+00  5.41587421432011727e-11  6.13815829649237696e-11 -1.19948311046690311e-10
1.685841e+00  1.88108476260788110e-10  2.14851049882304049e-10 -3.70979732424168313e-10
1.699115e+00  3.26786148524833784e-10  3.75487684709806108e-10 -5.75882778551849688e-10
1.712389e+00  7.40231081672112174e-11  8.85851348848210490e-11  7.99299036829872679e-11
1.725664e+00 -1.48811119966199675e-09 -1.70717719143820775e-09  3.36965877499538862e-09
1.738938e+00 -5.60363255033365695e-09 -6.45996492697349124e-09  1.15446735603258704e-08
1.752212e+00 -1.26790928585151324e-08 -1.46514580175897612e-08  2.49602826230403853e-08
1.765487e+00 -1.96248632165253694e-08 -2.26675742496156975e-08  3.67003879501235459e-08
1.778761e+00 -1.50015183411931921e-08 -1.70527233877439081e-08  2.23803548325583251e-08
1.792035e+00  3.08704124312375463e-08  3.71391603184488564e-08 -8.14386005187637242e-08
1.805310e+00  1.90490525104605425e-07  2.25035854212435099e-07 -4.30406999630863965e-07
1.818584e+00  6.41068926208587082e-07  7.53883505401091045e-07 -1.40225223347800796e-06
1.831858e+00  1.80306518586336138e-06  2.11397125042904263e-06 -3.88039908731772027e-06
1.845133e+00  4.60899134675920325e-06  5.39100522995744279e-06 -9.79637965556944619e-06
1.858407e+00  1.09622101514671149e-05  1.27993730063976002e-05 -2.30494041396322608e-05
1.871681e+00  2.44415459083658028e-05  2.85006517295103571e-05 -5.09139267390311219e-05
1.884956e+00  5.12900464153963323e-05  5.97507590143961839e-05 -1.06006038529424986e-04
1.898230e+00  1.01677653865083560e-04  1.18362573788921680e-04 -2.08772093970875460e-04
1.911504e+00  1.91116799173947116e-04  2.22342698834988189e-04 -3.90236080000458104e-04
1.924779e+00  3.41724301718352352e-04  3.97345588264960518e-04 -6.94383161657366444e-04
1.938053e+00  5.82814154538889356e-04  6.77344598518404297e-04 -1.17916600686255148e-03
1.951327e+00  9.50195347196574149e-04  1.10378965562937304e-03 -1.91491561788114067e-03
1.964602e+00  1.48365946192924791e-03  1.72265041322128797e-03 -2.97914252704674625e-03
1.977876e+00  2.22250533802805612e-03  2.57916963389230244e-03 -4.44740643638780707e-03
1.991150e+00  3.19948080322693959e-03  3.71077647588354117e-03 -6.38099830725547077e-03
2.004425e+00  4.43409572432219151e-03  5.13927931321981734e-03 -8.81337995896021992e-03
2.017699e+00  5.92674845612530237e-03  6.86402297489197011e-03 -1.17383532364286058e-02
2.030973e+00  7.65533652528949810e-03  8.85795929109289663e-03 -1.51033731031592518e-02
2.044248e+00  9.57575191846319652e-03  1.10682654950348489e-02 -1.88108199011026017e-02
2.057522e+00  1.16267543285438809e-02  1.34220871081221528e-02 -2.27282244545576814e-02
2.070796e+00  1.37384036796278398e-02  1.58364437961612502e-02 -2.67058646008251459e-02
2.084071e+00  1.58421115403477759e-02  1.82300172810835638e-02 -3.05978650240521337e-02
2.097345e+00  1.78799793640455965e-02  2.05340831151917119e-02 -3.42819076971584286e-02
2.110619e+00  1.98114932527908225e-02  2.27003305510538739e-02 -3.76731931281344065e-02
2.123894e+00  2.16165045686319800e-02  2.47043300900604557e-02 -4.07300205738982748e-02
2.137168e+00  2.32944324020935602e-02  2.65445803598666867e-02 -4.34506888152746615e-02
2.150442e+00  2.48606283564043531e-02  2.82382303727056472e-02 -4.58637187321219233e-02
2.163717e+00  2.63415827711738389e-02  2.98154404728573318e-02 -4.80148951429993712e-02
2.176991e+00  2.77706942671954553e-02  3.13144073376313836e-02 -4.99547017954294972e-02
2.190265e+00  2.91855646693038630e-02  3.27781868920277025e-02 -5.17285425518058187e-02
2.203540e+00  3.06267575756080136e-02  3.42532328740186229e-02 -5.33706574256231844e-02
2.216814e+00  3.21373372184960079e-02  3.57888363143572391e-02 -5.49016696092677822e-02
2.230088e+00  3.37623572929480753e-02  3.74364987465379134e-02 -5.63292155491757623e-02
2.243363e+00  3.55474438412216043e-02  3.92482558553818861e-02 -5.76507491176170700e-02
2.256637e+00  3.75356977373572515e-02  4.12730483267268813e-02 -5.88574448776607445e-02
2.269912e+00  3.97626995876242187e-02  4.35508705980463193e-02 -5.99383839013743480e-02
2.283186e+00  4.22504021660076723e-02  4.61056111865362425e-02 -6.08845497878049771e-02
2.296460e+00  4.50014837629027081e-02  4.89384369044040951e-02 -6.16920476392325556e-02
2.309735e+00  4.79958226560490073e-02  5.20236603205611811e-02 -6.23636256643454387e-02
2.323009e+00  5.11903214810324469e-02  5.53085003505572950e-02 -6.29078133967404390e-02
2.336283e+00  5.45226434756736281e-02  5.87173773686813782e-02 -6.33358438926805017e-02
2.349558e+00  5.79184532855172643e-02  6.21602850385490416e-02 -6.36572073766811797e-02
2.362832e+00  6.13006146251230469e-02  6.55434570697641244e-02 -6.38748602188903142e-02
2.376106e+00  6.45981781172053765e-02  6.87798218142453427e-02 -6.39812785971267534e-02
2.389381e+00  6.77533472378867851e-02  7.17971891728595435e-02 -6.39567867984806027e-02
2.402655e+00  7.07254847399283598e-02  7.45431832193350213e-02 -6.37711802130345728e-02
2.415929e+00  7.34919679610638032e-02  7.69867792253622063e-02 -6.33884170924985113e-02
2.429204e+00  7.60462935317346017e-02  7.91168985646612533e-02 -6.27730169752963585e-02
2.442478e+00  7.83943755556538724e-02  8.09390628168750043e-02 -6.18964569564012662e-02
2.455752e+00  8.05501168723643940e-02  8.24711975823051863e-02 -6.07419006346925777e-02
2.469027e+00  8.25309264739369081e-02  8.37390997724359321e-02 -5.93057920522558693e-02
2.482301e+00  8.43535838721889697e-02  8.47716900442626320e-02 -5.75958195502129927e-02
2.495575e+00  8.60311992920806123e-02  8.55966750069298565e-02 -5.56265629292333405e-02
2.508850e+00  8.75723699220931767e-02  8.62379132793252429e-02 -5.34155055826090602e-02
2.522124e+00  8.89832355604558978e-02  8.67155672844887176e-02 -5.09819986604833075e-02
2.535398e+00  9.02722337987363482e-02  8.70492281199666679e-02 -4.83505473969945906e-02
2.548673e+00  9.14564800587299442e-02  8.72632980669334479e-02 -4.55579785407615248e-02
2.561947e+00  9.25678007281917903e-02  8.73928995534899583e-02 -4.26617041558965543e-02
2.575221e+00  9.36556863917906018e-02  8.74874855439231741e-02 -3.97443430377879547e-02
2.588496e+00  9.47847717058264150e-02  8.76093136024503061e-02 -3.69102686778773892e-02
2.601770e+00  9.60263240131719459e-02  8.78257749396704063e-02 -3.42726761311207898e-02
2.615044e+00  9.74455462604550543e-02  8.81971248975364219e-02 -3.19336481252877058e-02
2.628319e+00  9.90879543885165442e-02  8.87628482340441366e-02 -2.99625017566030431e-02
2.641593e+00  1.00968407395909399e-01  8.95303630214222268e-02 -2.83787421231342027e-02
2.654867e+00  1.03065664665449253e-01  9.04692074790418715e-02 -2.71448160487412667e-02
2.668142e+00  1.05323583146479299e-01  9.15121520394146098e-02 -2.61703923264172238e-02
2.681416e+00  1.07657931729552431e-01  9.25624309316903371e-02 -2.53257839035881914e-02
2.694690e+00  1.09966641381168989e-01  9.35049715177699581e-02 -2.44600343354105867e-02
2.707965e+00  1.12141492373133408e-01  9.42195953405734893e-02 -2.34197490672029135e-02
2.721239e+00  1.14079829658499110e-01  9.45946319282899989e-02 -2.20664297963766680e-02
2.734513e+00  1.15695259895923580e-01  9.45395386332001514e-02 -2.02917270229764635e-02
2.747788e+00  1.16926593528451694e-01  9.39953008331133877e-02 -1.80312452985123446e-02
2.761062e+00  1.17744499769597388e-01  9.29416428661480193e-02 -1.52772330231004845e-02
2.774336e+00  1.18155166988348853e-01  9.14000540811778367e-02 -1.20881434111960034e-02
2.787611e+00  1.18200102695898687e-01  8.94317119425202117e-02 -8.59068353731301353e-03
2.800885e+00  1.17951659727207753e-01  8.71301934963896046e-02 -4.97014814173381021e-03
2.814159e+00  1.17504714545683217e-01  8.46100125007589465e-02 -1.44756949179232377e-03
2.827434e+00  1.16965566869235010e-01  8.19927166296745696e-02  1.75405037483515125e-03
2.840708e+00  1.16439433558577679e-01  7.93924496108740912e-02  4.44819576525820690e-03
2.853982e+00  1.16017908196288003e-01  7.69026795287867243e-02  6.51858359270548939e-03
2.867257e+00  1.15767545470009947e-01  7.45852703031714415e-02  7.93879295732130910e-03
2.880531e+00  1.15720740057711033e-01  7.24627592734839732e-02  8.77252523914769967e-03
2.893805e+00  1.15870401059884706e-01  7.05149727333351378e-02  9.15519573355446509e-03
2.907080e+00  1.16169860437278630e-01  6.86812046718211500e-02  9.26228399221976778e-03
2.920354e+00  1.16538723503415861e-01  6.68684963204408261e-02  9.27238961069299511e-03
2.933628e+00  1.16874620205798904e-01  6.49657222969138998e-02  9.33320947093021699e-03
2.946903e+00  1.17069940426586805e-01  6.28623174595357020e-02  9.53654617951733320e-03
2.960177e+00  1.17030793528094215e-01  6.04686058023566203e-02  9.90513196002639970e-03
2.973451e+00  1.16693543725803581e-01  5.77326250451812920e-02  1.03916915282849572e-02
2.986726e+00  1.16034526025315818e-01  5.46486592027136675e-02  1.08898363487488561e-02
3.000000e+00  1.15070822881566087e-01  5.12554806274917521e-02  1.12557038768072871e-02
3.013274e+00  1.13852174218900620e-01  4.76249057758694888e-02  1.13378785622563049e-02
3.026549e+00  1.12445821604918950e-01  4.38429837825694418e-02  1.10114851336356595e-02
3.039823e+00  1.10918138009360623e-01  3.99882573077836312e-02  1.02108242102359210e-02
3.053097e+00  1.09317995203034049e-01  3.61129301234485514e-02  8.95387934434860311e-03
3.066372e+00  1.07665435719979524e-01  3.22312071485901658e-02  7.35252343141835213e-03
3.079646e+00  1.05946968345431158e-01  2.83160708627215769e-02  5.60498875395331903e-03
3.092920e+00  1.04117822942376106e-01  2.43043361162143222e-02  3.97118505894649820e-03
3.106195e+00  1.02110832520437594e-01  2.01092438501728372e-02  2.73516196630812581e-03
3.119469e+00  9.98500976804701373e-02  1.56382323148082682e-02  2.16164760567377377e-03
3.132743e+00  9.72667080439482412e-02  1.08123183295780450e-02  2.45479007959992961e-03
3.146018e+00  9.43142973175442045e-02  5.58410847482172529e-03  3.72642778587163733e-03
3.159292e+00  9.09822658595697553e-02 -4.81911107521445904e-05  5.97857423645623866e-03
3.172566e+00  8.73037999009132204e-02 -6.03403402598136351e-03  9.10158054307852286e-03
3.185841e+00  8.33565928550003415e-02 -1.22730549033109003e-02  1.28866423682471795e-02
3.199115e+00  7.92566213628565358e-02 -1.86251504346669934e-02  1.70490354572770050e-02
3.212389e+00  7.51470805989727375e-02 -2.49240667518929836e-02  2.12569760432896361e-02
3.225664e+00  7.11852463707688815e-02 -3.09908336952237455e-02  2.51610304072099472e-02
3.238938e+00  6.75309934347749080e-02 -3.66440574763805121e-02  2.84202974846777152e-02
3.252212e+00  6.43411292016324576e-02 -4.17047394478636951e-02  3.07229608254741202e-02
3.265487e+00  6.17718715546074007e-02 -4.59957725613546961e-02  3.17999720399221933e-02
3.278761e+00  5.99888775930641771e-02 -4.93388900989867735e-02  3.14323231052554344e-02
3.292035e+00  5.91822008775137187e-02 -5.15515274639487750e-02  2.94543936583370539e-02
3.305310e+00  5.95816797390582506e-02 -5.24446217918628013e-02  2.57570750869143897e-02
3.318584e+00  6.14655251345728598e-02 -5.18233960072299951e-02  2.02944809112777305e-02
3.331858e+00  6.51531083186760590e-02 -4.94954007073344568e-02  1.30972708742413489e-02
3.345133e+00  7.09742986978769419e-02 -4.52903441866834497e-02  4.29322501847975973e-03
3.358407e+00  7.92120299279631124e-02 -3.90947114500602086e-02 -5.86863742207314153e-03
3.371681e+00  9.00215330179178624e-02 -3.09013177214068277e-02 -1.69986003569340578e-02
3.384956e+00  1.03338800476532572e-01 -2.08677514868760121e-02 -2.85620430582485541e-02
3.398230e+00  1.18800009530550726e-01 -9.36889643445808738e-03 -3.99003632664905045e-02
3.411504e+00  1.35698025345228457e-01  2.97689126814636032e-03 -5.02824254548711741e-02
3.424779e+00  1.52998378949519509e-01  1.53265959405558053e-02 -5.89834414104450713e-02
3.438053e+00  1.69425416131793322e-01  2.66862713703403739e-02 -6.53782841202476261e-02
3.451327e+00  1.83611967038490087e-01  3.60354236388855248e-02 -6.90293721482824613e-02
3.464602e+00  1.94287122461349521e-01  4.24806903723082066e-02 -6.97481893047939422e-02
3.477876e+00  2.00462994707806513e-01  4.54042539109513824e-02 -6.76147975896472658e-02
3.491150e+00  2.01578537747725245e-01  4.45702515060089205e-02 -6.29506728205772165e-02
3.504425e+00  1.97568006054853890e-01  4.01622461553244325e-02 -5.62532809572277304e-02
3.517699e+00  1.88840236582010879e-01  3.27424442096826904e-02 -4.81100622973691244e-02
3.530973e+00  1.76176934229196003e-01  2.31434705456977571e-02 -3.91115015350702519e-02
3.544248e+00  1.60576814104199522e-01  1.23197408085797457e-02 -2.97789863984978878e-02
3.557522e+00  1.43082273863525372e-01  1.19221346807628316e-03 -2.05160788625264982e-02
3.570796e+00  1.24624681033970341e-01 -9.48258102140351992e-03 -1.15846293724777560e-02
3.584071e+00  1.05915674705709506e-01 -1.91968480148200608e-02 -3.10311195815973382e-03
3.597345e+00  8.73987617325038685e-02 -2.77180407600370604e-02  4.93548332244425798e-03
3.610619e+00  6.92617034498914236e-02 -3.50586341462940723e-02  1.26279013047814470e-02
3.623894e+00  5.14988725650562668e-02 -4.14008142691871875e-02  2.01098629620134126e-02
3.637168e+00  3.40047706747764536e-02 -4.69957514050185557e-02  2.74966616406615225e-02
3.650442e+00  1.66746991164690925e-02 -5.20628010862662152e-02  3.48260952316662500e-02
3.663717e+00 -5.12532665945733459e-04 -5.67146413793912299e-02  4.20181436447528561e-02
3.676991e+00 -1.74496284153144721e-02 -6.09266738570477320e-02  4.88645182103328510e-02
3.690265e+00 -3.39021740840354108e-02 -6.45552606321063704e-02  5.50536648868073381e-02
3.703540e+00 -4.95516115522656869e-02 -6.73952467934198635e-02  6.02258668659433755e-02
3.716814e+00 -6.40630525880434426e-02 -6.92561933938443813e-02  6.40433161253122774e-02
3.730088e+00 -7.71543583700173841e-02 -7.00316960871782135e-02  6.62549733826277021e-02
3.743363e+00 -8.86452723819059346e-02 -6.97405619593961107e-02  6.67383363399351864e-02
3.756637e+00 -9.84761668655400602e-02 -6.85308248734682185e-02  6.55098251646461099e-02
3.769912e+00 -1.06698672610533604e-01 -6.66504949079709530e-02  6.27078193328097777e-02
3.783186e+00 -1.13449402707909125e-01 -6.43979410695503518e-02  5.85615234550550603e-02
3.796460e+00 -1.18921443174007199e-01 -6.20692616114454296e-02  5.33613760080087693e-02
3.809735e+00 -1.23345532336219810e-01 -5.99183203307521173e-02  4.74418665471697809e-02
3.823009e+00 -1.26984488679326130e-01 -5.81369147581239643e-02  4.11775084445901787e-02
3.836283e+00 -1.30135227736254327e-01 -5.68528557619346342e-02  3.49829229864779059e-02
3.849558e+00 -1.33127946464431796e-01 -5.61380677806842462e-02  2.93041382955127327e-02
3.862832e+00 -1.36312789568303117e-01 -5.60177839088913804e-02  2.45918007231394273e-02
3.876106e+00 -1.40029459037579573e-01 -5.64746695517573880e-02  2.12559238321425106e-02
3.889381e+00 -1.44563661076219929e-01 -5.74477069604567570e-02  1.96120291044082837e-02
3.902655e+00 -1.50102204400813927e-01 -5.88311679288836542e-02  1.98348564201182784e-02
3.915929e+00 -1.56700896820286595e-01 -6.04795716500290542e-02  2.19348454066688701e-02
3.929204e+00 -1.64275313963049452e-01 -6.22209555935574754e-02  2.57653745129247658e-02
3.942478e+00 -1.72616855891934234e-01 -6.38764185776308779e-02  3.10587832060673120e-02
3.955752e+00 -1.81427813258597886e-01 -6.52798354485926713e-02  3.74799678696581609e-02
3.969027e+00 -1.90362764406092067e-01 -6.62894349869462690e-02  4.46813781196684773e-02
3.982301e+00 -1.99063531160591389e-01 -6.67854801701385226e-02  5.23445720439300738e-02
3.995575e+00 -2.07180739084404958e-01 -6.66545759410109018e-02  6.01995701776631420e-02
4.008850e+00 -2.14382109598108106e-01 -6.57667945856047209e-02  6.80211249848469146e-02
4.022124e+00 -2.20352957472067290e-01 -6.39551373398602602e-02  7.56085731174257342e-02
4.035398e+00 -2.24796953364334057e-01 -6.10075826258615131e-02  8.27606982352290382e-02
4.048673e+00 -2.27443498327359384e-01 -5.66781211767831902e-02  8.92569400896195408e-02
4.061947e+00 -2.28063038064481999e-01 -5.07156511956543335e-02  9.48522554865477568e-02
4.075221e+00 -2.26487704283951485e-01 -4.29038351307634847e-02  9.92873252244349663e-02
4.088496e+00 -2.22633666548972431e-01 -3.31035644704553642e-02  1.02310162688971723e-01
4.101770e+00 -2.16521713921160097e-01 -2.12904702735034999e-02  1.03701761502618284e-01
4.115044e+00 -2.08293177946979408e-01 -7.58209088701731343e-03  1.03299493542389931e-01
4.128319e+00 -1.98219205120417852e-01  7.74755966952964895e-03  1.01016235965849036e-01
4.141593e+00 -1.86700791817409339e-01  2.42672294930936054e-02  9.68570735738577271e-02
4.154867e+00 -1.74255414191055530e-01  4.14040682721298625e-02  9.09367390581083679e-02
4.168142e+00 -1.61486980953269216e-01  5.84778730618528836e-02  8.34985071369072768e-02
4.181416e+00 -1.49039658440527772e-01  7.47529040040574161e-02  7.49289550237636909e-02
4.194690e+00 -1.37540415663408272e-01  8.95029849095839158e-02  6.57567764194177534e-02
4.207965e+00 -1.27539239880675559e-01  1.02082394240294000e-01  5.66232648454964987e-02
4.221239e+00 -1.19458773049168021e-01  1.11991462479511916e-01  4.82187747166693756e-02
4.234513e+00 -1.13563422816959123e-01  1.18925239929735971e-01  4.11912482074233213e-02
4.247788e+00 -1.09952268388904789e-01  1.22797146663515697e-01  3.60458137055525013e-02
4.261062e+00 -1.08574436061988411e-01  1.23733777136172840e-01  3.30621071398856659e-02
4.274336e+00 -1.09261038908522776e-01  1.22041935289836076e-01  3.22528123706698339e-02
4.287611e+00 -1.11763654347517394e-01  1.18156383823235414e-01  3.33741695335748600e-02
4.300885e+00 -1.15788186996561210e-01  1.12582842970937291e-01  3.59831399474922695e-02
4.314159e+00 -1.21015998489509280e-01  1.05850859880942824e-01  3.95225793529747349e-02
4.327434e+00 -1.27108864445715702e-01  9.84864129683403478e-02  4.34100690663139846e-02
4.340708e+00 -1.33700225891007912e-01  9.10058859825953331e-02  4.71102725370440359e-02
4.353982e+00 -1.40382642279456848e-01  8.39220441109420900e-02  5.01811792035798329e-02
4.367257e+00 -1.46705697376523364e-01  7.77452155972383069e-02  5.22949516822657501e-02
4.380531e+00 -1.52195812537547381e-01  7.29653074425966192e-02  5.32408694458820775e-02
4.393805e+00 -1.56401481839533174e-01  7.00100792475073092e-02  5.29198110222620227e-02
4.407080e+00 -1.58956728343971510e-01  6.91871860665292937e-02  5.13363330751961805e-02
4.420354e+00 -1.59644086129754337e-01  7.06289645728572918e-02  4.85885334557023402e-02
4.433628e+00 -1.58433110061603405e-01  7.42635942894998430e-02  4.48521220506978985e-02
4.446903e+00 -1.55476751175201461e-01  7.98288465130427699e-02  4.03549541700397724e-02
4.460177e+00 -1.51061855134292766e-01  8.69297318527876423e-02  3.53412528091701858e-02
4.473451e+00 -1.45525160538507503e-01  9.51266531625595824e-02  3.00307056326975519e-02
4.486726e+00 -1.39158967781302739e-01  1.04029312581077629e-01  2.45837380651885602e-02
4.500000e+00 -1.32135473538029236e-01  1.13367753605334451e-01  1.90855090910588936e-02
4.513274e+00 -1.24471890152383940e-01  1.23019563104984464e-01  1.35560583826181708e-02
4.526549e+00 -1.16045301778903251e-01  1.32986913207765178e-01  7.98499044532681272e-03
4.539823e+00 -1.06653128630305780e-01  1.43331387554279183e-01  2.37924952071345147e-03
4.553097e+00 -9.61029905274795732e-02  1.54086181888889728e-01 -3.19366602483858947e-03
4.566372e+00 -8.43076087192376061e-02  1.65171556856053225e-01 -8.58306387238569855e-03
4.579646e+00 -7.13603445476185955e-02  1.76336440215522389e-01 -1.35607669491980415e-02
4.592920e+00 -5.75723309776640241e-02  1.87139927688093982e-01 -1.78534295883459350e-02
4.606195e+00 -4.34595359725327562e-02  1.96976695043321687e-01 -2.11922432412963678e-02
4.619469e+00 -2.96794695320332022e-02  2.05140166260269818e-01 -2.33665560367636582e-02
4.632743e+00 -1.69305501825458560e-02  2.10907880349361865e-01 -2.42679116305268838e-02
4.646018e+00 -5.83563649102888330e-03  2.13629481918636482e-01 -2.39143744905386188e-02
4.659292e+00  3.16571442482570242e-03  2.12798771363658518e-01 -2.24496975421938118e-02
4.672566e+00  9.89238285195693200e-03  2.08094755382205704e-01 -2.01176636105668966e-02
4.685841e+00  1.44477565791353343e-02  1.99384895772668158e-01 -1.72183636722347821e-02
4.699115e+00  1.71930662818597854e-02  1.86696304129071539e-01 -1.40573858655314386e-02
4.712389e+00  1.86752700264136429e-02  1.70170774082711806e-01 -1.08992739478199468e-02
4.725664e+00  1.95248224065720129e-02  1.50024196394634851e-01 -7.93476881881952957e-03
4.738938e+00  2.03455554357947037e-02  1.26530527577969010e-01 -5.26840383446705064e-03
4.752212e+00  2.16200585912965926e-02  1.00042396867640077e-01 -2.92860688359907612e-03
4.765487e+00  2.36476650869498067e-02  7.10452255543534694e-02 -8.97023707617315160e-04
4.778761e+00  2.65239225981456460e-02  4.02268392464117247e-02  8.51697901237334328e-04
4.792035e+00  3.01615478684345399e-02  8.53452294476049304e-03  2.31275257380825043e-03
4.805310e+00  3.43426771841955011e-02 -2.28125176905362749e-02  3.42989865071662405e-03
4.818584e+00  3.87868729653693747e-02 -5.23806895807183981e-02  4.09697621495449561e-03
4.831858e+00  4.32211864590646075e-02 -7.86564459037270292e-02  4.17942986394355571e-03
4.845133e+00  4.74407389543570202e-02 -1.00241509750981603e-01  3.54601608072156954e-03
4.858407e+00  5.13490922459234542e-02 -1.16071973077580770e-01  2.09947649070497304e-03
4.871681e+00  5.49713680770102520e-02 -1.25610019405110684e-01 -2.01640815170564189e-04
4.884956e+00  5.84381526190439135e-02 -1.28956556987470911e-01 -3.33240013362839970e-03
4.898230e+00  6.19431756929687619e-02 -1.26849808412601323e-01 -7.20097996173323443e-03
4.911504e+00  6.56855611645107279e-02 -1.20542186518826755e-01 -1.16570626115802198e-02
4.924779e+00  6.98139743349268649e-02 -1.11578096673161931e-01 -1.65084702426075529e-02
4.938053e+00  7.43876767082266160e-02 -1.01523006466704396e-01 -2.15440006028348625e-02
4.951327e+00  7.93618343759254080e-02 -9.17093732220317093e-02 -2.65585876142019409e-02
4.964602e+00  8.45976556089848980e-02 -8.30604036000806845e-02 -3.13763548601722966e-02
4.977876e+00  8.98909067550744817e-02 -7.60307555581408584e-02 -3.58673533410281062e-02
4.991150e+00  9.50068370128272638e-02 -7.06699926580632437e-02 -3.99547391749951533e-02
5.004425e+00  9.97103970962483488e-02 -6.67771940108404932e-02 -4.36110157443891922e-02
5.017699e+00  1.03784652075887190e-01 -6.40879824730769543e-02 -4.68437943260758063e-02
5.030973e+00  1.07034175043203728e-01 -6.24306342032076994e-02 -4.96737564862787667e-02
5.044248e+00  1.09277523142487634e-01 -6.18049971165386194e-02 -5.21112759168726042e-02
5.057522e+00  1.10340513166869242e-01 -6.23690119872955875e-02 -5.41409027897786777e-02
5.070796e+00  1.10061055227088450e-01 -6.43529426599766252e-02 -5.57208151047045783e-02
5.084071e+00  1.08308634229568365e-01 -6.79459218700322054e-02 -5.67982728416977917e-02
5.097345e+00  1.05014236173147937e-01 -7.32020399174469066e-02 -5.73356813617870303e-02
5.110619e+00  1.00200674132107356e-01 -7.99973609361579185e-02 -5.73373312738733598e-02
5.123894e+00  9.40016505211908743e-02 -8.80447403363241871e-02 -5.68662276525324153e-02
5.137168e+00  8.66637318564524167e-02 -9.69491514860315318e-02 -5.60446005909606693e-02
5.150442e+00  7.85316671566839708e-02 -1.06273568992003131e-01 -5.50378112971595043e-02
5.163717e+00  7.00182354274923729e-02 -1.15590388215844539e-01 -5.40261755193656573e-02
5.176991e+00  6.15609294234227208e-02 -1.24508586778723840e-01 -5.31726792784098859e-02
5.190265e+00  5.35721368884034543e-02 -1.32681649461355994e-01 -5.25962521173775482e-02
5.203540e+00  4.63921657333390552e-02 -1.39810018656830626e-01 -5.23581918478589620e-02
5.216814e+00  4.02552175263496612e-02 -1.45649976889821869e-01 -5.24641577471831599e-02
5.230088e+00  3.52776005909212487e-02 -1.50029156068601177e-01 -5.28785608965852902e-02
5.243363e+00  3.14706320331771400e-02 -1.52858177508718301e-01 -5.35436207511935797e-02
5.256637e+00  2.87710821720334048e-02 -1.54126948211630282e-01 -5.43937543577128896e-02
5.269912e+00  2.70784928717685697e-02 -1.53881450287684352e-01 -5.53594896509002343e-02
5.283186e+00  2.62895607521218752e-02 -1.52188709873981948e-01 -5.63616926067107074e-02
5.296460e+00  2.63201927517620130e-02 -1.49108440956674360e-01 -5.73021540893378853e-02
5.309735e+00  2.71089885744059400e-02 -1.44689952056640009e-01 -5.80588673018020140e-02
5.323009e+00  2.86019617329507439e-02 -1.39000295123828888e-01 -5.84931657761232904e-02
5.336283e+00  3.07228671065513000e-02 -1.32173814750958879e-01 -5.84705569914897375e-02
5.349558e+00  3.33385654034182577e-02 -1.24461918803262142e-01 -5.78902263308575665e-02
5.362832e+00  3.62345079114547719e-02 -1.16258332534756051e-01 -5.67141711908542359e-02
5.376106e+00  3.91134263401988619e-02 -1.08083113571009429e-01 -5.49864500021219962e-02
5.389381e+00  4.16203991828803660e-02 -1.00525227351261459e-01 -5.28350764657264729e-02
5.402655e+00  4.33886653841056638e-02 -9.41579124128056472e-02 -5.04540331773970438e-02
5.415929e+00  4.40949268470298625e-02 -8.94485354335689264e-02 -4.80692223219889372e-02
5.429204e+00  4.35096786911581754e-02 -8.66858517959950836e-02 -4.58964219447559954e-02
5.442478e+00  4.15312129029330318e-02 -8.59411539290768772e-02 -4.41007814097822276e-02
5.455752e+00  3.81985724564941412e-02 -8.70683797421920730e-02 -4.27670447396394995e-02
5.469027e+00  3.36819140640824966e-02 -8.97393434415478392e-02 -4.18866729530551554e-02
5.482301e+00  2.82517221253213366e-02 -9.35047993706013963e-02 -4.13626843858954651e-02
5.495575e+00  2.22347605576821809e-02 -9.78675752762206835e-02 -4.10286146489597728e-02
5.508850e+00  1.59681208737275232e-02 -1.02353044699403470e-01 -4.06760332838448230e-02
5.522124e+00  9.76073328672468973e-03 -1.06564976539222242e-01 -4.00844517479943124e-02
5.535398e+00  3.86855351222385908e-03 -1.10217501983334312e-01 -3.90483393625936578e-02
5.548673e+00 -1.51559173843644128e-03 -1.13138292341236651e-01 -3.73984525810155746e-02
5.561947e+00 -6.26312496855991989e-03 -1.15246159648335469e-01 -3.50164929963286617e-02
5.575221e+00 -1.03077945814979855e-02 -1.16512996607425590e-01 -3.18422990415502608e-02
5.588496e+00 -1.36417018020731778e-02 -1.16922337638716026e-01 -2.78734950864774830e-02
5.601770e+00 -1.63082921037254261e-02 -1.16436831458773413e-01 -2.31592841688853558e-02
5.615044e+00 -1.83917930946251550e-02 -1.14982923019195063e-01 -1.77909772907483589e-02
5.628319e+00 -2.00022511154176567e-02 -1.12453311666205535e-01 -1.18917421891923010e-02
5.641593e+00 -2.12572480601734802e-02 -1.08723243653759030e-01 -5.60766839500049293e-03
5.654867e+00 -2.22640190731257584e-02 -1.03676870671475629e-01  8.99266320786802523e-04
5.668142e+00 -2.31043690584359016e-02 -9.72396470171902338e-02  7.45786047491037857e-03
5.681416e+00 -2.38236528309412506e-02 -8.94117411987691846e-02  1.38957237754423757e-02
5.694690e+00 -2.44269634122202851e-02 -8.02964996921893548e-02  2.00488814721305857e-02
5.707965e+00 -2.48845034982593249e-02 -7.01149913595352919e-02  2.57720860639029312e-02
5.721239e+00 -2.51438210132470599e-02 -5.91965435780942920e-02  3.09483918361080947e-02
5.734513e+00 -2.51452887952148922e-02 -4.79417498617417254e-02  3.54961175448675822e-02
5.747788e+00 -2.48375015072397759e-02 -3.67647354867824266e-02  3.93722114355283120e-02
5.761062e+00 -2.41889248444601100e-02 -2.60295683282121965e-02  4.25722904406043989e-02
5.774336e+00 -2.31944862016743893e-02 -1.60000972644857957e-02  4.51273102039424778e-02
5.787611e+00 -2.18784200252985887e-02 -6.81901254389752787e-03  4.70965683370012725e-02
5.800885e+00 -2.02928851587986028e-02  1.48071131049174148e-03  4.85582333132747734e-02
5.814159e+00 -1.85106055798217040e-02  8.94130198674888445e-03  4.95996801534518070e-02
5.827434e+00 -1.66127302048634413e-02  1.56375096840750231e-02  5.03093906677401781e-02
5.840708e+00 -1.46751553743643473e-02  2.16411618701362607e-02  5.07713897403196043e-02
5.853982e+00 -1.27567247039209238e-02  2.70032086074837863e-02  5.10619027636252804e-02
5.867257e+00 -1.08935317472582411e-02  3.17532890083853450e-02  5.12462745265887601e-02
5.880531e+00 -9.10170207294705436e-03  3.59095566020888948e-02  5.13749081441853273e-02
5.893805e+00 -7.38652983077288383e-03  3.94903832888712850e-02  5.14796437056533329e-02
5.907080e+00 -5.75452737067903494e-03  4.25207180232754084e-02  5.15727066762931841e-02
5.920354e+00 -4.22522643325522022e-03  4.50300072986924982e-02  5.16489345755025350e-02
5.933628e+00 -2.83753741203736148e-03  4.70456388629197711e-02  5.16907642597567857e-02
5.946903e+00 -1.64589357524201944e-03  4.85887732824446320e-02  5.16742730399836481e-02
5.960177e+00 -7.06376083280543690e-04  4.96767830742275499e-02  5.15739043474614592e-02
5.973451e+00 -5.71103993663546841e-05  5.03334122921144031e-02  5.13651358119622120e-02
5.986726e+00  3.00439810782002898e-04  5.06037364849009769e-02  5.10261720905601374e-02
6.000000e+00  4.11465398133855221e-04  5.05662329133435354e-02  5.05390290624898250e-02
6.013274e+00  3.65267877295824268e-04  5.03349203147940363e-02  4.98893260031520042e-02
6.026549e+00  2.82997494768367391e-04  5.00499123424030176e-02  4.90647913013068163e-02
6.039823e+00  3.00108562043124220e-04  4.98586065528517641e-02  4.80531989518578201e-02
6.053097e+00  5.46487115259179385e-04  4.98927404663497970e-02  4.68406337910240445e-02
6.066372e+00  1.12742675911814980e-03  5.02491072357448207e-02  4.54113529540886851e-02
6.079646e+00  2.10826391618277459e-03  5.09791089982424353e-02  4.37496982676759891e-02
6.092920e+00  3.50461407080456932e-03  5.20868892623671739e-02  4.18425926708895848e-02
6.106195e+00  5.28105395144613278e-03  5.35338510921734428e-02  3.96809587159605848e-02
6.119469e+00  7.35943721759767418e-03  5.52470241771016793e-02  3.72599737807550180e-02
6.132743e+00  9.63301892112164264e-03  5.71280926530626509e-02  3.45790056932697432e-02
6.146018e+00  1.19814758627161833e-02  5.90621741969888300e-02  3.16421650878432811e-02
6.159292e+00  1.42847258363482821e-02  6.09279933581522298e-02  2.84600196053286028e-02
6.172566e+00  1.64344006552201438e-02  6.26094273578963606e-02  2.50514989590956624e-02
6.185841e+00  1.83422482448969970e-02  6.40064472129818762e-02  2.14438773845863177e-02
6.199115e+00  1.99455688412467913e-02  6.50437436256724177e-02  1.76699485924861621e-02
6.212389e+00  2.12078832613506914e-02  6.56746371752338631e-02  1.37635657683204665e-02
6.225664e+00  2.21125122537440995e-02  6.58782900204603061e-02  9.75540391310138026e-03
6.238938e+00  2.26517795922769397e-02  6.56523475959614883e-02  5.67043493564115767e-03
6.252212e+00  2.28180067561923466e-02  6.50054489137364272e-02  1.52772785709073670e-03
6.265487e+00  2.26001047089365893e-02  6.39522748880441277e-02 -2.65799269297765234e-03
6.278761e+00  2.19865647196733974e-02  6.25123983804118655e-02 -6.87385719789538555e-03
6.292035e+00  2.09729615476943777e-02  6.07126962270414863e-02 -1.11054697937461415e-02
6.305310e+00  1.95690960076641204e-02  5.85901014067975665e-02 -1.53325381694419411e-02
6.318584e+00  1.78026295698328861e-02  5.61917080648985101e-02 -1.95244136846490016e-02
6.331858e+00  1.57207281498814022e-02  5.35726690706214703e-02 -2.36373791835793566e-02
6.345133e+00  1.33908192928351780e-02  5.07932501224802255e-02 -2.76155022650765476e-02
6.358407e+00  1.08984608899610532e-02  4.79157611172079390e-02 -3.13954583876773913e-02
6.371681e+00  8.34077441547680792e-03  4.50026301098077688e-02 -3.49135059115877333e-02
6.384956e+00  5.81564586816085433e-03  4.21157226379932498e-02 -3.81118466443536447e-02
6.398230e+00  3.40865061320309642e-03  3.93149224423030852e-02 -4.09428488569820170e-02
6.411504e+00  1.18278006930143116e-03  3.66552330704150581e-02 -4.33713824347107813e-02
6.424779e+00 -8.24609741736966897e-04  3.41834106875692281e-02 -4.53762293145740653e-02
6.438053e+00 -2.59922976908899322e-03  3.19341119498195367e-02 -4.69511395604658502e-02
6.451327e+00 -4.14612960248416252e-03  2.99251727525504489e-02 -4.81051472595153476e-02
6.464602e+00 -5.48658698276185183e-03  2.81526729744198678e-02 -4.88611773294753277e-02
6.477876e+00 -6.65510023744697587e-03  2.65863420161225952e-02 -4.92525859608881275e-02
6.491150e+00 -7.69492356949143686e-03  2.51666763157392809e-02 -4.93185666740570960e-02
6.504425e+00 -8.65049083148413875e-03  2.38073142691025905e-02 -4.90999891891467435e-02
6.517699e+00 -9.55855648513941232e-03  2.24051788892201710e-02 -4.86365790002562665e-02
6.530973e+00 -1.04427690959484534e-02  2.08571354186913721e-02 -4.79650781747485780e-02
6.544248e+00 -1.13132538418379645e-02  1.90795132583979343e-02 -4.71175942209782206e-02
6.557522e+00 -1.21687543104278800e-02  1.70252903419077437e-02 -4.61200850758521699e-02
6.570796e+00 -1.29991109548421684e-02  1.46932184200789361e-02 -4.49916217691016668e-02
6.584071e+00 -1.37873907022799183e-02  1.21263326980421918e-02 -4.37450464007303891e-02
6.597345e+00 -1.45124610628492023e-02  9.40147672410862438e-03 -4.23891048667975334e-02
6.610619e+00 -1.51541811785697467e-02  6.61301139679036556e-03 -4.09310256083052146e-02
6.623894e+00 -1.57010965455493118e-02  3.85466635507909685e-03 -3.93778179394290231e-02
6.637168e+00 -1.61563705944499890e-02  1.20404709659353674e-03 -3.77357220027674314e-02
6.650442e+00 -1.65383565509860872e-02 -1.28737078667513446e-03 -3.60089190346768590e-02
6.663717e+00 -1.68764126631774924e-02 -3.59773452043260630e-03 -3.41987493387620259e-02
6.676991e+00 -1.72047586156110488e-02 -5.73127294169604659e-03 -3.23040692970478424e-02
6.690265e+00 -1.75571900450015826e-02 -7.70913920751052899e-03 -3.03227517274537520e-02
6.703540e+00 -1.79638427054492275e-02 -9.55844730063052511e-03 -2.82532561047885399e-02
6.716814e+00 -1.84482129551455723e-02 -1.13029190260200557e-02 -2.60951365652288651e-02
6.730088e+00 -1.90225826257853087e-02 -1.29571014082121953e-02 -2.38489372402497617e-02
6.743363e+00 -1.96836335167916432e-02 -1.45250899801748767e-02 -2.15164476169907026e-02
6.756637e+00 -2.04116149362507104e-02 -1.60026220104327738e-02 -1.91013136770614121e-02
6.769912e+00 -2.11742829001272462e-02 -1.73800952166994482e-02 -1.66097763706625767e-02
6.783186e+00 -2.19341907660462396e-02 -1.86453924807936031e-02 -1.40512663709445092e-02
6.796460e+00 -2.26559286218745402e-02 -1.97864112050468825e-02 -1.14380709970306454e-02
6.809735e+00 -2.33098986099860676e-02 -2.07929203193942605e-02 -8.78415362410464411e-03
6.823009e+00 -2.38723754582239149e-02 -2.16578390408702706e-02 -6.10431047657669472e-03
6.836283e+00 -2.43241811502674411e-02 -2.23780748993861155e-02 -3.41384152602088866e-03
6.849558e+00 -2.46494901499719581e-02 -2.29539994143706863e-02 -7.28060403792444026e-04
6.862832e+00 -2.48348728766644329e-02 -2.33871724157441382e-02  1.93829630632796619e-03
6.876106e+00 -2.48682433644698553e-02 -2.36774951538776014e-02  4.57174598307849914e-03
6.889381e+00 -2.47372856292804970e-02 -2.38210666223427521e-02  7.16102490657595254e-03
6.902655e+00 -2.44281548166655690e-02 -2.38097892285219805e-02  9.69737275026472632e-03
6.915929e+00 -2.39264477944694937e-02 -2.36335799685808944e-02  1.21732604926029150e-02
6.929204e+00 -2.32208699280462283e-02 -2.32843024450960015e-02  1.45804187443028966e-02
6.942478e+00 -2.23078147795552940e-02 -2.27593134289982985e-02  1.69081716185216016e-02
6.955752e+00 -2.11947746061835161e-02 -2.20636783939204828e-02  1.91424481846845657e-02
6.969027e+00 -1.99009355094489117e-02 -2.12110700651802139e-02  2.12661476616346871e-02
6.982301e+00 -1.84547449209579995e-02 -2.02233623148558340e-02  2.32607253939212735e-02
6.995575e+00 -1.68906084083384686e-02 -1.91294808790416701e-02  2.51075314099275040e-02
7.008850e+00 -1.52465319687137679e-02 -1.79638431699031820e-02  2.67883626672660025e-02
7.022124e+00 -1.35619702873145103e-02 -1.67635963701951371e-02  2.82860106983680686e-02
7.035398e+00 -1.18748676060143419e-02 -1.55645540187893516e-02  2.95852753648921628e-02
7.048673e+00 -1.02180607979763458e-02 -1.43971704545744345e-02  3.06746077709624046e-02
7.061947e+00 -8.61564414934645403e-03 -1.32835452999882832e-02  3.15480556304735468e-02
7.075221e+00 -7.08101990206215504e-03 -1.22358760009530255e-02  3.22059666821576038e-02
7.088496e+00 -5.61844718627973767e-03 -1.12567736196129021e-02  3.26535150277297223e-02
7.101770e+00 -4.22680763221010627e-03 -1.03409854554001885e-02  3.28982787941363222e-02
7.115044e+00 -2.90277084336985902e-03 -9.47768550325683162e-03  3.29484892682272434e-02
7.128319e+00 -1.64269051498313842e-03 -8.65345681723421294e-03  3.28125137193192931e-02
7.141593e+00 -4.43634932627907941e-04 -7.85591237170048078e-03  3.24992722399313205e-02
7.154867e+00  6.96289179063958757e-04 -7.07684230435096182e-03  3.20184488082132998e-02
7.168142e+00  1.77731945760905554e-03 -6.31408964338285843e-03  3.13797788804672656e-02
7.181416e+00  2.79693877723192173e-03 -5.57181382577442378e-03  3.05926370343702972e-02
7.194690e+00  3.75011182097660396e-03 -4.85872088120658293e-03  2.96673199668586289e-02
7.207965e+00  4.63130646063787503e-03 -4.18495572277746176e-03  2.86172464765450038e-02
7.221239e+00  5.43663527727820343e-03 -3.55929431438392662e-03  2.74600016074674456e-02
7.234513e+00  6.16542339624277184e-03 -2.98724722878982146e-03  2.62158211652163790e-02
7.247788e+00  6.82101758545665664e-03 -2.46997997248453362e-03  2.49039308205396583e-02
7.261062e+00  7.41000545804013002e-03 -2.00433691602605428e-03  2.35391302942690728e-02
7.274336e+00  7.94061099525285308e-03 -1.58376601185171158e-03  2.21309004690548108e-02
7.287611e+00  8.42197677079893799e-03 -1.19951607500642476e-03  2.06848193947410490e-02
7.300885e+00  8.86391007456918852e-03 -8.42122777054654073e-04  1.92043097010840616e-02
7.314159e+00  9.27604425120812266e-03 -5.02960353573687360e-04  1.76912526824534802e-02
7.327434e+00  9.66674286234038560e-03 -1.74986241156881189e-04  1.61456927282415293e-02
7.340708e+00  1.00417791878270116e-02  1.47287111753876160e-04  1.45662414835026552e-02
7.353982e+00  1.04027956425816106e-02  4.67890878342955274e-04  1.29521313825947532e-02
7.367257e+00  1.07469513399693090e-02  7.89605828930803203e-04  1.13056247435019009e-02
7.380531e+00  1.10682793836163144e-02  1.11432746620267263e-03  9.63288716020832374e-03
7.393805e+00  1.13593404455574632e-02  1.44317460815461280e-03  7.94297556281237452e-03
7.407080e+00  1.16124080949084902e-02  1.77651247456883524e-03  6.24595991589676700e-03
7.420354e+00  1.18202578762276345e-02  2.11417833701572824e-03  4.55174242253799082e-03
7.433628e+00  1.19763054864060973e-02  2.45540690912690813e-03  2.87038577716608109e-03
7.446903e+00  1.20747250940029405e-02  2.79822017280505512e-03  1.21255782014155662e-03
7.460177e+00  1.21115055933064073e-02  3.13872820084753514e-03 -4.11775731036549838e-04
7.473451e+00  1.20854793001424383e-02  3.47050957786784048e-03 -1.99578153787601919e-03
7.486726e+00  1.19978778132279144e-02  3.78425016030607426e-03 -3.53707607722186009e-03
7.500000e+00  1.18506457388389969e-02  4.06818762135262996e-03 -5.03657954154272322e-03
7.513274e+00  1.16444377425457338e-02  4.30933421324204789e-03 -6.49507523001728506e-03
7.526549e+00  1.13773990993312167e-02  4.49497622689682980e-03 -7.90942277055025830e-03
7.539823e+00  1.10459472956635166e-02  4.61431150257360281e-03 -9.27115433921767498e-03
7.553097e+00  1.06469571991931276e-02  4.65991039996463928e-03 -1.05680053270509888e-02
7.566372e+00  1.01792074849557466e-02  4.62830871215170851e-03 -1.17865161727558031e-02
7.579646e+00  9.64345997381539644e-03  4.51962353745393938e-03 -1.29142088395736623e-02
7.592920e+00  9.04221562147108394e-03  4.33656705996633089e-03 -1.39410420642535338e-02
7.606195e+00  8.37997121876160947e-03  4.08313800544133580e-03 -1.48603674035734899e-02
7.619469e+00  7.66434928496622508e-03  3.76356359380845221e-03 -1.56698911832223869e-02
7.632743e+00  6.90750007346002670e-03  3.38216537233190133e-03 -1.63722392851144115e-02
7.646018e+00  6.12582854996743253e-03  2.94411187666979157e-03 -1.69735977014292584e-02
7.659292e+00  5.33726394298565752e-03  2.45659537600208385e-03 -1.74803018489691694e-02
7.672566e+00  4.55791673268594703e-03  1.92996786748790171e-03 -1.78954808853369930e-02
7.685841e+00  3.80016137969951427e-03  1.37813635214781294e-03 -1.82178536439858811e-02
7.699115e+00  3.07257551328129564e-03  8.17695056810858003e-04 -1.84433389806783650e-02
7.712389e+00  2.38102491660152149e-03  2.66021992177186621e-04 -1.85684367335903003e-02
7.725664e+00  1.72944891217001700e-03 -2.61041929776167675e-04 -1.85929110340967221e-02
7.738938e+00  1.11941318583242831e-03 -7.51229186842658383e-04 -1.85201276059468629e-02
7.752212e+00  5.49584744957926389e-04 -1.19687478264874150e-03 -1.83557933416138713e-02
7.765487e+00  1.68620747369651641e-05 -1.59468619770542354e-03 -1.81065692566351640e-02
7.778761e+00 -4.81192933387621612e-04 -1.94460499134920146e-03 -1.77791686290815487e-02
7.792035e+00 -9.44604456367394325e-04 -2.24834912704858234e-03 -1.73799075717717272e-02
7.805310e+00 -1.37132907120368738e-03 -2.50834458264451903e-03 -1.69142167122281022e-02
7.818584e+00 -1.75943998757810221e-03 -2.72744945073495441e-03 -1.63859017120255995e-02
7.831858e+00 -2.10930853373024127e-03 -2.90908045052163614e-03 -1.57970709387922972e-02
7.845133e+00 -2.42384561965931474e-03 -3.05716851505035466e-03 -1.51493819001061632e-02
7.858407e+00 -2.70688072156683888e-03 -3.17581207800283170e-03 -1.44455978711046391e-02
7.871681e+00 -2.96171152443826984e-03 -3.26867445844703257e-03 -1.36900519067444451e-02
7.884956e+00 -3.19138120192399843e-03 -3.33840444822009526e-03 -1.28876231721044964e-02
7.898230e+00 -3.40008201788967067e-03 -3.38659777052463962e-03 -1.20419667502535532e-02
7.911504e+00 -3.59375034022462207e-03 -3.41424454458005107e-03 -1.11546881090810596e-02
7.924779e+00 -3.77873178557020656e-03 -3.42212872423754795e-03 -1.02266692893324372e-02
7.938053e+00 -3.95943347062420372e-03 -3.41116067706052298e-03 -9.26063780534778190e-03
7.951327e+00 -4.13701280162153372e-03 -3.38292584044239814e-03 -8.26304091508063034e-03
7.964602e+00 -4.31022220202905738e-03 -3.34043334687445957e-03 -7.24423270984156636e-03
7.977876e+00 -4.47741958448739496e-03 -3.28895303340695803e-03 -6.21702984150335376e-03
7.991150e+00 -4.63759457221336012e-03 -3.23646820456367041e-03 -5.19435512024276312e-03
8.004425e+00 -4.78950930026351800e-03 -3.19279259395546669e-03 -4.18698287216101150e-03
8.017699e+00 -4.93041486017531741e-03 -3.16718791694574949e-03 -3.20174733335726802e-03
8.030973e+00 -5.05634317752423103e-03 -3.16556649934222716e-03 -2.24021977662120734e-03
8.044248e+00 -5.16418069959749277e-03 -3.18845126576600222e-03 -1.29868079151728376e-03
8.057522e+00 -5.25386223349712418e-03 -3.23043712174330127e-03 -3.70260808315754360e-04
8.070796e+00 -5.32870430812061244e-03 -3.28142452613034439e-03  5.51258149991206846e-04
8.084071e+00 -5.39327636442955925e-03 -3.32895118560836648e-03  1.46753743563912491e-03
8.097345e+00 -5.45038899781280593e-03 -3.36058433706144712e-03  2.37354169383941199e-03
8.110619e+00 -5.49950393586255866e-03 -3.36601095644580928e-03  3.25861145155492433e-03
8.123894e+00 -5.53712232824612929e-03 -3.33867068797133373e-03  4.11022932971416999e-03
8.137168e+00 -5.55782032772012425e-03 -3.27645148044913284e-03  4.91798228321763380e-03
8.150442e+00 -5.55469958920489469e-03 -3.18120686150543839e-03  5.67569343410810178e-03
8.163717e+00 -5.51931917436613174e-03 -3.05725865504166867e-03  6.38148501138131614e-03
8.176991e+00 -5.44217059354951561e-03 -2.90936090728340091e-03  7.03640804886781525e-03
8.190265e+00 -5.31458253912143932e-03 -2.74113173661049781e-03  7.64250516855736160e-03
8.203540e+00 -5.13146797587873786e-03 -2.55477123087217333e-03  8.20113819325880671e-03
8.216814e+00 -4.89309129872905584e-03 -2.35179046294154521e-03  8.71170547020740614e-03
8.230088e+00 -4.60465471795543438e-03 -2.13397027286659326e-03  9.17053129443356346e-03
8.243363e+00 -4.27428962926767672e-03 -1.90398095199386524e-03  9.57052941883301811e-03
8.256637e+00 -3.91124204058975345e-03 -1.66531199052943131e-03  9.90261970087672784e-03
8.269912e+00 -3.52564520768570934e-03 -1.42171184340687470e-03  1.01587351518860423e-02
8.283186e+00 -3.12944632642045938e-03 -1.17671960580198053e-03  1.03350130356251301e-02
8.296460e+00 -2.73667458008147431e-03 -9.33285677552804830e-04  1.04336391464096307e-02
8.309735e+00 -2.36193726162419381e-03 -6.93136052098755552e-04  1.04625106412581589e-02
8.323009e+00 -2.01769727790736828e-03 -4.56077023313771043e-04  1.04330756248752557e-02
8.336283e+00 -1.71179142626918536e-03 -2.19638636282701657e-04  1.03578866804863966e-02
8.349558e+00 -1.44653234920448688e-03  2.06934688749016900e-05  1.02492571023938793e-02
8.362832e+00 -1.21951918328947373e-03  2.70368458451945457e-04  1.01188124855638665e-02
8.376106e+00 -1.02476277582259044e-03  5.34008853702583114e-04  9.97665587674534220e-03
8.389381e+00 -8.52994623095589379e-04  8.13849710101296727e-04  9.82953090143183321e-03
8.402655e+00 -6.91819382674722623e-04  1.10876795933473782e-03  9.67868063905960238e-03
8.415929e+00 -5.27128252393371365e-04  1.41377745459987593e-03  9.51875582998700127e-03
8.429204e+00 -3.46311997476792866e-04  1.72014664803118739e-03  9.33879753789573254e-03
8.442478e+00 -1.42325428598940820e-04  2.01623469254987725e-03  9.12501571755306405e-03
8.455752e+00  8.37020146006496070e-05  2.28883722351424851e-03  8.86374579249642712e-03
8.469027e+00  3.23309755452195731e-04  2.52509162127032743e-03  8.54324751453545972e-03
8.482301e+00  5.64432294688910663e-04  2.71481208301000082e-03  8.15465593340576785e-03
8.495575e+00  7.95318884453192370e-04  2.85238054793337950e-03  7.69323402237299513e-03
8.508850e+00  1.00660436045249720e-03  2.93749548123314885e-03  7.16030948961173062e-03
8.522124e+00  1.19163012162249653e-03  2.97477674198719753e-03  6.56498970626811455e-03
8.535398e+00  1.34655353789695301e-03  2.97237765943850511e-03  5.92403408666114257e-03
8.548673e+00  1.47148688638420230e-03  2.94011756608416296e-03  5.25895938088528220e-03
8.561947e+00  1.57201921358514677e-03  2.88811484913952627e-03  4.59147512611860886e-03
8.575221e+00  1.65893985928865359e-03  2.82623429896022458e-03  3.93965638752573257e-03
8.588496e+00  1.74497885595841016e-03  2.76375097371257252e-03  3.31632530926605565e-03
8.601770e+00  1.84017043131800835e-03  2.70882193694495666e-03  2.72921312718936090e-03
8.615044e+00  1.94893998108736826e-03  2.66780548232067568e-03  2.18147985627959503e-03
8.628319e+00  2.07049274293013641e-03  2.64456460368969141e-03  1.67158860705915436e-03
8.641593e+00  2.20117540543962684e-03  2.64014989578274621e-03  1.19305004247694099e-03
8.654867e+00  2.33620085313199612e-03  2.65317393949236627e-03  7.35662121883747877e-04
8.668142e+00  2.46950500963161830e-03  2.68043416828011834e-03  2.88806084863694427e-04
8.681416e+00  2.59300749822934020e-03  2.71718485512992746e-03 -1.54866230760485865e-04
8.694690e+00  2.69770388619299971e-03  2.75722655760672229e-03 -5.97705213156507769e-04
8.707965e+00  2.77718818269023044e-03  2.79336185237207251e-03 -1.03825203074341620e-03
8.721239e+00  2.83099037738441302e-03  2.81843950100182580e-03 -1.47418923696212428e-03
8.734513e+00  2.86459472190420464e-03  2.82681388901463238e-03 -1.90453520576024864e-03
8.747788e+00  2.88594460775589215e-03  2.81559020602791758e-03 -2.32934292546671745e-03
8.761062e+00  2.90101323069749022e-03  2.78479914865841687e-03 -2.74778232208163723e-03
8.774336e+00  2.91131045620501763e-03  2.73637266864162204e-03 -3.15704144153270208e-03
8.787611e+00  2.91437651331831081e-03  2.67273847325353144e-03 -3.55317444337836276e-03
8.800885e+00  2.90556247007655883e-03  2.59573861263803296e-03 -3.93266884943801760e-03
8.814159e+00  2.87858471728414788e-03  2.50598555885440640e-03 -4.29271109932602944e-03
8.827434e+00  2.82496744196752709e-03  2.40267709517061378e-03 -4.62944496767621859e-03
8.840708e+00  2.73474016237645499e-03  2.28384701522136441e-03 -4.93568348656643271e-03
8.853982e+00  2.59947819652202837e-03  2.14693917933415175e-03 -5.20060523172641287e-03
8.867257e+00  2.41633140532212251e-03  1.98996661004156991e-03 -5.41260122300388918e-03
8.880531e+00  2.19052080749963752e-03  1.81343572493047520e-03 -5.56356866361459087e-03
8.893805e+00  1.93419606023495527e-03  1.62210982802160684e-03 -5.65155409168169569e-03
8.907080e+00  1.66207189163621624e-03  1.42525148575040257e-03 -5.68035531263599586e-03
8.920354e+00  1.38694145225889184e-03  1.23489184006224688e-03 -5.65737809044366321e-03
8.933628e+00  1.11749804125555580e-03  1.06253335266795110e-03 -5.59183753098166543e-03
8.946903e+00  8.58244931096073158e-04  9.15384674668151847e-04 -5.49424321407495850e-03
8.960177e+00  6.10214105695361300e-04  7.93938941361173908e-04 -5.37639864031056423e-03
8.973451e+00  3.71654980888175876e-04  6.91977011768705780e-04 -5.25015453717281397e-03
8.986726e+00  1.38743192836645262e-04  5.98356625199066754e-04 -5.12441583718969886e-03
9.000000e+00 -9.27014565287774203e-05  4.99636535592993809e-04 -5.00258165601604604e-03
